
# Curve 0 of 1, 287 points
# Curve title: "reported deaths"
# x y xlow xhigh type
-1  17476 -1 -1  i
 83  1  83  83  i
 84  2  84  84  i
 87  1  87  87  i
 88  1  88  88  i
 89  1  89  89  i
 90  1  90  90  i
 91  2  91  91  i
 92  1  92  92  i
 93  2  93  93  i
 94  2  94  94  i
 95  1  95  95  i
 96  1  96  96  i
 97  3  97  97  i
 98  6  98  98  i
 99  2  99  99  i
 100  4  100  100  i
 101  2  101  101  i
 102  3  102  102  i
 103  3  103  103  i
 104  6  104  104  i
 106  1  106  106  i
 107  1  107  107  i
 108  1  108  108  i
 109  2  109  109  i
 111  3  111  111  i
 112  1  112  112  i
 113  1  113  113  i
 114  2  114  114  i
 115  2  115  115  i
 116  1  116  116  i
 117  1  117  117  i
 119  2  119  119  i
 120  2  120  120  i
 121  2  121  121  i
 122  1  122  122  i
 123  1  123  123  i
 124  1  124  124  i
 125  2  125  125  i
 127  1  127  127  i
 128  1  128  128  i
 129  1  129  129  i
 130  3  130  130  i
 131  2  131  131  i
 132  1  132  132  i
 133  2  133  133  i
 134  1  134  134  i
 135  1  135  135  i
 138  3  138  138  i
 140  3  140  140  i
 142  1  142  142  i
 152  1  152  152  i
 153  1  153  153  i
 155  1  155  155  i
 160  1  160  160  i
 165  1  165  165  i
 170  1  170  170  i
 173  1  173  173  i
 175  2  175  175  i
 186  1  186  186  i
 194  1  194  194  i
 195  1  195  195  i
 198  1  198  198  i
 200  1  200  200  i
 202  1  202  202  i
 205  1  205  205  i
 206  1  206  206  i
 215  1  215  215  i
 217  1  217  217  i
 221  1  221  221  i
 227  1  227  227  i
 232  2  232  232  i
 233  2  233  233  i
 236  1  236  236  i
 237  1  237  237  i
 244  1  244  244  i
 246  2  246  246  i
 248  2  248  248  i
 249  2  249  249  i
 250  1  250  250  i
 252  1  252  252  i
 253  2  253  253  i
 254  1  254  254  i
 255  2  255  255  i
 256  1  256  256  i
 258  4  258  258  i
 259  3  259  259  i
 261  4  261  261  i
 262  2  262  262  i
 263  1  263  263  i
 264  5  264  264  i
 265  1  265  265  i
 266  7  266  266  i
 267  1  267  267  i
 268  4  268  268  i
 269  7  269  269  i
 270  4  270  270  i
 271  5  271  271  i
 272  9  272  272  i
 273  4  273  273  i
 274  13  274  274  i
 275  7  275  275  i
 276  3  276  276  i
 277  12  277  277  i
 278  4  278  278  i
 279  18  279  279  i
 280  17  280  280  i
 281  7  281  281  i
 282  20  282  282  i
 283  17  283  283  i
 284  8  284  284  i
 285  22  285  285  i
 286  17  286  286  i
 287  25  287  287  i
 288  26  288  288  i
 289  23  289  289  i
 290  27  290  290  i
 291  24  291  291  i
 292  23  292  292  i
 293  29  293  293  i
 294  39  294  294  i
 295  49  295  295  i
 296  40  296  296  i
 297  42  297  297  i
 298  52  298  298  i
 299  55  299  299  i
 300  63  300  300  i
 301  77  301  301  i
 302  71  302  302  i
 303  97  303  303  i
 304  58  304  304  i
 305  88  305  305  i
 306  75  306  306  i
 307  87  307  307  i
 308  59  308  308  i
 309  68  309  309  i
 310  80  310  310  i
 311  53  311  311  i
 312  71  312  312  i
 313  73  313  313  i
 314  79  314  314  i
 315  58  315  315  i
 316  54  316  316  i
 317  72  317  317  i
 318  64  318  318  i
 319  52  319  319  i
 320  56  320  320  i
 321  41  321  321  i
 322  53  322  322  i
 323  47  323  323  i
 324  38  324  324  i
 325  53  325  325  i
 326  30  326  326  i
 327  40  327  327  i
 328  45  328  328  i
 329  32  329  329  i
 330  48  330  330  i
 331  49  331  331  i
 332  41  332  332  i
 333  27  333  333  i
 334  45  334  334  i
 335  38  335  335  i
 336  40  336  336  i
 337  35  337  337  i
 338  30  338  338  i
 339  49  339  339  i
 340  32  340  340  i
 341  33  341  341  i
 342  35  342  342  i
 343  26  343  343  i
 344  30  344  344  i
 345  29  345  345  i
 346  43  346  346  i
 347  33  347  347  i
 348  36  348  348  i
 349  38  349  349  i
 350  38  350  350  i
 351  39  351  351  i
 352  34  352  352  i
 353  45  353  353  i
 354  32  354  354  i
 355  36  355  355  i
 356  41  356  356  i
 357  37  357  357  i
 358  41  358  358  i
 359  25  359  359  i
 360  47  360  360  i
 361  44  361  361  i
 362  41  362  362  i
 363  42  363  363  i
 364  55  364  364  i
 365  43  365  365  i
 366  43  366  366  i
 367  41  367  367  i
 368  42  368  368  i
 369  50  369  369  i
 370  59  370  370  i
 371  55  371  371  i
 372  59  372  372  i
 373  72  373  373  i
 374  54  374  374  i
 375  59  375  375  i
 376  64  376  376  i
 377  62  377  377  i
 378  61  378  378  i
 379  50  379  379  i
 380  51  380  380  i
 381  54  381  381  i
 382  48  382  382  i
 383  54  383  383  i
 384  60  384  384  i
 385  54  385  385  i
 386  47  386  386  i
 387  48  387  387  i
 388  48  388  388  i
 389  46  389  389  i
 390  43  390  390  i
 391  61  391  391  i
 392  53  392  392  i
 393  51  393  393  i
 394  51  394  394  i
 395  42  395  395  i
 396  39  396  396  i
 397  42  397  397  i
 398  46  398  398  i
 399  47  399  399  i
 400  45  400  400  i
 401  54  401  401  i
 402  45  402  402  i
 403  54  403  403  i
 404  44  404  404  i
 405  51  405  405  i
 406  47  406  406  i
 407  42  407  407  i
 408  53  408  408  i
 409  42  409  409  i
 410  63  410  410  i
 411  49  411  411  i
 412  52  412  412  i
 413  52  413  413  i
 414  58  414  414  i
 415  76  415  415  i
 416  54  416  416  i
 417  53  417  417  i
 418  81  418  418  i
 419  61  419  419  i
 420  64  420  420  i
 421  70  421  421  i
 422  71  422  422  i
 423  72  423  423  i
 424  59  424  424  i
 425  83  425  425  i
 426  89  426  426  i
 427  76  427  427  i
 428  75  428  428  i
 429  72  429  429  i
 430  62  430  430  i
 431  81  431  431  i
 432  93  432  432  i
 433  78  433  433  i
 434  86  434  434  i
 435  91  435  435  i
 436  70  436  436  i
 437  63  437  437  i
 438  100  438  438  i
 439  102  439  439  i
 440  86  440  440  i
 441  68  441  441  i
 442  85  442  442  i
 443  68  443  443  i
 444  67  444  444  i
 445  67  445  445  i
 446  87  446  446  i
 447  76  447  447  i
 448  60  448  448  i
 449  60  449  449  i
 450  68  450  450  i
 451  66  451  451  i
 452  47  452  452  i
 453  69  453  453  i
 454  49  454  454  i
 455  57  455  455  i
 456  62  456  456  i
 457  45  457  457  i
 458  48  458  458  i
 459  49  459  459  i


