
# Curve 0 of 1, 395 points
# Curve title: "predicted deaths"
# x y xlow xhigh type
-1  20706.5 -1 -1  o
 60  6.76706e-05  60  60  i
 64  4.71194e-05  64  64  i
 65  0.000212304  65  65  i
 68  8.11233e-05  68  68  i
 69  0.000335184  69  69  i
 70  0.000594524  70  70  i
 71  0.000827345  71  71  i
 72  0.000409013  72  72  i
 73  0.00160839  73  73  i
 74  0.00284207  74  74  i
 75  0.0015697  75  75  i
 76  0.000831216  76  76  i
 77  0.0024059  77  77  i
 78  0.00557168  78  78  i
 79  0.00282495  79  79  i
 80  0.003093  80  80  i
 81  0.0025787  81  81  i
 82  0.00254311  82  82  i
 83  0.00336682  83  83  i
 84  0.00533427  84  84  i
 85  0.00529713  85  85  i
 86  0.00649315  86  86  i
 87  0.00577527  87  87  i
 88  0.0034527  88  88  i
 89  0.00376576  89  89  i
 90  0.0053834  90  90  i
 91  0.00567656  91  91  i
 92  0.00580538  92  92  i
 93  0.0057185  93  93  i
 94  0.00574261  94  94  i
 95  0.00193512  95  95  i
 96  0.00453576  96  96  i
 97  0.00318765  97  97  i
 98  0.00424631  98  98  i
 99  0.0036837  99  99  i
 100  0.003026  100  100  i
 101  0.00329839  101  101  i
 102  0.00141137  102  102  i
 103  0.00128304  103  103  i
 104  0.00141552  104  104  i
 105  0.00338478  105  105  i
 106  0.0018028  106  106  i
 107  0.00154569  107  107  i
 108  0.00162451  108  108  i
 109  0.00148706  109  109  i
 110  0.00204963  110  110  i
 111  0.00229607  111  111  i
 112  0.00210708  112  112  i
 113  0.0010277  113  113  i
 114  0.000766209  114  114  i
 115  0.000879301  115  115  i
 116  0.000439744  116  116  i
 117  0.000631487  117  117  i
 118  0.00121994  118  118  i
 119  0.000849133  119  119  i
 120  0.000589121  120  120  i
 121  0.00075859  121  121  i
 122  0.000250681  122  122  i
 123  0.000335359  123  123  i
 124  0.00133735  124  124  i
 125  0.00107429  125  125  i
 126  0.00136471  126  126  i
 127  0.00100519  127  127  i
 128  0.000551157  128  128  i
 129  3.19665e-05  129  129  i
 130  0.00105656  130  130  i
 131  0.000482174  131  131  i
 132  0.000552385  132  132  i
 133  0.00109807  133  133  i
 134  0.00125353  134  134  i
 135  0.00184735  135  135  i
 136  0.000534355  136  136  i
 137  0.000607173  137  137  i
 138  0.00164748  138  138  i
 139  0.000661747  139  139  i
 140  0.000939744  140  140  i
 141  0.000659406  141  141  i
 142  0.00127147  142  142  i
 143  0.00136427  143  143  i
 144  0.000856437  144  144  i
 145  0.000751516  145  145  i
 146  0.00135012  146  146  i
 147  0.00050034  147  147  i
 148  0.000933117  148  148  i
 149  0.00144124  149  149  i
 150  0.000634359  150  150  i
 151  0.000287312  151  151  i
 152  0.000587124  152  152  i
 153  0.00172056  153  153  i
 154  0.00152132  154  154  i
 155  0.00118369  155  155  i
 156  0.000308813  156  156  i
 157  0.000567326  157  157  i
 158  0.000591407  158  158  i
 159  0.00103696  159  159  i
 160  0.0010047  160  160  i
 161  0.000605966  161  161  i
 162  0.000909674  162  162  i
 163  0.000841519  163  163  i
 164  0.000763271  164  164  i
 165  0.000412433  165  165  i
 166  0.000276712  166  166  i
 167  0.000446021  167  167  i
 168  0.00078244  168  168  i
 169  0.00208348  169  169  i
 170  0.00212551  170  170  i
 171  0.000709862  171  171  i
 172  0.00104884  172  172  i
 173  0.00146099  173  173  i
 174  0.0013713  174  174  i
 175  0.00199575  175  175  i
 176  0.00135197  176  176  i
 177  0.00262664  177  177  i
 178  0.00245481  178  178  i
 179  0.00341529  179  179  i
 180  0.00137759  180  180  i
 181  0.0017058  181  181  i
 182  0.00136576  182  182  i
 183  0.00223052  183  183  i
 184  0.00279578  184  184  i
 185  0.00299192  185  185  i
 186  0.00164761  186  186  i
 187  0.000960007  187  187  i
 188  0.00140671  188  188  i
 189  0.00210981  189  189  i
 190  0.00166173  190  190  i
 191  0.00271807  191  191  i
 192  0.000900196  192  192  i
 193  0.000999415  193  193  i
 194  0.00120598  194  194  i
 195  0.00267853  195  195  i
 196  0.00243743  196  196  i
 197  0.00281626  197  197  i
 198  0.00222359  198  198  i
 199  0.00299541  199  199  i
 200  0.00288524  200  200  i
 201  0.00353796  201  201  i
 202  0.00593003  202  202  i
 203  0.00674622  203  203  i
 204  0.00510928  204  204  i
 205  0.00843563  205  205  i
 206  0.00446935  206  206  i
 207  0.0029774  207  207  i
 208  0.00485905  208  208  i
 209  0.00829423  209  209  i
 210  0.00876826  210  210  i
 211  0.00868034  211  211  i
 212  0.00744615  212  212  i
 213  0.00325134  213  213  i
 214  0.00230474  214  214  i
 215  0.0058752  215  215  i
 216  0.00796471  216  216  i
 217  0.00921625  217  217  i
 218  0.0083503  218  218  i
 219  0.0104242  219  219  i
 220  0.00549609  220  220  i
 221  0.00336587  221  221  i
 222  0.00698468  222  222  i
 223  0.0115271  223  223  i
 224  0.00841624  224  224  i
 225  0.00968484  225  225  i
 226  0.0076203  226  226  i
 227  0.00458557  227  227  i
 228  0.00255304  228  228  i
 229  0.00458628  229  229  i
 230  0.00680494  230  230  i
 231  0.00895172  231  231  i
 232  0.00949024  232  232  i
 233  0.0136068  233  233  i
 234  0.00717959  234  234  i
 235  0.00321842  235  235  i
 236  0.00894784  236  236  i
 237  0.0108042  237  237  i
 238  0.011934  238  238  i
 239  0.00928277  239  239  i
 240  0.013492  240  240  i
 241  0.00856151  241  241  i
 242  0.00919818  242  242  i
 243  0.00627112  243  243  i
 244  0.0145908  244  244  i
 245  0.017896  245  245  i
 246  0.01739  246  246  i
 247  0.022217  247  247  i
 248  0.0123603  248  248  i
 249  0.0108919  249  249  i
 250  0.0140652  250  250  i
 251  0.0336823  251  251  i
 252  0.0274065  252  252  i
 253  0.0380633  253  253  i
 254  0.0383485  254  254  i
 255  0.0387717  255  255  i
 256  0.0217694  256  256  i
 257  0.0266746  257  257  i
 258  0.0401354  258  258  i
 259  0.0497669  259  259  i
 260  0.0776996  260  260  i
 261  0.052221  261  261  i
 262  0.0489238  262  262  i
 263  0.0219718  263  263  i
 264  0.0296198  264  264  i
 265  0.0525883  265  265  i
 266  0.0491133  266  266  i
 267  0.0592321  267  267  i
 268  0.0658144  268  268  i
 269  0.0425201  269  269  i
 270  0.0302217  270  270  i
 271  0.025314  271  271  i
 272  0.0388399  272  272  i
 273  0.0612646  273  273  i
 274  0.0662508  274  274  i
 275  0.0789311  275  275  i
 276  0.052927  276  276  i
 277  0.0364533  277  277  i
 278  0.055481  278  278  i
 279  0.0900461  279  279  i
 280  0.110122  280  280  i
 281  0.09733  281  281  i
 282  0.169816  282  282  i
 283  0.0963765  283  283  i
 284  0.0589806  284  284  i
 285  0.0738665  285  285  i
 286  0.146997  286  286  i
 287  0.168408  287  287  i
 288  0.177381  288  288  i
 289  0.209238  289  289  i
 290  0.157454  290  290  i
 291  0.0905243  291  291  i
 292  0.134372  292  292  i
 293  0.206338  293  293  i
 294  0.267861  294  294  i
 295  0.247931  295  295  i
 296  0.264698  296  296  i
 297  0.217132  297  297  i
 298  0.124256  298  298  i
 299  0.159444  299  299  i
 300  0.254221  300  300  i
 301  0.20351  301  301  i
 302  0.210534  302  302  i
 303  0.216402  303  303  i
 304  0.183028  304  304  i
 305  0.102252  305  305  i
 306  0.13781  306  306  i
 307  0.189095  307  307  i
 308  0.258592  308  308  i
 309  0.215672  309  309  i
 310  0.189009  310  310  i
 311  0.123743  311  311  i
 312  0.0582039  312  312  i
 313  0.0965724  313  313  i
 314  0.142002  314  314  i
 315  0.135385  315  315  i
 316  0.117695  316  316  i
 317  0.111815  317  317  i
 318  0.0682066  318  318  i
 319  0.0330919  319  319  i
 320  0.0831664  320  320  i
 321  0.067045  321  321  i
 322  0.0910074  322  322  i
 323  0.102351  323  323  i
 324  0.100501  324  324  i
 325  0.054026  325  325  i
 326  0.0248394  326  326  i
 327  0.0609266  327  327  i
 328  0.0928175  328  328  i
 329  0.0794079  329  329  i
 330  0.0608964  330  330  i
 331  0.0721434  331  331  i
 332  0.044694  332  332  i
 333  0.0168694  333  333  i
 334  0.0500222  334  334  i
 335  0.0855496  335  335  i
 336  0.0707231  336  336  i
 337  0.0761141  337  337  i
 338  0.082847  338  338  i
 339  0.0574471  339  339  i
 340  0.0197713  340  340  i
 341  0.0592774  341  341  i
 342  0.0888625  342  342  i
 343  0.109659  343  343  i
 344  0.100442  344  344  i
 345  0.106362  345  345  i
 346  0.0627653  346  346  i
 347  0.0335453  347  347  i
 348  0.0765241  348  348  i
 349  0.135892  349  349  i
 350  0.141583  350  350  i
 351  0.130492  351  351  i
 352  0.149615  352  352  i
 353  0.0963767  353  353  i
 354  0.0576741  354  354  i
 355  0.124307  355  355  i
 356  0.177983  356  356  i
 357  0.24922  357  357  i
 358  0.0745692  358  358  i
 359  0.0452209  359  359  i
 360  0.0504807  360  360  i
 361  0.062686  361  361  i
 362  0.173834  362  362  i
 363  0.272944  363  363  i
 364  0.287893  364  364  i
 365  0.231249  365  365  i
 366  0.0562104  366  366  i
 367  0.0765703  367  367  i
 368  0.111767  368  368  i
 369  0.215179  369  369  i
 370  0.296986  370  370  i
 371  0.313338  371  371  i
 372  0.255631  372  372  i
 373  0.210577  373  373  i
 374  0.146302  374  374  i
 375  0.0737388  375  375  i
 376  0.148373  376  376  i
 377  0.163409  377  377  i
 378  0.164353  378  378  i
 379  0.127773  379  379  i
 380  0.135575  380  380  i
 381  0.081593  381  381  i
 382  0.0382731  382  382  i
 383  0.108576  383  383  i
 384  0.140738  384  384  i
 385  0.123636  385  385  i
 386  0.117116  386  386  i
 387  0.12891  387  387  i
 388  0.0647855  388  388  i
 389  0.0392996  389  389  i
 390  0.105628  390  390  i
 391  0.14824  391  391  i
 392  0.130106  392  392  i
 393  0.121983  393  393  i
 394  0.129541  394  394  i
 395  0.0658637  395  395  i
 396  0.0399702  396  396  i
 397  0.10758  397  397  i
 398  0.13901  398  398  i
 399  0.157878  399  399  i
 400  0.122845  400  400  i
 401  0.131524  401  401  i
 402  0.0773499  402  402  i
 403  0.0389606  403  403  i
 404  0.118718  404  404  i
 405  0.157017  405  405  i
 406  0.151201  406  406  i
 407  0.151568  407  407  i
 408  0.137675  408  408  i
 409  0.0857562  409  409  i
 410  0.0437858  410  410  i
 411  0.134382  411  411  i
 412  0.203696  412  412  i
 413  0.178724  413  413  i
 414  0.187638  414  414  i
 415  0.182247  415  415  i
 416  0.114389  416  416  i
 417  0.0640383  417  417  i
 418  0.182818  418  418  i
 419  0.259024  419  419  i
 420  0.237362  420  420  i
 421  0.246104  421  421  i
 422  0.242434  422  422  i
 423  0.134921  423  423  i
 424  0.084285  424  424  i
 425  0.19508  425  425  i
 426  0.273807  426  426  i
 427  0.254517  427  427  i
 428  0.250123  428  428  i
 429  0.222616  429  429  i
 430  0.160505  430  430  i
 431  0.0705209  431  431  i
 432  0.168912  432  432  i
 433  0.257652  433  433  i
 434  0.24205  434  434  i
 435  0.186597  435  435  i
 436  0.2529  436  436  i
 437  0.123608  437  437  i
 438  0.0569251  438  438  i
 439  0.183003  439  439  i
 440  0.239006  440  440  i
 441  0.210257  441  441  i
 442  0.184533  442  442  i
 443  0.164574  443  443  i
 444  0.0901998  444  444  i
 445  0.0427634  445  445  i
 446  0.14215  446  446  i
 447  0.184137  447  447  i
 448  0.150549  448  448  i
 449  0.1394  449  449  i
 450  0.135302  450  450  i
 451  0.0694431  451  451  i
 452  0.0283542  452  452  i
 453  0.114966  453  453  i
 454  0.150874  454  454  i
 455  0.123982  455  455  i
 456  0.111756  456  456  i
 457  0.0706864  457  457  i


