
# Curve 0 of 1, 396 points
# Curve title: "predicted deaths"
# x y xlow xhigh type
-1  20309.9 -1 -1  o
 60  0.000962055  60  60  i
 64  0.00198427  64  64  i
 65  0.00448547  65  65  i
 66  0.000852707  66  66  i
 67  0.00246708  67  67  i
 68  0.00246708  68  68  i
 69  0.00608329  69  69  i
 70  0.0118818  70  70  i
 71  0.00306969  71  71  i
 72  0.00398403  72  72  i
 73  0.00964725  73  73  i
 74  0.0202264  74  74  i
 75  0.0246093  75  75  i
 76  0.0197197  76  76  i
 77  0.0337329  77  77  i
 78  0.0715593  78  78  i
 79  0.0278912  79  79  i
 80  0.0424955  80  80  i
 81  0.0321674  81  81  i
 82  0.028717  82  82  i
 83  0.0600018  83  83  i
 84  0.0825072  84  84  i
 85  0.052162  85  85  i
 86  0.102053  86  86  i
 87  0.0772054  87  87  i
 88  0.033423  88  88  i
 89  0.0435646  89  89  i
 90  0.0816285  90  90  i
 91  0.069602  91  91  i
 92  0.0762561  92  92  i
 93  0.0972813  93  93  i
 94  0.0739462  94  94  i
 95  0.0215863  95  95  i
 96  0.0594456  96  96  i
 97  0.0512087  97  97  i
 98  0.0901967  98  98  i
 99  0.0540111  99  99  i
 100  0.0453618  100  100  i
 101  0.03178  101  101  i
 102  0.0190568  102  102  i
 103  0.0128831  103  103  i
 104  0.0174596  104  104  i
 105  0.0289826  105  105  i
 106  0.0212664  106  106  i
 107  0.0194383  107  107  i
 108  0.0281702  108  108  i
 109  0.0193363  109  109  i
 110  0.0219388  110  110  i
 111  0.0297073  111  111  i
 112  0.0195805  112  112  i
 113  0.0141174  113  113  i
 114  0.0237659  114  114  i
 115  0.0222572  115  115  i
 116  0.00746254  116  116  i
 117  0.00702683  117  117  i
 118  0.0110741  118  118  i
 119  0.00968098  119  119  i
 120  0.0176055  120  120  i
 121  0.0125807  121  121  i
 122  0.0052762  122  122  i
 123  0.00659189  123  123  i
 124  0.00421863  124  124  i
 125  0.0211342  125  125  i
 126  0.014831  126  126  i
 127  0.017735  127  127  i
 128  0.00760801  128  128  i
 129  0.00122462  129  129  i
 130  0.00306969  130  130  i
 131  0.0130265  131  131  i
 132  0.00998002  132  132  i
 133  0.010003  133  133  i
 134  0.0270929  134  134  i
 135  0.0100116  135  135  i
 136  0.0144733  136  136  i
 137  0.00568364  137  137  i
 138  0.045558  138  138  i
 139  0.0251471  139  139  i
 140  0.0238322  140  140  i
 141  0.00963922  141  141  i
 142  0.0116571  142  142  i
 143  0.020039  143  143  i
 144  0.0317762  144  144  i
 145  0.00990015  145  145  i
 146  0.0179656  146  146  i
 147  0.00440299  147  147  i
 148  0.0150899  148  148  i
 149  0.0128942  149  149  i
 150  0.00704947  150  150  i
 151  0.00914623  151  151  i
 152  0.00668349  152  152  i
 153  0.0147197  153  153  i
 154  0.0122221  154  154  i
 155  0.0162097  155  155  i
 156  0.0100696  156  156  i
 157  0.00736736  157  157  i
 158  0.0208582  158  158  i
 159  0.0233925  159  159  i
 160  0.00871606  160  160  i
 161  0.0243813  161  161  i
 162  0.0196135  162  162  i
 163  0.00919709  163  163  i
 164  0.00960801  164  164  i
 165  0.00966881  165  165  i
 166  0.010247  166  166  i
 167  0.0115234  167  167  i
 168  0.0187324  168  168  i
 169  0.0379982  169  169  i
 170  0.0246167  170  170  i
 171  0.016823  171  171  i
 172  0.0100712  172  172  i
 173  0.0130389  173  173  i
 174  0.0276476  174  174  i
 175  0.0290432  175  175  i
 176  0.0352866  176  176  i
 177  0.0446015  177  177  i
 178  0.0649742  178  178  i
 179  0.0973851  179  179  i
 180  0.0862539  180  180  i
 181  0.0497354  181  181  i
 182  0.0195656  182  182  i
 183  0.0419088  183  183  i
 184  0.0328473  184  184  i
 185  0.0386904  185  185  i
 186  0.0152414  186  186  i
 187  0.0142821  187  187  i
 188  0.0420946  188  188  i
 189  0.0237964  189  189  i
 190  0.0339861  190  190  i
 191  0.019911  191  191  i
 192  0.0137648  192  192  i
 193  0.0126872  193  193  i
 194  0.014434  194  194  i
 195  0.0268996  195  195  i
 196  0.0418942  196  196  i
 197  0.0366036  197  197  i
 198  0.033819  198  198  i
 199  0.0252638  199  199  i
 200  0.0163425  200  200  i
 201  0.0554281  201  201  i
 202  0.059688  202  202  i
 203  0.0356855  203  203  i
 204  0.0479544  204  204  i
 205  0.0485322  205  205  i
 206  0.0191955  206  206  i
 207  0.0205014  207  207  i
 208  0.0500847  208  208  i
 209  0.064606  209  209  i
 210  0.0663657  210  210  i
 211  0.0472691  211  211  i
 212  0.0433041  212  212  i
 213  0.0338991  213  213  i
 214  0.0172117  214  214  i
 215  0.0521813  215  215  i
 216  0.0595336  216  216  i
 217  0.0399024  217  217  i
 218  0.0456953  218  218  i
 219  0.0482135  219  219  i
 220  0.0224097  220  220  i
 221  0.0318169  221  221  i
 222  0.018773  222  222  i
 223  0.0490334  223  223  i
 224  0.076777  224  224  i
 225  0.0726319  225  225  i
 226  0.0542015  226  226  i
 227  0.0437282  227  227  i
 228  0.0178984  228  228  i
 229  0.0381024  229  229  i
 230  0.0592624  230  230  i
 231  0.0769348  231  231  i
 232  0.0342271  232  232  i
 233  0.0980803  233  233  i
 234  0.0422161  234  234  i
 235  0.0200896  235  235  i
 236  0.040377  236  236  i
 237  0.0767517  237  237  i
 238  0.0840219  238  238  i
 239  0.0714146  239  239  i
 240  0.0846205  240  240  i
 241  0.0665165  241  241  i
 242  0.048292  242  242  i
 243  0.0468828  243  243  i
 244  0.120092  244  244  i
 245  0.13476  245  245  i
 246  0.131202  246  246  i
 247  0.172698  247  247  i
 248  0.138554  248  248  i
 249  0.0728377  249  249  i
 250  0.129243  250  250  i
 251  0.253476  251  251  i
 252  0.259254  252  252  i
 253  0.30567  253  253  i
 254  0.300255  254  254  i
 255  0.288658  255  255  i
 256  0.15579  256  256  i
 257  0.225142  257  257  i
 258  0.381587  258  258  i
 259  0.491985  259  259  i
 260  0.608556  260  260  i
 261  0.425236  261  261  i
 262  0.435135  262  262  i
 263  0.193123  263  263  i
 264  0.342026  264  264  i
 265  0.469236  265  265  i
 266  0.50208  266  266  i
 267  0.624364  267  267  i
 268  0.759659  268  268  i
 269  0.489771  269  269  i
 270  0.28463  270  270  i
 271  0.326236  271  271  i
 272  0.53324  272  272  i
 273  0.751818  273  273  i
 274  0.975146  274  274  i
 275  1.00944  275  275  i
 276  0.654468  276  276  i
 277  0.460927  277  277  i
 278  0.782582  278  278  i
 279  1.21541  279  279  i
 280  1.37896  280  280  i
 281  1.50081  281  281  i
 282  2.26272  282  282  i
 283  1.2286  283  283  i
 284  0.779612  284  284  i
 285  1.10149  285  285  i
 286  2.33328  286  286  i
 287  2.73223  287  287  i
 288  2.66192  288  288  i
 289  2.98843  289  289  i
 290  2.33979  290  290  i
 291  1.35015  291  291  i
 292  2.25161  292  292  i
 293  3.51742  293  293  i
 294  4.391  294  294  i
 295  3.88443  295  295  i
 296  4.05551  296  296  i
 297  3.52937  297  297  i
 298  2.03065  298  298  i
 299  2.80887  299  299  i
 300  4.36706  300  300  i
 301  3.45526  301  301  i
 302  3.5186  302  302  i
 303  3.6949  303  303  i
 304  3.06904  304  304  i
 305  1.73603  305  305  i
 306  2.50184  306  306  i
 307  3.23173  307  307  i
 308  4.20935  308  308  i
 309  3.31533  309  309  i
 310  2.74463  310  310  i
 311  1.94444  311  311  i
 312  0.78841  312  312  i
 313  1.52848  313  313  i
 314  2.22613  314  314  i
 315  2.17057  315  315  i
 316  1.87019  316  316  i
 317  1.7007  317  317  i
 318  0.926257  318  318  i
 319  0.47246  319  319  i
 320  1.21848  320  320  i
 321  1.05166  321  321  i
 322  1.35607  322  322  i
 323  1.55546  323  323  i
 324  1.29084  324  324  i
 325  0.722265  325  325  i
 326  0.313486  326  326  i
 327  1.01123  327  327  i
 328  1.42791  328  328  i
 329  1.1254  329  329  i
 330  0.853126  330  330  i
 331  1.06395  331  331  i
 332  0.589819  332  332  i
 333  0.233964  333  333  i
 334  0.757974  334  334  i
 335  1.34951  335  335  i
 336  1.09314  336  336  i
 337  1.14535  337  337  i
 338  1.0635  338  338  i
 339  0.759283  339  339  i
 340  0.232657  340  340  i
 341  0.997993  341  341  i
 342  1.44144  342  342  i
 343  1.52293  343  343  i
 344  1.38957  344  344  i
 345  1.44575  345  345  i
 346  0.787109  346  346  i
 347  0.46595  347  347  i
 348  1.22622  348  348  i
 349  1.92005  349  349  i
 350  2.07833  350  350  i
 351  1.95083  351  351  i
 352  2.05537  352  352  i
 353  1.2907  353  353  i
 354  0.853979  354  354  i
 355  1.95482  355  355  i
 356  2.88874  356  356  i
 357  3.64506  357  357  i
 358  1.14334  358  358  i
 359  0.686919  359  359  i
 360  0.767533  360  360  i
 361  0.97595  361  361  i
 362  2.9037  362  362  i
 363  4.4462  363  363  i
 364  4.35368  364  364  i
 365  3.27779  365  365  i
 366  0.770162  366  366  i
 367  1.16712  367  367  i
 368  1.52824  368  368  i
 369  3.33544  369  369  i
 370  4.26138  370  370  i
 371  4.38899  371  371  i
 372  3.40724  372  372  i
 373  3.15057  373  373  i
 374  1.95957  374  374  i
 375  1.01547  375  375  i
 376  2.23263  376  376  i
 377  2.63104  377  377  i
 378  2.6759  378  378  i
 379  2.02592  379  379  i
 380  2.22035  380  380  i
 381  1.20405  381  381  i
 382  0.570746  382  382  i
 383  1.89371  383  383  i
 384  2.4661  384  384  i
 385  1.95012  385  385  i
 386  1.78384  386  386  i
 387  2.03937  387  387  i
 388  1.04286  388  388  i
 389  0.553811  389  389  i
 390  1.72896  390  390  i
 391  2.33248  391  391  i
 392  2.07681  392  392  i
 393  2.03488  393  393  i
 394  1.92727  394  394  i
 395  0.966399  395  395  i
 396  0.629791  396  396  i
 397  1.72545  397  397  i
 398  2.32437  398  398  i
 399  2.45172  399  399  i
 400  1.92978  400  400  i
 401  2.07996  401  401  i
 402  1.17175  402  402  i
 403  0.566653  403  403  i
 404  2.02145  404  404  i
 405  2.7579  405  405  i
 406  2.39394  406  406  i
 407  2.12507  407  407  i
 408  2.10745  408  408  i
 409  1.27633  409  409  i
 410  0.747  410  410  i
 411  2.27074  411  411  i
 412  3.21368  412  412  i
 413  2.82254  413  413  i
 414  2.98667  414  414  i
 415  2.74421  415  415  i
 416  1.60464  416  416  i
 417  0.933793  417  417  i
 418  2.83219  418  418  i
 419  4.20191  419  419  i
 420  3.49934  420  420  i
 421  3.55538  421  421  i
 422  3.61956  422  422  i
 423  1.90808  423  423  i
 424  1.0649  424  424  i
 425  3.05773  425  425  i
 426  4.18302  426  426  i
 427  3.79099  427  427  i
 428  3.86554  428  428  i
 429  3.176  429  429  i
 430  2.34352  430  430  i
 431  0.951508  431  431  i
 432  2.70224  432  432  i
 433  4.01718  433  433  i
 434  3.67978  434  434  i
 435  2.72384  435  435  i
 436  3.76621  436  436  i
 437  1.70455  437  437  i
 438  0.828789  438  438  i
 439  2.60607  439  439  i
 440  3.55942  440  440  i
 441  2.92272  441  441  i
 442  2.76668  442  442  i
 443  2.34666  443  443  i
 444  1.27771  444  444  i
 445  0.511448  445  445  i
 446  1.96306  446  446  i
 447  2.67447  447  447  i
 448  2.1189  448  448  i
 449  1.86327  449  449  i
 450  1.77414  450  450  i
 451  0.869529  451  451  i
 452  0.338695  452  452  i
 453  1.64668  453  453  i
 454  2.13563  454  454  i
 455  1.62695  455  455  i
 456  1.43805  456  456  i


