
# Curve 0 of 1, 312 points
# Curve title: "daily incidence"
# x y xlow xhigh type
-1  34539 -1 -1  i
 73  2  73  73  i
 74  2  74  74  i
 76  1  76  76  i
 78  2  78  78  i
 79  2  79  79  i
 80  1  80  80  i
 82  5  82  82  i
 83  1  83  83  i
 84  4  84  84  i
 86  1  86  86  i
 88  1  88  88  i
 90  2  90  90  i
 91  5  91  91  i
 92  1  92  92  i
 93  1  93  93  i
 94  1  94  94  i
 95  1  95  95  i
 96  3  96  96  i
 97  1  97  97  i
 98  2  98  98  i
 99  5  99  99  i
 101  3  101  101  i
 104  5  104  104  i
 105  2  105  105  i
 106  2  106  106  i
 108  1  108  108  i
 109  2  109  109  i
 110  2  110  110  i
 111  3  111  111  i
 112  4  112  112  i
 115  4  115  115  i
 116  1  116  116  i
 118  1  118  118  i
 121  1  121  121  i
 122  2  122  122  i
 124  1  124  124  i
 125  2  125  125  i
 128  1  128  128  i
 131  1  131  131  i
 134  1  134  134  i
 138  2  138  138  i
 142  1  142  142  i
 144  1  144  144  i
 154  1  154  154  i
 155  1  155  155  i
 157  2  157  157  i
 164  1  164  164  i
 173  1  173  173  i
 176  1  176  176  i
 202  3  202  202  i
 203  1  203  203  i
 210  3  210  210  i
 212  4  212  212  i
 213  1  213  213  i
 215  2  215  215  i
 216  3  216  216  i
 217  2  217  217  i
 218  1  218  218  i
 222  1  222  222  i
 225  1  225  225  i
 230  2  230  230  i
 231  2  231  231  i
 232  3  232  232  i
 233  3  233  233  i
 234  1  234  234  i
 235  1  235  235  i
 236  1  236  236  i
 239  1  239  239  i
 240  1  240  240  i
 244  1  244  244  i
 245  6  245  245  i
 246  3  246  246  i
 247  11  247  247  i
 248  1  248  248  i
 249  2  249  249  i
 251  16  251  251  i
 252  8  252  252  i
 253  15  253  253  i
 254  2  254  254  i
 255  14  255  255  i
 256  1  256  256  i
 257  3  257  257  i
 258  18  258  258  i
 259  23  259  259  i
 260  10  260  260  i
 261  16  261  261  i
 262  12  262  262  i
 263  14  263  263  i
 264  11  264  264  i
 265  21  265  265  i
 266  19  266  266  i
 267  17  267  267  i
 268  11  268  268  i
 269  3  269  269  i
 271  8  271  271  i
 272  4  272  272  i
 273  14  273  273  i
 274  11  274  274  i
 275  10  275  275  i
 276  8  276  276  i
 277  16  277  277  i
 278  9  278  278  i
 279  12  279  279  i
 280  30  280  280  i
 281  11  281  281  i
 282  20  282  282  i
 283  13  283  283  i
 284  14  284  284  i
 285  18  285  285  i
 286  26  286  286  i
 287  22  287  287  i
 288  29  288  288  i
 289  53  289  289  i
 290  25  290  290  i
 291  38  291  291  i
 292  47  292  292  i
 293  69  293  293  i
 294  60  294  294  i
 295  40  295  295  i
 296  60  296  296  i
 297  68  297  297  i
 298  60  298  298  i
 299  12  299  299  i
 300  58  300  300  i
 301  56  301  301  i
 302  84  302  302  i
 303  45  303  303  i
 304  70  304  304  i
 305  36  305  305  i
 306  9  306  306  i
 307  81  307  307  i
 308  66  308  308  i
 309  63  309  309  i
 310  21  310  310  i
 311  67  311  311  i
 312  4  312  312  i
 313  14  313  313  i
 314  87  314  314  i
 315  13  315  315  i
 316  61  316  316  i
 317  32  317  317  i
 318  17  318  318  i
 320  29  320  320  i
 321  2  321  321  i
 322  24  322  322  i
 323  47  323  323  i
 324  39  324  324  i
 325  23  325  325  i
 326  14  326  326  i
 327  23  327  327  i
 328  4  328  328  i
 329  46  329  329  i
 330  6  330  330  i
 331  36  331  331  i
 332  6  332  332  i
 333  2  333  333  i
 334  6  334  334  i
 335  17  335  335  i
 336  61  336  336  i
 337  19  337  337  i
 338  40  338  338  i
 339  41  339  339  i
 340  5  340  340  i
 341  21  341  341  i
 342  4  342  342  i
 343  44  343  343  i
 344  50  344  344  i
 345  11  345  345  i
 346  22  346  346  i
 347  11  347  347  i
 348  10  348  348  i
 349  34  349  349  i
 350  42  350  350  i
 351  65  351  351  i
 352  40  352  352  i
 353  18  353  353  i
 354  6  354  354  i
 355  64  355  355  i
 356  71  356  356  i
 357  22  357  357  i
 358  52  358  358  i
 359  4  359  359  i
 360  3  360  360  i
 362  55  362  362  i
 363  52  363  363  i
 364  92  364  364  i
 365  97  365  365  i
 366  58  366  366  i
 367  9  367  367  i
 368  4  368  368  i
 369  43  369  369  i
 370  98  370  370  i
 371  117  371  371  i
 372  75  372  372  i
 373  95  373  373  i
 374  122  374  374  i
 375  11  375  375  i
 376  9  376  376  i
 377  82  377  377  i
 378  91  378  378  i
 379  91  379  379  i
 380  49  380  380  i
 381  95  381  381  i
 382  2  382  382  i
 383  13  383  383  i
 384  253  384  384  i
 385  39  385  385  i
 386  112  386  386  i
 387  115  387  387  i
 388  74  388  388  i
 389  35  389  389  i
 390  28  390  390  i
 391  140  391  391  i
 392  129  392  392  i
 393  171  393  393  i
 394  109  394  394  i
 395  115  395  395  i
 396  61  396  396  i
 397  91  397  397  i
 398  155  398  398  i
 399  184  399  399  i
 400  85  400  400  i
 401  160  401  401  i
 402  167  402  402  i
 403  34  403  403  i
 404  29  404  404  i
 405  192  405  405  i
 406  204  406  406  i
 407  121  407  407  i
 408  136  408  408  i
 409  71  409  409  i
 410  7  410  410  i
 411  22  411  411  i
 412  275  412  412  i
 413  208  413  413  i
 414  173  414  414  i
 415  74  415  415  i
 416  130  416  416  i
 417  9  417  417  i
 418  101  418  418  i
 419  281  419  419  i
 420  92  420  420  i
 421  268  421  421  i
 422  144  422  422  i
 423  32  423  423  i
 424  8  424  424  i
 425  130  425  425  i
 426  166  426  426  i
 427  125  427  427  i
 428  99  428  428  i
 429  90  429  429  i
 430  24  430  430  i
 431  5  431  431  i
 432  10  432  432  i
 433  101  433  433  i
 434  154  434  434  i
 435  45  435  435  i
 436  21  436  436  i
 437  53  437  437  i
 438  19  438  438  i
 439  8  439  439  i
 440  65  440  440  i
 441  54  441  441  i
 442  66  442  442  i
 443  25  443  443  i
 444  33  444  444  i
 445  4  445  445  i
 446  12  446  446  i
 447  37  447  447  i
 448  36  448  448  i
 449  8  449  449  i
 450  31  450  450  i
 451  3  451  451  i
 452  1  452  452  i
 453  13  453  453  i
 454  15  454  454  i
 455  36  455  455  i
 456  3  456  456  i
 457  17  457  457  i
 460  9  460  460  i
 461  1  461  461  i
 462  24  462  462  i
 463  19  463  463  i
 464  25  464  464  i
 466  4  466  466  i
 467  18  467  467  i
 468  24  468  468  i
 470  11  470  470  i
 471  14  471  471  i
 473  6  473  473  i
 474  14  474  474  i
 475  3  475  475  i
 476  11  476  476  i
 477  1  477  477  i
 478  9  478  478  i
 479  6  479  479  i
 481  7  481  481  i
 482  2  482  482  i
 483  15  483  483  i
 484  1  484  484  i
 485  6  485  485  i
 486  5  486  486  i
 489  7  489  489  i
 490  8  490  490  i
 491  1  491  491  i
 492  8  492  492  i
 493  5  493  493  i
 495  10  495  495  i
 496  3  496  496  i
 497  6  497  497  i


