
# Curve 0 of 1, 278 points
# Curve title: "daily incidence"
# x y xlow xhigh type
-1  39107 -1 -1  i
 74  2  74  74  i
 76  2  76  76  i
 78  3  78  78  i
 79  2  79  79  i
 83  1  83  83  i
 84  2  84  84  i
 86  1  86  86  i
 87  2  87  87  i
 88  1  88  88  i
 90  1  90  90  i
 93  3  93  93  i
 94  3  94  94  i
 95  1  95  95  i
 96  2  96  96  i
 99  1  99  99  i
 100  1  100  100  i
 101  2  101  101  i
 103  1  103  103  i
 104  2  104  104  i
 108  3  108  108  i
 109  1  109  109  i
 110  3  110  110  i
 111  2  111  111  i
 112  3  112  112  i
 114  1  114  114  i
 119  2  119  119  i
 120  1  120  120  i
 121  1  121  121  i
 123  3  123  123  i
 124  2  124  124  i
 125  3  125  125  i
 130  2  130  130  i
 131  1  131  131  i
 132  1  132  132  i
 133  1  133  133  i
 139  1  139  139  i
 140  1  140  140  i
 142  1  142  142  i
 144  2  144  144  i
 155  1  155  155  i
 209  1  209  209  i
 210  1  210  210  i
 216  1  216  216  i
 218  2  218  218  i
 220  1  220  220  i
 228  2  228  228  i
 231  1  231  231  i
 232  2  232  232  i
 233  1  233  233  i
 239  1  239  239  i
 240  1  240  240  i
 244  2  244  244  i
 245  5  245  245  i
 246  1  246  246  i
 247  3  247  247  i
 250  1  250  250  i
 251  6  251  251  i
 252  4  252  252  i
 254  2  254  254  i
 255  4  255  255  i
 256  1  256  256  i
 258  18  258  258  i
 259  10  259  259  i
 260  6  260  260  i
 261  9  261  261  i
 262  3  262  262  i
 264  6  264  264  i
 265  9  265  265  i
 266  7  266  266  i
 267  6  267  267  i
 268  6  268  268  i
 269  4  269  269  i
 271  6  271  271  i
 272  2  272  272  i
 273  3  273  273  i
 274  9  274  274  i
 275  5  275  275  i
 276  7  276  276  i
 277  4  277  277  i
 278  5  278  278  i
 279  9  279  279  i
 280  20  280  280  i
 281  6  281  281  i
 282  13  282  282  i
 283  4  283  283  i
 284  6  284  284  i
 285  19  285  285  i
 286  22  286  286  i
 287  25  287  287  i
 288  18  288  288  i
 289  46  289  289  i
 290  19  290  290  i
 291  23  291  291  i
 292  29  292  292  i
 293  39  293  293  i
 294  31  294  294  i
 295  43  295  295  i
 296  28  296  296  i
 297  45  297  297  i
 298  41  298  298  i
 299  9  299  299  i
 300  40  300  300  i
 301  30  301  301  i
 302  51  302  302  i
 303  36  303  303  i
 304  42  304  304  i
 305  28  305  305  i
 306  11  306  306  i
 307  47  307  307  i
 308  30  308  308  i
 309  57  309  309  i
 310  16  310  310  i
 311  51  311  311  i
 312  5  312  312  i
 313  7  313  313  i
 314  41  314  314  i
 315  10  315  315  i
 316  38  316  316  i
 317  17  317  317  i
 318  6  318  318  i
 319  1  319  319  i
 320  13  320  320  i
 321  2  321  321  i
 322  7  322  322  i
 323  53  323  323  i
 324  22  324  324  i
 325  13  325  325  i
 326  1  326  326  i
 327  17  327  327  i
 328  2  328  328  i
 329  24  329  329  i
 330  2  330  330  i
 331  18  331  331  i
 332  5  332  332  i
 333  1  333  333  i
 334  5  334  334  i
 335  10  335  335  i
 336  46  336  336  i
 337  15  337  337  i
 338  16  338  338  i
 339  13  339  339  i
 341  23  341  341  i
 342  2  342  342  i
 343  25  343  343  i
 344  27  344  344  i
 345  7  345  345  i
 346  25  346  346  i
 347  8  347  347  i
 348  6  348  348  i
 349  14  349  349  i
 350  29  350  350  i
 351  34  351  351  i
 352  39  352  352  i
 353  10  353  353  i
 354  6  354  354  i
 355  27  355  355  i
 356  49  356  356  i
 357  12  357  357  i
 358  33  358  358  i
 359  2  359  359  i
 360  1  360  360  i
 361  3  361  361  i
 362  32  362  362  i
 363  29  363  363  i
 364  67  364  364  i
 365  60  365  365  i
 366  36  366  366  i
 367  9  367  367  i
 368  2  368  368  i
 369  22  369  369  i
 370  55  370  370  i
 371  79  371  371  i
 372  57  372  372  i
 373  45  373  373  i
 374  58  374  374  i
 375  4  375  375  i
 376  10  376  376  i
 377  45  377  377  i
 378  58  378  378  i
 379  51  379  379  i
 380  35  380  380  i
 381  47  381  381  i
 382  1  382  382  i
 383  21  383  383  i
 384  112  384  384  i
 385  14  385  385  i
 386  59  386  386  i
 387  64  387  387  i
 388  42  388  388  i
 389  19  389  389  i
 390  29  390  390  i
 391  82  391  391  i
 392  101  392  392  i
 393  143  393  393  i
 394  59  394  394  i
 395  44  395  395  i
 396  37  396  396  i
 397  54  397  397  i
 398  95  398  398  i
 399  171  399  399  i
 400  51  400  400  i
 401  77  401  401  i
 402  74  402  402  i
 403  17  403  403  i
 404  33  404  404  i
 405  109  405  405  i
 406  88  406  406  i
 407  64  407  407  i
 408  91  408  408  i
 409  32  409  409  i
 410  5  410  410  i
 411  29  411  411  i
 412  124  412  412  i
 413  86  413  413  i
 414  87  414  414  i
 415  42  415  415  i
 416  61  416  416  i
 417  8  417  417  i
 418  57  418  418  i
 419  115  419  419  i
 420  37  420  420  i
 421  135  421  421  i
 422  68  422  422  i
 423  18  423  423  i
 424  12  424  424  i
 425  59  425  425  i
 426  76  426  426  i
 427  66  427  427  i
 428  45  428  428  i
 429  30  429  429  i
 430  24  430  430  i
 431  9  431  431  i
 432  4  432  432  i
 433  41  433  433  i
 434  66  434  434  i
 435  33  435  435  i
 436  16  436  436  i
 437  30  437  437  i
 438  16  438  438  i
 439  5  439  439  i
 440  29  440  440  i
 441  32  441  441  i
 442  40  442  442  i
 443  14  443  443  i
 444  15  444  444  i
 446  7  446  446  i
 447  16  447  447  i
 448  29  448  448  i
 449  5  449  449  i
 450  7  450  450  i
 451  5  451  451  i
 452  1  452  452  i
 453  8  453  453  i
 454  13  454  454  i
 455  22  455  455  i
 457  12  457  457  i
 458  1  458  458  i
 460  4  460  460  i
 461  3  461  461  i
 462  13  462  462  i
 463  6  463  463  i
 464  7  464  464  i
 465  3  465  465  i
 467  5  467  467  i
 468  10  468  468  i
 469  4  469  469  i
 470  6  470  470  i
 471  7  471  471  i
 473  1  473  473  i
 474  5  474  474  i
 475  1  475  475  i
 476  7  476  476  i
 477  1  477  477  i
 478  4  478  478  i
 479  3  479  479  i
 481  1  481  481  i


