
# Curve 0 of 1, 268 points
# Curve title: "CFR predicted deaths"
# x y xlow xhigh type
-1  858.629 -1 -1  i
 81  0.0007013  81  81  i
 83  0.00065431  83  83  i
 85  0.00135914  85  85  i
 86  0.000543025  86  86  i
 90  0.000255153  90  90  i
 91  0.00118749  91  91  i
 93  0.000593745  93  93  i
 94  0.000814132  94  94  i
 95  0.000200447  95  95  i
 97  0.00052626  97  97  i
 100  0.00103502  100  100  i
 101  0.00142663  101  101  i
 102  0.000466445  102  102  i
 103  0.000814132  103  103  i
 106  0.000287872  106  106  i
 107  0.000413428  107  107  i
 108  0.000819897  108  108  i
 110  0.00052626  110  110  i
 111  0.000426599  111  111  i
 115  0.00102034  115  115  i
 116  0.000324788  116  116  i
 117  0.00165393  117  117  i
 118  0.000814132  118  118  i
 119  0.000954764  119  119  i
 121  0.000287872  121  121  i
 126  0.000879873  126  126  i
 127  0.000255153  127  127  i
 128  0.000366438  128  128  i
 130  0.00171375  130  130  i
 131  0.000932889  131  131  i
 132  0.001063  132  132  i
 137  0.000592589  137  137  i
 138  0.000366438  138  138  i
 139  0.000324788  139  139  i
 140  0.000466445  140  140  i
 146  0.000255153  146  146  i
 147  0.000466445  147  147  i
 149  0.00052626  149  149  i
 151  0.00048832  151  151  i
 162  0.000255153  162  162  i
 216  0.000366438  216  216  i
 217  0.000366438  217  217  i
 223  0.000255153  223  223  i
 225  0.0007013  225  225  i
 227  0.000200447  227  227  i
 235  0.000832882  235  235  i
 238  0.00052626  238  238  i
 239  0.000752411  239  239  i
 240  0.000593745  240  240  i
 246  0.000593745  246  246  i
 247  0.000466445  247  247  i
 251  0.000794192  251  251  i
 252  0.00188744  252  252  i
 253  0.00052626  253  253  i
 254  0.00114785  254  254  i
 257  0.000226152  257  257  i
 258  0.00205043  258  258  i
 259  0.00162876  259  259  i
 261  0.000892697  261  261  i
 262  0.00178859  262  262  i
 263  0.000466445  263  263  i
 265  0.00674017  265  265  i
 266  0.00379119  266  266  i
 267  0.00229659  267  267  i
 268  0.00367461  268  268  i
 269  0.00144479  269  269  i
 271  0.00182805  271  271  i
 272  0.00356342  272  272  i
 273  0.00258891  273  273  i
 274  0.00272595  274  274  i
 275  0.00237653  275  275  i
 276  0.00123425  276  276  i
 278  0.00254884  278  278  i
 279  0.0004556  279  279  i
 280  0.00124806  280  280  i
 281  0.00342587  281  281  i
 282  0.00177635  282  282  i
 283  0.00226765  283  283  i
 284  0.0012755  284  284  i
 285  0.00133606  285  285  i
 286  0.00336866  286  286  i
 287  0.0076485  287  287  i
 288  0.00192339  288  288  i
 289  0.00516742  289  289  i
 290  0.00165449  290  290  i
 291  0.00182067  291  291  i
 292  0.00720383  292  292  i
 293  0.00762169  293  293  i
 294  0.010447  294  294  i
 295  0.00562445  295  295  i
 296  0.0182311  296  296  i
 297  0.00778982  297  297  i
 298  0.00790763  298  298  i
 299  0.0103335  299  299  i
 300  0.0147599  300  300  i
 301  0.0109287  301  301  i
 302  0.0152356  302  302  i
 303  0.00958371  303  303  i
 304  0.0153917  304  304  i
 305  0.0161435  305  305  i
 306  0.00377838  306  306  i
 307  0.0162243  307  307  i
 308  0.0113574  308  308  i
 309  0.0200351  309  309  i
 310  0.0133615  310  310  i
 311  0.0146503  311  311  i
 312  0.0113151  312  312  i
 313  0.00365143  313  313  i
 314  0.0165206  314  314  i
 315  0.0103198  315  315  i
 316  0.0211611  316  316  i
 317  0.00557016  317  317  i
 318  0.0179955  318  318  i
 319  0.0014894  319  319  i
 320  0.00249455  320  320  i
 321  0.0156156  321  321  i
 322  0.00329245  322  322  i
 323  0.0132411  323  323  i
 324  0.00588919  324  324  i
 325  0.00182379  325  325  i
 326  0.000366438  326  326  i
 327  0.00406877  327  327  i
 328  0.000668581  328  328  i
 329  0.0030204  329  329  i
 330  0.0191775  330  330  i
 331  0.00876112  331  331  i
 332  0.00516958  332  332  i
 333  0.000200447  333  333  i
 334  0.00650179  334  334  i
 335  0.000738216  335  335  i
 336  0.00818196  336  336  i
 337  0.000592589  337  337  i
 338  0.00666872  338  338  i
 339  0.00204746  339  339  i
 340  0.000255153  340  340  i
 341  0.00194747  341  341  i
 342  0.00312966  342  342  i
 343  0.0178853  343  343  i
 344  0.0048504  344  344  i
 345  0.0059903  345  345  i
 346  0.00414532  346  346  i
 348  0.00937763  348  348  i
 349  0.00055094  349  349  i
 350  0.00928017  350  350  i
 351  0.0106698  351  351  i
 352  0.00181263  352  352  i
 353  0.00963059  353  353  i
 354  0.003249  354  354  i
 355  0.00248994  355  355  i
 356  0.00618544  356  356  i
 357  0.0101273  357  357  i
 358  0.0124747  358  358  i
 359  0.0147542  359  359  i
 360  0.00460259  360  360  i
 361  0.00203737  361  361  i
 362  0.0110097  362  362  i
 363  0.0185525  363  363  i
 364  0.00514754  364  364  i
 365  0.0122578  365  365  i
 366  0.000881617  366  366  i
 367  0.000255153  367  367  i
 368  0.000909463  368  368  i
 369  0.0122499  369  369  i
 370  0.0105813  370  370  i
 371  0.0253519  371  371  i
 372  0.0216573  372  372  i
 373  0.0126502  373  373  i
 374  0.00325059  374  374  i
 375  0.000566885  375  375  i
 376  0.00841866  376  376  i
 377  0.0204781  377  377  i
 378  0.0301705  378  378  i
 379  0.0212774  379  379  i
 380  0.0147272  380  380  i
 381  0.0208735  381  381  i
 382  0.00166148  382  382  i
 383  0.00334058  383  383  i
 384  0.0158916  384  384  i
 385  0.02134  385  385  i
 386  0.0199669  386  386  i
 387  0.0127021  387  387  i
 388  0.0162067  388  388  i
 389  0.000226152  389  389  i
 390  0.00782461  390  390  i
 391  0.0415653  391  391  i
 392  0.00488691  392  392  i
 393  0.020965  393  393  i
 394  0.0249297  394  394  i
 395  0.0155706  395  395  i
 396  0.00814482  396  396  i
 397  0.0105306  397  397  i
 398  0.0294719  398  398  i
 399  0.0395638  399  399  i
 400  0.0528912  400  400  i
 401  0.0224581  401  401  i
 402  0.0151343  402  402  i
 403  0.0166502  403  403  i
 404  0.0215893  404  404  i
 405  0.0364044  405  405  i
 406  0.063619  406  406  i
 407  0.018751  407  407  i
 408  0.0280882  408  408  i
 409  0.0283487  409  409  i
 410  0.00702898  410  410  i
 411  0.0118487  411  411  i
 412  0.0402082  412  412  i
 413  0.0348374  413  413  i
 414  0.0236567  414  414  i
 415  0.0316714  415  415  i
 416  0.0113892  416  416  i
 417  0.00258595  417  417  i
 418  0.0103353  418  418  i
 419  0.0429528  419  419  i
 420  0.0320135  420  420  i
 421  0.0336133  421  421  i
 422  0.0162923  422  422  i
 423  0.0219266  423  423  i
 424  0.00274024  424  424  i
 425  0.0229532  425  425  i
 426  0.0425432  426  426  i
 427  0.0131176  427  427  i
 428  0.0512986  428  428  i
 429  0.0262982  429  429  i
 430  0.00684726  430  430  i
 431  0.00495639  431  431  i
 432  0.0231653  432  432  i
 433  0.0270296  433  433  i
 434  0.0238125  434  434  i
 435  0.0157974  435  435  i
 436  0.0103666  436  436  i
 437  0.00888362  437  437  i
 438  0.00311018  438  438  i
 439  0.0016984  439  439  i
 440  0.016533  440  440  i
 441  0.0245839  441  441  i
 442  0.0119624  442  442  i
 443  0.00658507  443  443  i
 444  0.0101689  444  444  i
 445  0.00583982  445  445  i
 446  0.0015286  446  446  i
 447  0.0107582  447  447  i
 448  0.011519  448  448  i
 449  0.0156405  449  449  i
 450  0.00526698  450  450  i
 451  0.00531417  451  451  i
 453  0.00239679  453  453  i
 454  0.00593545  454  454  i
 455  0.0109711  455  455  i
 456  0.00176173  456  456  i
 457  0.00276088  457  457  i
 458  0.00132133  458  458  i
 459  0.000366438  459  459  i
 460  0.00290053  460  460  i
 461  0.00488383  461  461  i
 462  0.00799771  462  462  i
 464  0.00458819  464  464  i
 465  0.000226152  465  465  i
 467  0.00135561  467  467  i
 468  0.00126233  468  468  i
 469  0.0045419  469  469  i
 470  0.00147479  470  470  i
 471  0.0022513  471  471  i
 472  0.000979098  472  472  i
 474  0.0018733  474  474  i
 475  0.00429004  475  475  i
 476  0.00134675  476  476  i


