
# Curve 0 of 1, 276 points
# Curve title: "daily incidence"
# x y xlow xhigh type
-1  36342 -1 -1  i
 73  4  73  73  i
 74  1  74  74  i
 78  2  78  78  i
 79  2  79  79  i
 82  1  82  82  i
 83  2  83  83  i
 84  3  84  84  i
 86  3  86  86  i
 87  5  87  87  i
 89  2  89  89  i
 90  1  90  90  i
 91  1  91  91  i
 92  5  92  92  i
 93  6  93  93  i
 94  7  94  94  i
 97  1  97  97  i
 98  1  98  98  i
 99  1  99  99  i
 101  2  101  101  i
 104  1  104  104  i
 107  1  107  107  i
 108  3  108  108  i
 109  1  109  109  i
 110  2  110  110  i
 111  2  111  111  i
 112  1  112  112  i
 113  1  113  113  i
 115  4  115  115  i
 116  1  116  116  i
 118  1  118  118  i
 121  1  121  121  i
 122  1  122  122  i
 123  1  123  123  i
 125  6  125  125  i
 126  1  126  126  i
 127  1  127  127  i
 128  1  128  128  i
 138  1  138  138  i
 140  2  140  140  i
 143  1  143  143  i
 154  1  154  154  i
 155  2  155  155  i
 162  1  162  162  i
 211  1  211  211  i
 215  2  215  215  i
 221  1  221  221  i
 231  1  231  231  i
 233  3  233  233  i
 238  5  238  238  i
 240  3  240  240  i
 241  1  241  241  i
 244  3  244  244  i
 245  5  245  245  i
 246  3  246  246  i
 247  1  247  247  i
 248  2  248  248  i
 250  2  250  250  i
 251  20  251  251  i
 252  9  252  252  i
 253  4  253  253  i
 254  3  254  254  i
 255  6  255  255  i
 256  1  256  256  i
 257  3  257  257  i
 258  26  258  258  i
 259  17  259  259  i
 260  6  260  260  i
 261  13  261  261  i
 262  10  262  262  i
 263  7  263  263  i
 264  10  264  264  i
 265  9  265  265  i
 266  21  266  266  i
 267  11  267  267  i
 268  12  268  268  i
 269  5  269  269  i
 271  9  271  271  i
 272  5  272  272  i
 273  17  273  273  i
 274  14  274  274  i
 275  14  275  275  i
 276  6  276  276  i
 277  9  277  277  i
 278  10  278  278  i
 279  18  279  279  i
 280  24  280  280  i
 281  16  281  281  i
 282  15  282  282  i
 283  6  283  283  i
 284  13  284  284  i
 285  18  285  285  i
 286  36  286  286  i
 287  23  287  287  i
 288  38  288  288  i
 289  56  289  289  i
 290  30  290  290  i
 291  36  291  291  i
 292  46  292  292  i
 293  61  293  293  i
 294  57  294  294  i
 295  44  295  295  i
 296  52  296  296  i
 297  82  297  297  i
 298  65  298  298  i
 299  23  299  299  i
 300  62  300  300  i
 301  45  301  301  i
 302  67  302  302  i
 303  49  303  303  i
 304  77  304  304  i
 305  55  305  305  i
 306  17  306  306  i
 307  78  307  307  i
 308  54  308  308  i
 309  52  309  309  i
 310  18  310  310  i
 311  67  311  311  i
 312  7  312  312  i
 313  8  313  313  i
 314  64  314  314  i
 315  14  315  315  i
 316  54  316  316  i
 317  23  317  317  i
 318  12  318  318  i
 319  2  319  319  i
 320  24  320  320  i
 321  1  321  321  i
 322  17  322  322  i
 323  61  323  323  i
 324  42  324  324  i
 325  22  325  325  i
 326  8  326  326  i
 327  38  327  327  i
 328  3  328  328  i
 329  37  329  329  i
 330  2  330  330  i
 331  27  331  331  i
 332  9  332  332  i
 334  4  334  334  i
 335  13  335  335  i
 336  42  336  336  i
 337  19  337  337  i
 338  23  338  338  i
 339  16  339  339  i
 341  17  341  341  i
 342  2  342  342  i
 343  24  343  343  i
 344  27  344  344  i
 345  7  345  345  i
 346  18  346  346  i
 347  11  347  347  i
 348  7  348  348  i
 349  22  349  349  i
 350  38  350  350  i
 351  66  351  351  i
 352  38  352  352  i
 353  12  353  353  i
 354  2  354  354  i
 355  44  355  355  i
 356  71  356  356  i
 357  18  357  357  i
 358  52  358  358  i
 359  2  359  359  i
 360  2  360  360  i
 361  5  361  361  i
 362  62  362  362  i
 363  54  363  363  i
 364  119  364  364  i
 365  63  365  365  i
 366  52  366  366  i
 367  9  367  367  i
 368  10  368  368  i
 369  41  369  369  i
 370  77  370  370  i
 371  135  371  371  i
 372  61  372  372  i
 373  74  373  373  i
 374  92  374  374  i
 375  4  375  375  i
 376  14  376  376  i
 377  50  377  377  i
 378  84  378  378  i
 379  67  379  379  i
 380  65  380  380  i
 381  71  381  381  i
 382  3  382  382  i
 383  26  383  383  i
 384  161  384  384  i
 385  26  385  385  i
 386  103  386  386  i
 387  112  387  387  i
 388  59  388  388  i
 389  21  389  389  i
 390  31  390  390  i
 391  99  391  391  i
 392  115  392  392  i
 393  181  393  393  i
 394  95  394  394  i
 395  79  395  395  i
 396  60  396  396  i
 397  53  397  397  i
 398  102  398  398  i
 399  184  399  399  i
 400  63  400  400  i
 401  116  401  401  i
 402  115  402  402  i
 403  29  403  403  i
 404  32  404  404  i
 405  157  405  405  i
 406  147  406  406  i
 407  86  407  407  i
 408  124  408  408  i
 409  40  409  409  i
 410  12  410  410  i
 411  48  411  411  i
 412  180  412  412  i
 413  127  413  413  i
 414  147  414  414  i
 415  55  415  415  i
 416  70  416  416  i
 417  6  417  417  i
 418  84  418  418  i
 419  191  419  419  i
 420  67  420  420  i
 421  190  421  421  i
 422  90  422  422  i
 423  30  423  423  i
 424  12  424  424  i
 425  79  425  425  i
 426  84  426  426  i
 427  93  427  427  i
 428  55  428  428  i
 429  57  429  429  i
 430  25  430  430  i
 431  2  431  431  i
 432  16  432  432  i
 433  58  433  433  i
 434  108  434  434  i
 435  44  435  435  i
 436  13  436  436  i
 437  37  437  437  i
 438  20  438  438  i
 439  10  439  439  i
 440  44  440  440  i
 441  45  441  441  i
 442  38  442  442  i
 443  14  443  443  i
 444  23  444  444  i
 445  4  445  445  i
 446  12  446  446  i
 447  14  447  447  i
 448  21  448  448  i
 449  7  449  449  i
 450  19  450  450  i
 451  4  451  451  i
 452  5  452  452  i
 453  7  453  453  i
 454  21  454  454  i
 455  19  455  455  i
 456  3  456  456  i
 457  17  457  457  i
 458  1  458  458  i
 459  1  459  459  i
 460  4  460  460  i
 462  16  462  462  i
 463  9  463  463  i
 464  12  464  464  i
 466  2  466  466  i
 467  10  467  467  i
 468  12  468  468  i
 470  6  470  470  i
 471  3  471  471  i
 472  3  472  472  i
 473  2  473  473  i


