
# Curve 0 of 1, 278 points
# Curve title: "daily incidence"
# x y xlow xhigh type
-1  37833 -1 -1  i
 76  1  76  76  i
 77  1  77  77  i
 78  3  78  78  i
 79  3  79  79  i
 80  1  80  80  i
 81  1  81  81  i
 83  1  83  83  i
 84  1  84  84  i
 86  2  86  86  i
 87  3  87  87  i
 89  1  89  89  i
 92  1  92  92  i
 93  2  93  93  i
 96  2  96  96  i
 99  2  99  99  i
 104  2  104  104  i
 106  1  106  106  i
 108  1  108  108  i
 109  1  109  109  i
 110  1  110  110  i
 111  1  111  111  i
 112  1  112  112  i
 114  2  114  114  i
 115  3  115  115  i
 116  4  116  116  i
 121  2  121  121  i
 122  1  122  122  i
 125  4  125  125  i
 127  3  127  127  i
 128  1  128  128  i
 129  1  129  129  i
 130  1  130  130  i
 131  2  131  131  i
 134  1  134  134  i
 144  1  144  144  i
 153  1  153  153  i
 155  2  155  155  i
 156  1  156  156  i
 157  1  157  157  i
 213  1  213  213  i
 223  1  223  223  i
 232  1  232  232  i
 236  1  236  236  i
 238  1  238  238  i
 239  3  239  239  i
 240  2  240  240  i
 244  3  244  244  i
 245  3  245  245  i
 246  1  246  246  i
 247  1  247  247  i
 248  2  248  248  i
 251  5  251  251  i
 252  7  252  252  i
 253  5  253  253  i
 254  5  254  254  i
 255  4  255  255  i
 256  1  256  256  i
 257  4  257  257  i
 258  14  258  258  i
 259  11  259  259  i
 260  8  260  260  i
 261  12  261  261  i
 262  6  262  262  i
 263  5  263  263  i
 264  4  264  264  i
 265  5  265  265  i
 266  9  266  266  i
 267  9  267  267  i
 268  3  268  268  i
 269  6  269  269  i
 270  2  270  270  i
 271  7  271  271  i
 272  5  272  272  i
 273  13  273  273  i
 274  6  274  274  i
 275  9  275  275  i
 276  6  276  276  i
 277  5  277  277  i
 278  12  278  278  i
 279  14  279  279  i
 280  25  280  280  i
 281  8  281  281  i
 282  17  282  282  i
 283  6  283  283  i
 284  8  284  284  i
 285  11  285  285  i
 286  22  286  286  i
 287  21  287  287  i
 288  27  288  288  i
 289  41  289  289  i
 290  22  290  290  i
 291  22  291  291  i
 292  53  292  292  i
 293  57  293  293  i
 294  38  294  294  i
 295  36  295  295  i
 296  41  296  296  i
 297  59  297  297  i
 298  63  298  298  i
 299  9  299  299  i
 300  41  300  300  i
 301  45  301  301  i
 302  58  302  302  i
 303  32  303  303  i
 304  76  304  304  i
 305  31  305  305  i
 306  11  306  306  i
 307  73  307  307  i
 308  56  308  308  i
 309  61  309  309  i
 310  18  310  310  i
 311  77  311  311  i
 312  3  312  312  i
 313  4  313  313  i
 314  48  314  314  i
 315  12  315  315  i
 316  32  316  316  i
 317  29  317  317  i
 318  8  318  318  i
 319  3  319  319  i
 320  30  320  320  i
 321  4  321  321  i
 322  13  322  322  i
 323  31  323  323  i
 324  18  324  324  i
 325  17  325  325  i
 326  8  326  326  i
 327  28  327  327  i
 328  4  328  328  i
 329  31  329  329  i
 330  4  330  330  i
 331  25  331  331  i
 332  6  332  332  i
 333  1  333  333  i
 334  4  334  334  i
 335  10  335  335  i
 336  28  336  336  i
 337  13  337  337  i
 338  13  338  338  i
 339  19  339  339  i
 340  2  340  340  i
 341  26  341  341  i
 342  3  342  342  i
 343  25  343  343  i
 344  39  344  344  i
 345  7  345  345  i
 346  14  346  346  i
 347  10  347  347  i
 348  6  348  348  i
 349  17  349  349  i
 350  40  350  350  i
 351  39  351  351  i
 352  47  352  352  i
 353  19  353  353  i
 354  5  354  354  i
 355  34  355  355  i
 356  39  356  356  i
 357  18  357  357  i
 358  31  358  358  i
 359  5  359  359  i
 360  1  360  360  i
 361  1  361  361  i
 362  48  362  362  i
 363  36  363  363  i
 364  82  364  364  i
 365  68  365  365  i
 366  35  366  366  i
 367  13  367  367  i
 368  7  368  368  i
 369  32  369  369  i
 370  60  370  370  i
 371  89  371  371  i
 372  85  372  372  i
 373  73  373  373  i
 374  71  374  374  i
 375  8  375  375  i
 376  22  376  376  i
 377  56  377  377  i
 378  69  378  378  i
 379  72  379  379  i
 380  53  380  380  i
 381  64  381  381  i
 383  22  383  383  i
 384  113  384  384  i
 385  29  385  385  i
 386  72  386  386  i
 387  78  387  387  i
 388  63  388  388  i
 389  22  389  389  i
 390  34  390  390  i
 391  70  391  391  i
 392  94  392  392  i
 393  139  393  393  i
 394  82  394  394  i
 395  70  395  395  i
 396  48  396  396  i
 397  70  397  397  i
 398  77  398  398  i
 399  169  399  399  i
 400  62  400  400  i
 401  103  401  401  i
 402  100  402  402  i
 403  28  403  403  i
 404  22  404  404  i
 405  143  405  405  i
 406  108  406  406  i
 407  72  407  407  i
 408  124  408  408  i
 409  34  409  409  i
 410  5  410  410  i
 411  31  411  411  i
 412  153  412  412  i
 413  111  413  413  i
 414  118  414  414  i
 415  62  415  415  i
 416  53  416  416  i
 417  7  417  417  i
 418  63  418  418  i
 419  135  419  419  i
 420  52  420  420  i
 421  162  421  421  i
 422  99  422  422  i
 423  32  423  423  i
 424  9  424  424  i
 425  77  425  425  i
 426  69  426  426  i
 427  93  427  427  i
 428  57  428  428  i
 429  58  429  429  i
 430  17  430  430  i
 431  5  431  431  i
 432  15  432  432  i
 433  72  433  433  i
 434  97  434  434  i
 435  43  435  435  i
 436  12  436  436  i
 437  35  437  437  i
 438  19  438  438  i
 439  8  439  439  i
 440  42  440  440  i
 441  38  441  441  i
 442  38  442  442  i
 443  7  443  443  i
 444  23  444  444  i
 445  5  445  445  i
 446  4  446  446  i
 447  14  447  447  i
 448  25  448  448  i
 449  4  449  449  i
 450  19  450  450  i
 451  5  451  451  i
 452  1  452  452  i
 453  4  453  453  i
 454  15  454  454  i
 455  16  455  455  i
 456  3  456  456  i
 457  16  457  457  i
 459  1  459  459  i
 460  6  460  460  i
 461  1  461  461  i
 462  11  462  462  i
 463  8  463  463  i
 464  7  464  464  i
 465  1  465  465  i
 466  1  466  466  i
 467  7  467  467  i
 468  6  468  468  i
 469  3  469  469  i
 470  1  470  470  i
 471  4  471  471  i
 473  1  473  473  i
 474  7  474  474  i
 475  1  475  475  i
 476  9  476  476  i
 478  3  478  478  i
 479  3  479  479  i


