
# Curve 0 of 1, 270 points
# Curve title: "CFR predicted deaths"
# x y xlow xhigh type
-1  745.699 -1 -1  i
 80  0.0218837  80  80  i
 88  0.0278561  88  88  i
 90  0.0433378  90  90  i
 93  0.0371214  93  93  i
 94  0.0246899  94  94  i
 95  0.0354585  95  95  i
 97  0.0354585  97  97  i
 98  0.0314282  98  98  i
 99  0.0119707  99  99  i
 100  0.0152377  100  100  i
 101  0.0278561  101  101  i
 103  0.0660623  103  103  i
 104  0.0557122  104  104  i
 106  0.0450478  106  106  i
 109  0.0171917  109  109  i
 110  0.0278561  110  110  i
 111  0.0119707  111  111  i
 113  0.0171917  113  113  i
 115  0.0246899  115  115  i
 116  0.0193963  116  116  i
 118  0.0218837  118  118  i
 119  0.085649  119  119  i
 121  0.0654042  121  121  i
 122  0.0707789  122  122  i
 123  0.0955379  123  123  i
 124  0.0119707  124  124  i
 125  0.0135058  125  125  i
 127  0.0354585  127  127  i
 128  0.0218837  128  128  i
 130  0.0314282  130  130  i
 132  0.104771  132  132  i
 133  0.0171917  133  133  i
 135  0.0135058  135  135  i
 142  0.0193963  142  142  i
 147  0.0152377  147  147  i
 154  0.0119707  154  154  i
 164  0.0354585  164  164  i
 166  0.0278561  166  166  i
 225  0.0119707  225  225  i
 240  0.0306975  240  240  i
 245  0.0278561  245  245  i
 246  0.0314282  246  246  i
 247  0.0218837  247  247  i
 248  0.0218837  248  248  i
 252  0.0767385  252  252  i
 253  0.0881416  253  253  i
 254  0.0193963  254  254  i
 258  0.145333  258  258  i
 259  0.087946  259  259  i
 260  0.117711  260  260  i
 261  0.0727901  261  261  i
 262  0.111821  262  262  i
 263  0.0152377  263  263  i
 264  0.052546  264  264  i
 265  0.13613  265  265  i
 266  0.0817085  266  266  i
 267  0.0590734  267  267  i
 268  0.186835  268  268  i
 269  0.0426682  269  269  i
 270  0.141653  270  270  i
 271  0.0983149  271  271  i
 272  0.103475  272  272  i
 273  0.0399277  273  273  i
 274  0.112712  274  274  i
 275  0.0692438  275  275  i
 276  0.116876  276  276  i
 277  0.0246899  277  277  i
 278  0.0398268  278  278  i
 279  0.0957878  279  279  i
 280  0.0763623  280  280  i
 281  0.13526  281  281  i
 282  0.203222  282  282  i
 283  0.0508246  283  283  i
 284  0.095675  284  284  i
 285  0.252653  285  285  i
 286  0.1848  286  286  i
 287  0.338519  287  287  i
 288  0.10239  288  288  i
 289  0.327336  289  289  i
 290  0.100646  290  290  i
 291  0.168162  291  291  i
 292  0.266705  292  292  i
 293  0.3391  293  293  i
 294  0.425852  294  294  i
 295  0.1832  295  295  i
 296  0.317828  296  296  i
 297  0.176448  297  297  i
 298  0.349225  298  298  i
 299  0.556419  299  299  i
 300  0.796948  300  300  i
 301  0.69794  301  301  i
 302  0.293398  302  302  i
 303  0.610359  303  303  i
 304  0.819453  304  304  i
 305  0.872493  305  305  i
 306  0.145577  306  306  i
 307  0.645229  307  307  i
 308  0.749667  308  308  i
 309  0.743179  309  309  i
 310  0.353646  310  310  i
 311  0.993375  311  311  i
 312  0.346087  312  312  i
 313  0.0879355  313  313  i
 314  1.01175  314  314  i
 315  0.689483  315  315  i
 316  0.925731  316  316  i
 317  0.267276  317  317  i
 318  1.12931  318  318  i
 319  0.0306975  319  319  i
 320  0.143638  320  320  i
 321  1.31872  321  321  i
 322  0.0632455  322  322  i
 323  0.73721  323  323  i
 324  0.441595  324  324  i
 325  0.146641  325  325  i
 326  0.0887704  326  326  i
 327  0.641178  327  327  i
 329  0.229624  329  329  i
 330  0.179081  330  330  i
 331  0.341423  331  331  i
 332  0.231615  332  332  i
 333  0.0923728  333  333  i
 334  0.429918  334  334  i
 335  0.0193963  335  335  i
 336  0.476691  336  336  i
 337  0.0767385  337  337  i
 338  0.244576  338  338  i
 339  0.0644442  339  339  i
 341  0.160263  341  341  i
 342  0.13106  342  342  i
 343  0.501123  343  343  i
 344  0.210882  344  344  i
 345  0.298559  345  345  i
 346  0.324288  346  346  i
 347  0.0646209  347  347  i
 348  0.389927  348  348  i
 349  0.0398268  349  349  i
 350  0.503976  350  350  i
 351  0.58347  351  351  i
 352  0.0474292  352  352  i
 353  0.327067  353  353  i
 354  0.222751  354  354  i
 355  0.0862831  355  355  i
 356  0.349157  356  356  i
 357  0.584057  357  357  i
 358  0.772108  358  358  i
 359  0.620171  359  359  i
 360  0.180444  360  360  i
 361  0.10494  361  361  i
 362  0.677366  362  362  i
 363  0.886258  363  363  i
 364  0.273067  364  364  i
 365  0.639651  365  365  i
 366  0.0631637  366  366  i
 367  0.0135058  367  367  i
 368  0.0601484  368  368  i
 369  0.721288  369  369  i
 370  0.671093  370  370  i
 371  1.52102  371  371  i
 372  1.14583  372  372  i
 373  0.742433  373  373  i
 374  0.172096  374  374  i
 375  0.270485  375  375  i
 376  0.573704  376  376  i
 377  1.45936  377  377  i
 378  1.74056  378  378  i
 379  0.848727  379  379  i
 380  1.35869  380  380  i
 381  1.48734  381  381  i
 382  0.111856  382  382  i
 383  0.267847  383  383  i
 384  0.655531  384  384  i
 385  1.20645  385  385  i
 386  1.0055  386  386  i
 387  1.16112  387  387  i
 388  1.27083  388  388  i
 389  0.0193963  389  389  i
 390  0.231486  390  390  i
 391  1.98022  391  391  i
 392  0.248701  392  392  i
 393  0.806082  393  393  i
 394  1.36061  394  394  i
 395  1.04615  395  395  i
 396  0.354501  396  396  i
 397  0.598384  397  397  i
 398  1.1621  398  398  i
 399  0.934199  399  399  i
 400  1.8278  400  400  i
 401  1.24823  401  401  i
 402  1.20961  402  402  i
 403  0.744456  403  403  i
 404  1.01915  404  404  i
 405  1.30765  405  405  i
 406  1.47876  406  406  i
 407  0.773634  407  407  i
 408  1.61481  408  408  i
 409  1.62139  409  409  i
 410  0.461872  410  410  i
 411  0.355259  411  411  i
 412  1.70188  412  412  i
 413  1.76511  413  413  i
 414  1.10563  414  414  i
 415  1.981  415  415  i
 416  0.794713  416  416  i
 417  0.0845506  417  417  i
 418  0.636176  418  418  i
 419  2.51535  419  419  i
 420  1.15358  420  420  i
 421  1.79922  421  421  i
 422  1.01296  422  422  i
 423  0.673339  423  423  i
 424  0.119395  424  424  i
 425  1.00129  425  425  i
 426  2.42735  426  426  i
 427  1.06706  427  427  i
 428  2.85412  428  428  i
 429  1.24532  429  429  i
 430  0.243495  430  430  i
 431  0.14658  431  431  i
 432  1.47582  432  432  i
 433  1.19657  433  433  i
 434  1.6989  434  434  i
 435  1.01311  435  435  i
 436  0.927086  436  436  i
 437  0.33051  437  437  i
 438  0.0693128  438  438  i
 439  0.262559  439  439  i
 440  1.01859  440  440  i
 441  1.20591  441  441  i
 442  0.490035  442  442  i
 443  0.239937  443  443  i
 444  0.448316  444  444  i
 445  0.314183  445  445  i
 446  0.113942  446  446  i
 447  0.810828  447  447  i
 448  0.413202  448  448  i
 449  0.740429  449  449  i
 450  0.147994  450  450  i
 451  0.317523  451  451  i
 452  0.121564  452  452  i
 453  0.221692  453  453  i
 454  0.181958  454  454  i
 455  0.524324  455  455  i
 456  0.126339  456  456  i
 457  0.376939  457  457  i
 458  0.0685496  458  458  i
 459  0.105858  459  459  i
 460  0.192182  460  460  i
 461  0.250548  461  461  i
 462  0.384522  462  462  i
 463  0.0314282  463  463  i
 464  0.228514  464  464  i
 467  0.0963934  467  467  i
 468  0.0518258  468  468  i
 469  0.139244  469  469  i
 470  0.161831  470  470  i
 471  0.245569  471  471  i
 473  0.0119707  473  473  i
 474  0.0548548  474  474  i
 475  0.0923632  475  475  i
 477  0.0493799  477  477  i
 478  0.0880397  478  478  i
 480  0.0152377  480  480  i
 481  0.0720466  481  481  i
 482  0.0278561  482  482  i
 483  0.0886143  483  483  i
 484  0.0314282  484  484  i
 485  0.0472524  485  485  i


