
# Curve 0 of 1, 237 points
# Curve title: "daily incidence"
# x y xlow xhigh type
-1  43448 -1 -1  i
 80  1  80  80  i
 86  1  86  86  i
 87  1  87  87  i
 89  1  89  89  i
 92  2  92  92  i
 93  1  93  93  i
 94  2  94  94  i
 96  1  96  96  i
 98  1  98  98  i
 102  1  102  102  i
 104  2  104  104  i
 106  3  106  106  i
 108  2  108  108  i
 109  3  109  109  i
 110  2  110  110  i
 111  1  111  111  i
 114  3  114  114  i
 115  6  115  115  i
 116  2  116  116  i
 118  1  118  118  i
 119  1  119  119  i
 121  2  121  121  i
 123  1  123  123  i
 125  2  125  125  i
 140  1  140  140  i
 143  1  143  143  i
 174  1  174  174  i
 218  1  218  218  i
 240  1  240  240  i
 244  1  244  244  i
 245  1  245  245  i
 252  1  252  252  i
 258  2  258  258  i
 259  3  259  259  i
 260  1  260  260  i
 261  2  261  261  i
 262  3  262  262  i
 263  2  263  263  i
 264  1  264  264  i
 265  1  265  265  i
 266  6  266  266  i
 267  4  267  267  i
 268  2  268  268  i
 269  2  269  269  i
 271  1  271  271  i
 272  4  272  272  i
 273  1  273  273  i
 274  4  274  274  i
 275  3  275  275  i
 276  4  276  276  i
 277  2  277  277  i
 278  2  278  278  i
 279  3  279  279  i
 280  8  280  280  i
 281  6  281  281  i
 282  3  282  282  i
 283  2  283  283  i
 284  2  284  284  i
 285  5  285  285  i
 286  7  286  286  i
 287  8  287  287  i
 288  6  288  288  i
 289  6  289  289  i
 290  6  290  290  i
 291  4  291  291  i
 292  8  292  292  i
 293  12  293  293  i
 294  3  294  294  i
 295  5  295  295  i
 296  7  296  296  i
 297  7  297  297  i
 298  10  298  298  i
 299  2  299  299  i
 300  11  300  300  i
 301  25  301  301  i
 302  6  302  302  i
 303  1  303  303  i
 304  23  304  304  i
 305  8  305  305  i
 306  2  306  306  i
 307  19  307  307  i
 308  7  308  308  i
 309  14  309  309  i
 310  11  310  310  i
 311  32  311  311  i
 312  3  312  312  i
 314  40  314  314  i
 315  4  315  315  i
 316  19  316  316  i
 317  15  317  317  i
 318  4  318  318  i
 319  1  319  319  i
 320  29  320  320  i
 321  1  321  321  i
 322  4  322  322  i
 323  2  323  323  i
 324  6  324  324  i
 325  16  325  325  i
 326  6  326  326  i
 327  5  327  327  i
 328  7  328  328  i
 329  15  329  329  i
 330  1  330  330  i
 331  6  331  331  i
 332  3  332  332  i
 333  2  333  333  i
 334  2  334  334  i
 335  6  335  335  i
 336  4  336  336  i
 337  4  337  337  i
 338  3  338  338  i
 339  3  339  339  i
 340  2  340  340  i
 341  8  341  341  i
 343  5  343  343  i
 344  11  344  344  i
 345  2  345  345  i
 346  4  346  346  i
 347  2  347  347  i
 348  5  348  348  i
 349  12  349  349  i
 350  15  350  350  i
 351  15  351  351  i
 352  13  352  352  i
 353  4  353  353  i
 354  2  354  354  i
 355  13  355  355  i
 356  5  356  356  i
 357  1  357  357  i
 358  9  358  358  i
 359  6  359  359  i
 360  5  360  360  i
 361  1  361  361  i
 362  6  362  362  i
 363  5  363  363  i
 364  20  364  364  i
 365  13  365  365  i
 366  6  366  366  i
 367  5  367  367  i
 368  8  368  368  i
 369  4  369  369  i
 370  14  370  370  i
 371  11  371  371  i
 372  12  372  372  i
 373  23  373  373  i
 374  14  374  374  i
 375  3  375  375  i
 376  2  376  376  i
 377  13  377  377  i
 378  16  378  378  i
 379  17  379  379  i
 380  17  380  380  i
 381  12  381  381  i
 382  1  382  382  i
 383  12  383  383  i
 384  26  384  384  i
 385  7  385  385  i
 386  9  386  386  i
 387  16  387  387  i
 388  12  388  388  i
 389  7  389  389  i
 390  13  390  390  i
 391  20  391  391  i
 392  7  392  392  i
 393  20  393  393  i
 394  16  394  394  i
 395  7  395  395  i
 396  12  396  396  i
 397  7  397  397  i
 398  13  398  398  i
 399  23  399  399  i
 400  10  400  400  i
 401  14  401  401  i
 402  16  402  402  i
 403  10  403  403  i
 404  10  404  404  i
 405  27  405  405  i
 406  16  406  406  i
 407  13  407  407  i
 408  30  408  408  i
 409  3  409  409  i
 411  22  411  411  i
 412  33  412  412  i
 413  11  413  413  i
 414  30  414  414  i
 415  6  415  415  i
 416  17  416  416  i
 417  7  417  417  i
 418  10  418  418  i
 419  38  419  419  i
 420  6  420  420  i
 421  27  421  421  i
 422  13  422  422  i
 423  5  423  423  i
 424  4  424  424  i
 425  24  425  425  i
 426  16  426  426  i
 427  24  427  427  i
 428  8  428  428  i
 429  8  429  429  i
 430  9  430  430  i
 431  1  431  431  i
 432  4  432  432  i
 433  9  433  433  i
 434  11  434  434  i
 435  10  435  435  i
 436  7  436  436  i
 437  1  437  437  i
 438  3  438  438  i
 439  2  439  439  i
 440  11  440  440  i
 441  10  441  441  i
 442  9  442  442  i
 443  4  443  443  i
 444  8  444  444  i
 446  6  446  446  i
 447  6  447  447  i
 448  4  448  448  i
 449  1  449  449  i
 450  3  450  450  i
 451  2  451  451  i
 453  4  453  453  i
 455  3  455  455  i
 456  2  456  456  i
 457  2  457  457  i
 460  1  460  460  i
 461  1  461  461  i
 462  2  462  462  i
 463  1  463  463  i
 464  2  464  464  i
 466  2  466  466  i
 467  1  467  467  i
 468  4  468  468  i
 469  1  469  469  i
 471  1  471  471  i


