
# Curve 0 of 1, 361 points
# Curve title: "CFR predicted deaths B.1.1.7"
# x y xlow xhigh type
 76  0.0891322  76  76  i
 80  0.0246101  80  80  i
 81  0.00130579  81  81  i
 83  0.00343516  83  83  i
 84  0.00347872  84  84  i
 85  0.014897  85  85  i
 86  0.0124156  86  86  i
 87  0.277452  87  87  i
 88  0.0305889  88  88  i
 89  0.00103603  89  89  i
 90  0.0476821  90  90  i
 91  0.00670271  91  91  i
 93  0.281596  93  93  i
 94  0.170194  94  94  i
 95  0.0844934  95  95  i
 96  0.315504  96  96  i
 97  0.150189  97  97  i
 98  0.17823  98  98  i
 99  0.443529  99  99  i
 100  0.178111  100  100  i
 101  0.557843  101  101  i
 102  0.0492494  102  102  i
 103  0.370429  103  103  i
 104  0.0570422  104  104  i
 105  0.24383  105  105  i
 106  0.0504084  106  106  i
 107  0.113871  107  107  i
 108  0.00365826  108  108  i
 109  0.167198  109  109  i
 110  0.0283823  110  110  i
 111  0.229909  111  111  i
 112  0.000138827  112  112  i
 113  0.600826  113  113  i
 114  0.0492257  114  114  i
 115  0.334108  115  115  i
 116  0.834188  116  116  i
 117  0.646657  117  117  i
 118  0.372553  118  118  i
 119  0.273948  119  119  i
 120  0.101419  120  120  i
 121  0.918875  121  121  i
 122  1.87202  122  122  i
 123  0.936607  123  123  i
 124  0.0669798  124  124  i
 125  0.164486  125  125  i
 126  0.205895  126  126  i
 127  0.0357136  127  127  i
 128  0.556643  128  128  i
 129  0.00476672  129  129  i
 130  0.203145  130  130  i
 131  0.202083  131  131  i
 132  0.456224  132  132  i
 133  0.152059  133  133  i
 134  0.0101298  134  134  i
 135  0.0164551  135  135  i
 136  0.00273287  136  136  i
 137  0.00558855  137  137  i
 138  0.0604298  138  138  i
 139  0.000324788  139  139  i
 140  0.000466445  140  140  i
 141  0.146932  141  141  i
 142  0.0193963  142  142  i
 145  0.000579166  145  145  i
 146  0.000255153  146  146  i
 147  0.197232  147  147  i
 149  0.000604008  149  149  i
 150  0.105047  150  150  i
 151  0.00360505  151  151  i
 154  0.0119707  154  154  i
 160  0.00273287  160  160  i
 161  0.000566747  161  161  i
 162  0.00935327  162  162  i
 163  0.112723  163  163  i
 164  0.0382075  164  164  i
 166  0.0278561  166  166  i
 169  0.00109118  169  169  i
 171  3.3411e-05  171  171  i
 180  6.89112e-05  180  180  i
 181  0.243058  181  181  i
 183  9.89669e-05  183  183  i
 186  0.070022  186  186  i
 209  0.000261678  209  209  i
 210  7.77481e-05  210  210  i
 216  0.000366438  216  216  i
 217  0.0797349  217  217  i
 218  0.000673439  218  218  i
 219  0.000109461  219  219  i
 220  0.00445773  220  220  i
 222  0.00241303  222  222  i
 223  0.000394348  223  223  i
 224  0.000165466  224  224  i
 225  0.203624  225  225  i
 227  0.000200447  227  227  i
 228  0.000468919  228  228  i
 229  0.000142131  229  229  i
 230  0.00273287  230  230  i
 232  9.89669e-05  232  232  i
 233  0.149319  233  233  i
 235  0.000832882  235  235  i
 237  0.000125731  237  237  i
 238  0.00119456  238  238  i
 239  0.0053279  239  239  i
 240  0.0333619  240  240  i
 241  0.000125977  241  241  i
 242  6.10787e-05  242  242  i
 243  0.148366  243  243  i
 244  0.0487567  244  244  i
 245  0.22397  245  245  i
 246  0.405781  246  246  i
 247  0.305419  247  247  i
 248  0.0927629  248  248  i
 251  0.435967  251  251  i
 252  0.409889  252  252  i
 253  0.164741  253  253  i
 254  0.0247825  254  254  i
 255  0.00799268  255  255  i
 256  0.000194888  256  256  i
 257  0.00254845  257  257  i
 258  0.280307  258  258  i
 259  0.294391  259  259  i
 260  0.267591  260  260  i
 261  0.219846  261  261  i
 262  0.538679  262  262  i
 263  0.132191  263  263  i
 264  0.434991  264  264  i
 265  1.19274  265  265  i
 266  0.72542  266  266  i
 267  0.409637  267  267  i
 268  1.5726  268  268  i
 269  0.960359  269  269  i
 270  0.818874  270  270  i
 271  0.417637  271  271  i
 272  0.23228  272  272  i
 273  2.21091  273  273  i
 274  1.2309  274  274  i
 275  0.832571  275  275  i
 276  0.775614  276  276  i
 277  0.031265  277  277  i
 278  0.762517  278  278  i
 279  1.54942  279  279  i
 280  0.611103  280  280  i
 281  1.35106  281  281  i
 282  1.21523  282  282  i
 283  1.62304  283  283  i
 284  0.669439  284  284  i
 285  1.38949  285  285  i
 286  1.56587  286  286  i
 287  3.13205  287  287  i
 288  1.90035  288  288  i
 289  1.63028  289  289  i
 290  0.624514  290  290  i
 291  0.917442  291  291  i
 292  2.10587  292  292  i
 293  3.21854  293  293  i
 294  3.6058  294  294  i
 295  2.5478  295  295  i
 296  2.32581  296  296  i
 297  2.64487  297  297  i
 298  2.30581  298  298  i
 299  2.64256  299  299  i
 300  5.4741  300  300  i
 301  2.79909  301  301  i
 302  1.72429  302  302  i
 303  3.2005  303  303  i
 304  6.10441  304  304  i
 305  5.1683  305  305  i
 306  0.974396  306  306  i
 307  5.62565  307  307  i
 308  9.42212  308  308  i
 309  3.61178  309  309  i
 310  0.890021  310  310  i
 311  9.45456  311  311  i
 312  3.31167  312  312  i
 313  0.360744  313  313  i
 314  8.19977  314  314  i
 315  4.68506  315  315  i
 316  6.42128  316  316  i
 317  3.81946  317  317  i
 318  11.0927  318  318  i
 319  1.134  319  319  i
 320  0.293036  320  320  i
 321  13.7055  321  321  i
 322  1.53758  322  322  i
 323  7.09276  323  323  i
 324  4.89445  324  324  i
 325  1.61651  325  325  i
 326  0.396399  326  326  i
 327  8.60949  327  327  i
 328  0.260273  328  328  i
 329  2.32264  329  329  i
 330  1.84309  330  330  i
 331  3.59426  331  331  i
 332  5.7276  332  332  i
 333  2.1516  333  333  i
 334  2.61175  334  334  i
 335  1.94323  335  335  i
 336  6.49894  336  336  i
 337  0.370634  337  337  i
 338  3.26352  338  338  i
 339  0.886206  339  339  i
 340  0.57595  340  340  i
 341  1.14794  341  341  i
 342  2.51639  342  342  i
 343  2.71855  343  343  i
 344  1.706  344  344  i
 345  1.42691  345  345  i
 346  2.56678  346  346  i
 347  0.839675  347  347  i
 348  2.98525  348  348  i
 349  0.276411  349  349  i
 350  3.23945  350  350  i
 351  4.27266  351  351  i
 352  1.08204  352  352  i
 353  1.84997  353  353  i
 354  1.67003  354  354  i
 355  2.60463  355  355  i
 356  3.88494  356  356  i
 357  5.27221  357  357  i
 358  6.25867  358  358  i
 359  5.13977  359  359  i
 360  1.93929  360  360  i
 361  0.924455  361  361  i
 362  5.95155  362  362  i
 363  4.43136  363  363  i
 364  1.05307  364  364  i
 365  3.77464  365  365  i
 366  2.57839  366  366  i
 367  1.00801  367  367  i
 368  0.420416  368  368  i
 369  2.8919  369  369  i
 370  4.06957  370  370  i
 371  10.0725  371  371  i
 372  6.3628  372  372  i
 373  5.41798  373  373  i
 374  3.38757  374  374  i
 375  3.27127  375  375  i
 376  2.82383  376  376  i
 377  8.37722  377  377  i
 378  8.68011  378  378  i
 379  6.50409  379  379  i
 380  10.4102  380  380  i
 381  8.84761  381  381  i
 382  1.6652  382  382  i
 383  2.18149  383  383  i
 384  6.65642  384  384  i
 385  10.6159  385  385  i
 386  8.51432  386  386  i
 387  8.11687  387  387  i
 388  6.57657  388  388  i
 389  0.390358  389  389  i
 390  3.6289  390  390  i
 391  12.2723  391  391  i
 392  2.59522  392  392  i
 393  5.66877  393  393  i
 394  8.07074  394  394  i
 395  5.73737  395  395  i
 396  3.47058  396  396  i
 397  4.71099  397  397  i
 398  8.23931  398  398  i
 399  5.62382  399  399  i
 400  11.2759  400  400  i
 401  9.05197  401  401  i
 402  5.66261  402  402  i
 403  5.54606  403  403  i
 404  4.9413  404  404  i
 405  8.03383  405  405  i
 406  10.679  406  406  i
 407  5.51639  407  407  i
 408  9.75902  408  408  i
 409  9.71581  409  409  i
 410  3.91128  410  410  i
 411  3.25534  411  411  i
 412  13.6009  412  412  i
 413  13.1633  413  413  i
 414  10.2631  414  414  i
 415  16.7031  415  415  i
 416  5.2033  416  416  i
 417  0.170746  417  417  i
 418  11.4769  418  418  i
 419  22.7864  419  419  i
 420  10.9756  420  420  i
 421  21.1878  421  421  i
 422  8.18996  422  422  i
 423  8.87992  423  423  i
 424  2.63552  424  424  i
 425  10.4602  425  425  i
 426  24.5979  426  426  i
 427  6.85817  427  427  i
 428  22.5441  428  428  i
 429  9.46136  429  429  i
 430  3.00133  430  430  i
 431  2.05985  431  431  i
 432  13.8721  432  432  i
 433  10.2299  433  433  i
 434  14.1388  434  434  i
 435  8.15044  435  435  i
 436  7.20501  436  436  i
 437  4.9496  437  437  i
 438  0.5359  438  438  i
 439  2.53279  439  439  i
 440  7.02451  440  440  i
 441  10.5242  441  441  i
 442  4.85517  442  442  i
 443  3.6177  443  443  i
 444  2.63123  444  444  i
 445  3.04525  445  445  i
 446  1.17146  446  446  i
 447  6.75919  447  447  i
 448  4.99922  448  448  i
 449  5.24598  449  449  i
 450  1.65058  450  450  i
 451  5.06916  451  451  i
 452  0.323074  452  452  i
 453  2.45955  453  453  i
 454  3.7302  454  454  i
 455  3.05239  455  455  i
 456  0.590807  456  456  i
 457  2.2089  457  457  i
 458  1.03546  458  458  i
 459  0.230805  459  459  i
 460  1.64171  460  460  i
 461  0.982268  461  461  i
 462  2.43245  462  462  i
 463  0.711412  463  463  i
 464  1.43821  464  464  i
 465  0.104453  465  465  i
 466  0.0064791  466  466  i
 467  0.460316  467  467  i
 468  0.982432  468  468  i
 469  1.15379  469  469  i
 470  1.70298  470  470  i
 471  1.61384  471  471  i
 472  0.152418  472  472  i
 473  0.562029  473  473  i
 474  0.564314  474  474  i
 475  1.68814  475  475  i
 476  0.491581  476  476  i
 477  0.235636  477  477  i
 478  0.761813  478  478  i
 479  0.00411619  479  479  i
 480  0.217336  480  480  i
 481  1.27163  481  481  i
 482  0.288189  482  482  i
 483  1.23043  483  483  i
 484  0.136576  484  484  i
 485  0.0874754  485  485  i
 486  0.28989  486  486  i
 488  0.485273  488  488  i
 489  0.0455447  489  489  i
 490  0.484757  490  490  i
 491  0.139463  491  491  i
 492  0.0635157  492  492  i
 493  0.542338  493  493  i
 495  0.620174  495  495  i
 496  0.271813  496  496  i
 497  0.868803  497  497  i
 498  0.284126  498  498  i
 499  0.326139  499  499  i
 500  0.519526  500  500  i
 501  0.00164417  501  501  i


