
# Curve 0 of 1, 46 points
# Curve title: ""umrti.csv" u (bin($2,binwidth)):(1.0)"
# x y xlow xhigh type
 8  1  8  8  i
 10  1  10  10  i
 16  2  16  16  i
 22  1  22  22  i
 24  3  24  24  i
 26  10  26  26  i
 28  3  28  28  i
 30  11  30  30  i
 32  11  32  32  i
 34  15  34  34  i
 36  26  36  36  i
 38  17  38  38  i
 40  32  40  40  i
 42  35  42  42  i
 44  46  44  44  i
 46  79  46  46  i
 48  88  48  48  i
 50  103  50  50  i
 52  115  52  52  i
 54  153  54  54  i
 56  227  56  56  i
 58  262  58  58  i
 60  336  60  60  i
 62  440  62  62  i
 64  644  64  64  i
 66  812  66  66  i
 68  1090  68  68  i
 70  1335  70  70  i
 72  1673  72  72  i
 74  1896  74  74  i
 76  1947  76  76  i
 78  1976  78  78  i
 80  1994  80  80  i
 82  1755  82  82  i
 84  1711  84  84  i
 86  1670  86  86  i
 88  1633  88  88  i
 90  1216  90  90  i
 92  749  92  92  i
 94  475  94  94  i
 96  246  96  96  i
 98  107  98  98  i
 100  30  100  100  i
 102  4  102  102  i
 104  4  104  104  i


