
* FILE: 
  Records:           29072
  Out of range:          0
  Invalid:               0
  Column headers:        0
  Blank:                 0
  Data Blocks:           1

* COLUMNS:
  Mean:             294.8804               77.3502
  Std Dev:           63.4437               10.4626
  Sample StdDev:     63.4448               10.4627
  Skewness:          -0.8635               -0.7970
  Kurtosis:           4.8558                4.4565
  Avg Dev:           51.8821                8.1209
  Sum:           8.57276e+06           2.24872e+06
  Sum Sq.:       2.64496e+09           1.77122e+08

  Mean Err.:          0.3721                0.0614
  Std Dev Err.:       0.2631                0.0434
  Skewness Err.:      0.0144                0.0144
  Kurtosis Err.:      0.0287                0.0287

  Minimum:            0.0000 [    0]        0.0000 [28486]
  Maximum:          399.0000 [29071]      104.0000 [13225]
  Quartile:         243.0000               71.0000
  Median:           300.0000               78.0000
  Quartile:         348.0000               85.0000

  Linear Model:       y = -0.02103 x + 83.55
  Slope:              -0.02103 +- 0.0009593
  Intercept:          83.55 +- 0.2894
  Correlation:        r = -0.1275
  Sum xy:             6.606e+08

iter      chisq       delta/lim  lambda   a             b             c             d            
   0 4.7411601787e+06   0.00e+00  3.25e+03    1.508380e-03   1.158730e+01   4.015430e+02   9.436430e-03
   1 1.0362127256e+06  -3.58e+05  3.25e+02    1.526579e-03   1.282886e+01   4.833138e+02   8.648070e-03
   * 1.2686066796e+06   1.83e+04  3.25e+03    2.019796e-03   1.110682e+01   5.609246e+02   9.437397e-03
   2 8.6773735205e+05  -1.94e+04  3.25e+02    1.547047e-03   1.301065e+01   4.967368e+02   8.575606e-03
   * 1.2547341378e+06   3.08e+04  3.25e+03    1.971863e-03   1.118922e+01   5.599243e+02   9.403247e-03
   3 8.5927239928e+05  -9.85e+02  3.25e+02    1.564865e-03   1.299303e+01   5.007066e+02   8.581119e-03
   * 1.2269684835e+06   3.00e+04  3.25e+03    1.968156e-03   1.118663e+01   5.607701e+02   9.411860e-03
   4 8.5517179185e+05  -4.80e+02  3.25e+02    1.581720e-03   1.294157e+01   5.029390e+02   8.602352e-03
   * 1.1891127920e+06   2.81e+04  3.25e+03    1.969161e-03   1.117774e+01   5.616905e+02   9.424655e-03
   5 8.5147859421e+05  -4.34e+02  3.25e+02    1.597831e-03   1.288627e+01   5.048402e+02   8.625911e-03
   * 1.1525740333e+06   2.61e+04  3.25e+03    1.970734e-03   1.116853e+01   5.625764e+02   9.437488e-03
   6 8.4806586551e+05  -4.02e+02  3.25e+02    1.613264e-03   1.283202e+01   5.066459e+02   8.649429e-03
   * 1.1192569688e+06   2.42e+04  3.25e+03    1.972323e-03   1.115972e+01   5.634188e+02   9.449753e-03
   7 8.4490561703e+05  -3.74e+02  3.25e+02    1.628059e-03   1.277956e+01   5.083967e+02   8.672499e-03
   * 1.0891912375e+06   2.24e+04  3.25e+03    1.973862e-03   1.115134e+01   5.642195e+02   9.461397e-03
   8 8.4197526123e+05  -3.48e+02  3.25e+02    1.642255e-03   1.272891e+01   5.101005e+02   8.695057e-03
   * 1.0621009326e+06   2.07e+04  3.25e+03    1.975343e-03   1.114335e+01   5.649818e+02   9.472458e-03
   9 8.3925479057e+05  -3.24e+02  3.25e+02    1.655884e-03   1.268002e+01   5.117598e+02   8.717101e-03
   * 1.0376873440e+06   1.91e+04  3.25e+03    1.976770e-03   1.113572e+01   5.657086e+02   9.482981e-03
  10 8.3672633956e+05  -3.02e+02  3.25e+02    1.668976e-03   1.263280e+01   5.133762e+02   8.738638e-03
   * 1.0156751031e+06   1.76e+04  3.25e+03    1.978146e-03   1.112841e+01   5.664026e+02   9.493008e-03
  11 8.3437389385e+05  -2.82e+02  3.25e+02    1.681560e-03   1.258718e+01   5.149511e+02   8.759679e-03
   * 9.9581699781e+05   1.62e+04  3.25e+03    1.979472e-03   1.112138e+01   5.670662e+02   9.502580e-03
  12 8.3218305487e+05  -2.63e+02  3.25e+02    1.693662e-03   1.254310e+01   5.164856e+02   8.780234e-03
   * 9.7789206353e+05   1.49e+04  3.25e+03    1.980752e-03   1.111460e+01   5.677017e+02   9.511732e-03
  13 8.3014084196e+05  -2.46e+02  3.25e+02    1.705306e-03   1.250047e+01   5.179811e+02   8.800315e-03
   * 9.6170286514e+05   1.37e+04  3.25e+03    1.981986e-03   1.110805e+01   5.683110e+02   9.520494e-03
  14 8.2823552369e+05  -2.30e+02  3.25e+02    1.716514e-03   1.245924e+01   5.194387e+02   8.819931e-03
   * 9.4707292642e+05   1.25e+04  3.25e+03    1.983178e-03   1.110171e+01   5.688959e+02   9.528897e-03
  15 8.2645647315e+05  -2.15e+02  3.25e+02    1.727308e-03   1.241934e+01   5.208595e+02   8.839094e-03
   * 9.3384442964e+05   1.15e+04  3.25e+03    1.984328e-03   1.109556e+01   5.694582e+02   9.536966e-03
  16 8.2479404308e+05  -2.02e+02  3.25e+02    1.737706e-03   1.238072e+01   5.222446e+02   8.857815e-03
   * 9.2187617413e+05   1.05e+04  3.25e+03    1.985437e-03   1.108957e+01   5.699992e+02   9.544725e-03
  17 8.2323945778e+05  -1.89e+02  3.25e+02    1.747727e-03   1.234333e+01   5.235951e+02   8.876103e-03
   * 9.1104176645e+05   9.64e+03  3.25e+03    1.986508e-03   1.108375e+01   5.705204e+02   9.552195e-03
  18 8.2178471912e+05  -1.77e+02  3.25e+02    1.757388e-03   1.230711e+01   5.249121e+02   8.893971e-03
   * 9.0122801427e+05   8.82e+03  3.25e+03    1.987542e-03   1.107806e+01   5.710231e+02   9.559396e-03
  19 8.2042252457e+05  -1.66e+02  3.25e+02    1.766705e-03   1.227202e+01   5.261964e+02   8.911427e-03
   * 8.9233350031e+05   8.06e+03  3.25e+03    1.988538e-03   1.107251e+01   5.715084e+02   9.566346e-03
  20 8.1914619538e+05  -1.56e+02  3.25e+02    1.775693e-03   1.223802e+01   5.274491e+02   8.928482e-03
   * 8.8426731521e+05   7.36e+03  3.25e+03    1.989499e-03   1.106708e+01   5.719774e+02   9.573062e-03
  21 8.1794961359e+05  -1.46e+02  3.25e+02    1.784366e-03   1.220505e+01   5.286710e+02   8.945147e-03
   * 8.7694793087e+05   6.73e+03  3.25e+03    1.990426e-03   1.106177e+01   5.724310e+02   9.579559e-03
  22 8.1682716645e+05  -1.37e+02  3.25e+02    1.792737e-03   1.217307e+01   5.298632e+02   8.961430e-03
   * 8.7030219831e+05   6.14e+03  3.25e+03    1.991319e-03   1.105655e+01   5.728703e+02   9.585850e-03
  23 8.1577369737e+05  -1.29e+02  3.25e+02    1.800820e-03   1.214206e+01   5.310263e+02   8.977343e-03
   * 8.6426445567e+05   5.61e+03  3.25e+03    1.992179e-03   1.105144e+01   5.732959e+02   9.591948e-03
  24 8.1478446244e+05  -1.21e+02  3.25e+02    1.808624e-03   1.211197e+01   5.321614e+02   8.992894e-03
   * 8.5877573407e+05   5.12e+03  3.25e+03    1.993007e-03   1.104642e+01   5.737087e+02   9.597865e-03
  25 8.1385509184e+05  -1.14e+02  3.25e+02    1.816163e-03   1.208276e+01   5.332691e+02   9.008093e-03
   * 8.5378305025e+05   4.68e+03  3.25e+03    1.993804e-03   1.104148e+01   5.741094e+02   9.603612e-03
  26 8.1298155543e+05  -1.07e+02  3.25e+02    1.823446e-03   1.205441e+01   5.343502e+02   9.022949e-03
   * 8.4923877612e+05   4.27e+03  3.25e+03    1.994571e-03   1.103662e+01   5.744988e+02   9.609199e-03
  27 8.1216013206e+05  -1.01e+02  3.25e+02    1.830484e-03   1.202688e+01   5.354056e+02   9.037470e-03
   * 8.4510007700e+05   3.90e+03  3.25e+03    1.995308e-03   1.103185e+01   5.748773e+02   9.614635e-03
  28 8.1138738211e+05  -9.52e+01  3.25e+02    1.837286e-03   1.200014e+01   5.364360e+02   9.051666e-03
   * 8.4132841030e+05   3.56e+03  3.25e+03    1.996016e-03   1.102714e+01   5.752456e+02   9.619929e-03
  29 8.1066012289e+05  -8.97e+01  3.25e+02    1.843860e-03   1.197416e+01   5.374420e+02   9.065544e-03
   * 8.3788907857e+05   3.25e+03  3.25e+03    1.996696e-03   1.102250e+01   5.756042e+02   9.625089e-03
  30 8.0997540651e+05  -8.45e+01  3.25e+02    1.850216e-03   1.194892e+01   5.384244e+02   9.079114e-03
   * 8.3475083050e+05   2.97e+03  3.25e+03    1.997349e-03   1.101793e+01   5.759536e+02   9.630121e-03
  31 8.0933049996e+05  -7.97e+01  3.25e+02    1.856362e-03   1.192438e+01   5.393838e+02   9.092383e-03
   * 8.3188550464e+05   2.71e+03  3.25e+03    1.997974e-03   1.101341e+01   5.762943e+02   9.635033e-03
  32 8.0872286719e+05  -7.51e+01  3.25e+02    1.862306e-03   1.190053e+01   5.403209e+02   9.105359e-03
   * 8.2926771127e+05   2.48e+03  3.25e+03    1.998573e-03   1.100896e+01   5.766267e+02   9.639832e-03
  33 8.0815015285e+05  -7.09e+01  3.25e+02    1.868054e-03   1.187733e+01   5.412362e+02   9.118051e-03
   * 8.2687454811e+05   2.26e+03  3.25e+03    1.999147e-03   1.100457e+01   5.769513e+02   9.644523e-03
  34 8.0761016763e+05  -6.69e+01  3.25e+02    1.873614e-03   1.185477e+01   5.421305e+02   9.130465e-03
   * 8.2468534618e+05   2.07e+03  3.25e+03    1.999695e-03   1.100023e+01   5.772683e+02   9.649112e-03
  35 8.0710087495e+05  -6.31e+01  3.25e+02    1.878992e-03   1.183282e+01   5.430043e+02   9.142608e-03
   * 8.2268144258e+05   1.89e+03  3.25e+03    2.000219e-03   1.099594e+01   5.775783e+02   9.653605e-03
  36 8.0662037889e+05  -5.96e+01  3.25e+02    1.884196e-03   1.181146e+01   5.438581e+02   9.154488e-03
   * 8.2084597718e+05   1.73e+03  3.25e+03    2.000719e-03   1.099170e+01   5.778815e+02   9.658005e-03
  37 8.0616691316e+05  -5.62e+01  3.25e+02    1.889231e-03   1.179068e+01   5.446926e+02   9.166113e-03
   * 8.1916371073e+05   1.59e+03  3.25e+03    2.001196e-03   1.098751e+01   5.781782e+02   9.662317e-03
  38 8.0573883115e+05  -5.31e+01  3.25e+02    1.894103e-03   1.177044e+01   5.455082e+02   9.177487e-03
   * 8.1762086191e+05   1.45e+03  3.25e+03    2.001650e-03   1.098337e+01   5.784687e+02   9.666547e-03
  39 8.0533459677e+05  -5.02e+01  3.25e+02    1.898817e-03   1.175074e+01   5.463055e+02   9.188620e-03
   * 8.1620496148e+05   1.33e+03  3.25e+03    2.002082e-03   1.097927e+01   5.787533e+02   9.670697e-03
  40 8.0495277613e+05  -4.74e+01  3.25e+02    1.903380e-03   1.173155e+01   5.470850e+02   9.199515e-03
   * 8.1490472149e+05   1.22e+03  3.25e+03    2.002492e-03   1.097522e+01   5.790323e+02   9.674771e-03
  41 8.0459202993e+05  -4.48e+01  3.25e+02    1.907795e-03   1.171287e+01   5.478471e+02   9.210181e-03
   * 8.1370991809e+05   1.12e+03  3.25e+03    2.002881e-03   1.097121e+01   5.793060e+02   9.678774e-03
  42 8.0425110646e+05  -4.24e+01  3.25e+02    1.912069e-03   1.169466e+01   5.485924e+02   9.220622e-03
   * 8.1261128639e+05   1.03e+03  3.25e+03    2.003249e-03   1.096724e+01   5.795745e+02   9.682708e-03
  43 8.0392883526e+05  -4.01e+01  3.25e+02    1.916205e-03   1.167692e+01   5.493213e+02   9.230846e-03
   * 8.1160042615e+05   9.45e+02  3.25e+03    2.003597e-03   1.096331e+01   5.798381e+02   9.686577e-03
  44 8.0362412119e+05  -3.79e+01  3.25e+02    1.920209e-03   1.165963e+01   5.500343e+02   9.240857e-03
   * 8.1066971712e+05   8.69e+02  3.25e+03    2.003925e-03   1.095943e+01   5.800969e+02   9.690384e-03
  45 8.0333593913e+05  -3.59e+01  3.25e+02    1.924084e-03   1.164277e+01   5.507318e+02   9.250662e-03
   * 8.0981224296e+05   8.00e+02  3.25e+03    2.004235e-03   1.095557e+01   5.803513e+02   9.694130e-03
  46 8.0306332893e+05  -3.39e+01  3.25e+02    1.927835e-03   1.162634e+01   5.514142e+02   9.260265e-03
   * 8.0902172295e+05   7.36e+02  3.25e+03    2.004525e-03   1.095176e+01   5.806014e+02   9.697820e-03
  47 8.0280539093e+05  -3.21e+01  3.25e+02    1.931466e-03   1.161032e+01   5.520820e+02   9.269672e-03
   * 8.0829245058e+05   6.79e+02  3.25e+03    2.004797e-03   1.094798e+01   5.808473e+02   9.701454e-03
  48 8.0256128172e+05  -3.04e+01  3.25e+02    1.934980e-03   1.159469e+01   5.527354e+02   9.278889e-03
   * 8.0761923830e+05   6.26e+02  3.25e+03    2.005051e-03   1.094424e+01   5.810892e+02   9.705037e-03
  49 8.0233021029e+05  -2.88e+01  3.25e+02    1.938382e-03   1.157944e+01   5.533750e+02   9.287920e-03
   * 8.0699736785e+05   5.78e+02  3.25e+03    2.005288e-03   1.094053e+01   5.813274e+02   9.708570e-03
  50 8.0211143442e+05  -2.73e+01  3.25e+02    1.941675e-03   1.156456e+01   5.540011e+02   9.296770e-03
   * 8.0642254554e+05   5.35e+02  3.25e+03    2.005507e-03   1.093685e+01   5.815618e+02   9.712054e-03
  51 8.0190425744e+05  -2.58e+01  3.25e+02    1.944862e-03   1.155004e+01   5.546140e+02   9.305444e-03
   * 8.0589086200e+05   4.95e+02  3.25e+03    2.005710e-03   1.093321e+01   5.817928e+02   9.715493e-03
  52 8.0170802509e+05  -2.45e+01  3.25e+02    1.947946e-03   1.153587e+01   5.552142e+02   9.313947e-03
   * 8.0539875583e+05   4.58e+02  3.25e+03    2.005897e-03   1.092959e+01   5.820204e+02   9.718887e-03
  53 8.0152212277e+05  -2.32e+01  3.25e+02    1.950932e-03   1.152203e+01   5.558019e+02   9.322283e-03
   * 8.0494298099e+05   4.25e+02  3.25e+03    2.006068e-03   1.092601e+01   5.822448e+02   9.722240e-03
  54 8.0134597287e+05  -2.20e+01  3.25e+02    1.953821e-03   1.150852e+01   5.563775e+02   9.330456e-03
   * 8.0452057722e+05   3.95e+02  3.25e+03    2.006224e-03   1.092246e+01   5.824660e+02   9.725551e-03
  55 8.0117903240e+05  -2.08e+01  3.25e+02    1.956617e-03   1.149533e+01   5.569414e+02   9.338472e-03
   * 8.0412884351e+05   3.67e+02  3.25e+03    2.006364e-03   1.091894e+01   5.826842e+02   9.728824e-03
  56 8.0102079068e+05  -1.98e+01  3.25e+02    1.959323e-03   1.148244e+01   5.574938e+02   9.346333e-03
   * 8.0376531406e+05   3.41e+02  3.25e+03    2.006490e-03   1.091545e+01   5.828996e+02   9.732060e-03
  57 8.0087076727e+05  -1.87e+01  3.25e+02    1.961941e-03   1.146985e+01   5.580350e+02   9.354045e-03
   * 8.0342773658e+05   3.18e+02  3.25e+03    2.006602e-03   1.091198e+01   5.831122e+02   9.735259e-03
  58 8.0072851005e+05  -1.78e+01  3.25e+02    1.964475e-03   1.145755e+01   5.585653e+02   9.361610e-03
   * 8.0311405273e+05   2.97e+02  3.25e+03    2.006699e-03   1.090855e+01   5.833221e+02   9.738424e-03
  59 8.0059359342e+05  -1.69e+01  3.25e+02    1.966926e-03   1.144553e+01   5.590851e+02   9.369034e-03
   * 8.0282238040e+05   2.78e+02  3.25e+03    2.006783e-03   1.090513e+01   5.835294e+02   9.741555e-03
  60 8.0046561657e+05  -1.60e+01  3.25e+02    1.969297e-03   1.143378e+01   5.595946e+02   9.376319e-03
   * 8.0255099772e+05   2.60e+02  3.25e+03    2.006854e-03   1.090175e+01   5.837342e+02   9.744655e-03
  61 8.0034420198e+05  -1.52e+01  3.25e+02    1.971590e-03   1.142229e+01   5.600941e+02   9.383469e-03
   * 8.0229832854e+05   2.44e+02  3.25e+03    2.006912e-03   1.089839e+01   5.839367e+02   9.747724e-03
  62 8.0022899395e+05  -1.44e+01  3.25e+02    1.973809e-03   1.141105e+01   5.605839e+02   9.390488e-03
   * 8.0206292936e+05   2.29e+02  3.25e+03    2.006957e-03   1.089506e+01   5.841368e+02   9.750763e-03
  63 8.0011965720e+05  -1.37e+01  3.25e+02    1.975954e-03   1.140006e+01   5.610642e+02   9.397380e-03
   * 8.0184347743e+05   2.15e+02  3.25e+03    2.006989e-03   1.089175e+01   5.843348e+02   9.753774e-03
  64 8.0001587568e+05  -1.30e+01  3.25e+02    1.978028e-03   1.138931e+01   5.615352e+02   9.404147e-03
   * 8.0163876004e+05   2.02e+02  3.25e+03    2.007010e-03   1.088846e+01   5.845305e+02   9.756757e-03
  65 7.9991735135e+05  -1.23e+01  3.25e+02    1.980034e-03   1.137880e+01   5.619973e+02   9.410792e-03
   * 8.0144766472e+05   1.91e+02  3.25e+03    2.007019e-03   1.088520e+01   5.847243e+02   9.759714e-03
  66 7.9982380308e+05  -1.17e+01  3.25e+02    1.981973e-03   1.136851e+01   5.624506e+02   9.417320e-03
   * 8.0126917045e+05   1.80e+02  3.25e+03    2.007016e-03   1.088196e+01   5.849160e+02   9.762645e-03
  67 7.9973496564e+05  -1.11e+01  3.25e+02    1.983847e-03   1.135844e+01   5.628954e+02   9.423733e-03
   * 8.0110233959e+05   1.71e+02  3.25e+03    2.007003e-03   1.087875e+01   5.851058e+02   9.765552e-03
  68 7.9965058873e+05  -1.06e+01  3.25e+02    1.985658e-03   1.134858e+01   5.633319e+02   9.430035e-03
   * 8.0094631066e+05   1.62e+02  3.25e+03    2.006978e-03   1.087555e+01   5.852937e+02   9.768435e-03
  69 7.9957043608e+05  -1.00e+01  3.25e+02    1.987408e-03   1.133893e+01   5.637603e+02   9.436227e-03
   * 8.0080029171e+05   1.54e+02  3.25e+03    2.006943e-03   1.087238e+01   5.854798e+02   9.771295e-03
  70 7.9949428462e+05  -9.52e+00  3.25e+02    1.989098e-03   1.132948e+01   5.641809e+02   9.442313e-03
   * 8.0066355430e+05   1.46e+02  3.25e+03    2.006898e-03   1.086922e+01   5.856642e+02   9.774133e-03
  71 7.9942192372e+05  -9.05e+00  3.25e+02    1.990731e-03   1.132022e+01   5.645938e+02   9.448296e-03
   * 8.0053542807e+05   1.39e+02  3.25e+03    2.006842e-03   1.086609e+01   5.858469e+02   9.776950e-03
  72 7.9935315439e+05  -8.60e+00  3.25e+02    1.992307e-03   1.131115e+01   5.649993e+02   9.454178e-03
   * 8.0041529576e+05   1.33e+02  3.25e+03    2.006777e-03   1.086298e+01   5.860280e+02   9.779746e-03
  73 7.9928778865e+05  -8.18e+00  3.25e+02    1.993830e-03   1.130227e+01   5.653975e+02   9.459963e-03
   * 8.0030258873e+05   1.27e+02  3.25e+03    2.006702e-03   1.085989e+01   5.862075e+02   9.782522e-03
  74 7.9922564889e+05  -7.77e+00  3.25e+02    1.995299e-03   1.129356e+01   5.657886e+02   9.465652e-03
   * 8.0019678279e+05   1.21e+02  3.25e+03    2.006618e-03   1.085681e+01   5.863855e+02   9.785279e-03
  75 7.9916656721e+05  -7.39e+00  3.25e+02    1.996717e-03   1.128503e+01   5.661729e+02   9.471248e-03
   * 8.0009739454e+05   1.16e+02  3.25e+03    2.006525e-03   1.085376e+01   5.865621e+02   9.788018e-03
  76 7.9911038492e+05  -7.03e+00  3.25e+02    1.998085e-03   1.127667e+01   5.665505e+02   9.476754e-03
   * 8.0000397790e+05   1.12e+02  3.25e+03    2.006423e-03   1.085072e+01   5.867372e+02   9.790738e-03
  77 7.9905695197e+05  -6.69e+00  3.25e+02    1.999404e-03   1.126847e+01   5.669216e+02   9.482171e-03
   * 7.9991612103e+05   1.07e+02  3.25e+03    2.006312e-03   1.084770e+01   5.869110e+02   9.793442e-03
  78 7.9900612645e+05  -6.36e+00  3.25e+02    2.000677e-03   1.126042e+01   5.672863e+02   9.487503e-03
   * 7.9983344349e+05   1.03e+02  3.25e+03    2.006193e-03   1.084470e+01   5.870834e+02   9.796129e-03
  79 7.9895777414e+05  -6.05e+00  3.25e+02    2.001903e-03   1.125254e+01   5.676448e+02   9.492751e-03
   * 7.9975559367e+05   9.98e+01  3.25e+03    2.006065e-03   1.084172e+01   5.872546e+02   9.798799e-03
  80 7.9891176809e+05  -5.76e+00  3.25e+02    2.003085e-03   1.124480e+01   5.679973e+02   9.497918e-03
   * 7.9968224643e+05   9.63e+01  3.25e+03    2.005930e-03   1.083875e+01   5.874245e+02   9.801454e-03
  81 7.9886798816e+05  -5.48e+00  3.25e+02    2.004223e-03   1.123721e+01   5.683440e+02   9.503006e-03
   * 7.9961310094e+05   9.32e+01  3.25e+03    2.005786e-03   1.083580e+01   5.875932e+02   9.804094e-03
  82 7.9882632065e+05  -5.22e+00  3.25e+02    2.005319e-03   1.122976e+01   5.686850e+02   9.508016e-03
   * 7.9954787870e+05   9.02e+01  3.25e+03    2.005636e-03   1.083286e+01   5.877607e+02   9.806719e-03
  83 7.9878665798e+05  -4.97e+00  3.25e+02    2.006374e-03   1.122244e+01   5.690203e+02   9.512951e-03
   * 7.9948632178e+05   8.75e+01  3.25e+03    2.005477e-03   1.082994e+01   5.879271e+02   9.809331e-03
  84 7.9874889827e+05  -4.73e+00  3.25e+02    2.007390e-03   1.121526e+01   5.693503e+02   9.517814e-03
   * 7.9942819115e+05   8.50e+01  3.25e+03    2.005312e-03   1.082704e+01   5.880924e+02   9.811928e-03
  85 7.9871294509e+05  -4.50e+00  3.25e+02    2.008366e-03   1.120822e+01   5.696750e+02   9.522604e-03
   * 7.9937326518e+05   8.26e+01  3.25e+03    2.005139e-03   1.082415e+01   5.882567e+02   9.814512e-03
  86 7.9867870711e+05  -4.29e+00  3.25e+02    2.009305e-03   1.120129e+01   5.699946e+02   9.527326e-03
   * 7.9932133825e+05   8.04e+01  3.25e+03    2.004960e-03   1.082127e+01   5.884200e+02   9.817084e-03
  87 7.9864609784e+05  -4.08e+00  3.25e+02    2.010208e-03   1.119449e+01   5.703092e+02   9.531979e-03
   * 7.9927221954e+05   7.83e+01  3.25e+03    2.004774e-03   1.081841e+01   5.885822e+02   9.819643e-03
  88 7.9861503536e+05  -3.89e+00  3.25e+02    2.011074e-03   1.118781e+01   5.706189e+02   9.536567e-03
   * 7.9922573181e+05   7.64e+01  3.25e+03    2.004581e-03   1.081556e+01   5.887435e+02   9.822190e-03
  89 7.9858544205e+05  -3.71e+00  3.25e+02    2.011906e-03   1.118125e+01   5.709238e+02   9.541091e-03
   * 7.9918171040e+05   7.46e+01  3.25e+03    2.004382e-03   1.081273e+01   5.889039e+02   9.824726e-03
  90 7.9855724439e+05  -3.53e+00  3.25e+02    2.012704e-03   1.117480e+01   5.712242e+02   9.545552e-03
   * 7.9914000222e+05   7.29e+01  3.25e+03    2.004177e-03   1.080991e+01   5.890633e+02   9.827250e-03
  91 7.9853037268e+05  -3.37e+00  3.25e+02    2.013469e-03   1.116846e+01   5.715200e+02   9.549952e-03
   * 7.9910046488e+05   7.13e+01  3.25e+03    2.003966e-03   1.080710e+01   5.892219e+02   9.829763e-03
  92 7.9850476087e+05  -3.21e+00  3.25e+02    2.014203e-03   1.116222e+01   5.718115e+02   9.554293e-03
   * 7.9906296586e+05   6.99e+01  3.25e+03    2.003749e-03   1.080431e+01   5.893796e+02   9.832266e-03
  93 7.9848034638e+05  -3.06e+00  3.25e+02    2.014905e-03   1.115609e+01   5.720987e+02   9.558576e-03
   * 7.9902738179e+05   6.85e+01  3.25e+03    2.003527e-03   1.080153e+01   5.895366e+02   9.834759e-03
  94 7.9845706984e+05  -2.92e+00  3.25e+02    2.015577e-03   1.115006e+01   5.723817e+02   9.562803e-03
   * 7.9899359771e+05   6.72e+01  3.25e+03    2.003298e-03   1.079876e+01   5.896927e+02   9.837242e-03
  95 7.9843487500e+05  -2.78e+00  3.25e+02    2.016220e-03   1.114413e+01   5.726607e+02   9.566976e-03
   * 7.9896150650e+05   6.59e+01  3.25e+03    2.003065e-03   1.079600e+01   5.898480e+02   9.839715e-03
  96 7.9841370849e+05  -2.65e+00  3.25e+02    2.016834e-03   1.113830e+01   5.729358e+02   9.571095e-03
   * 7.9893100825e+05   6.47e+01  3.25e+03    2.002826e-03   1.079325e+01   5.900026e+02   9.842180e-03
  97 7.9839351971e+05  -2.53e+00  3.25e+02    2.017420e-03   1.113256e+01   5.732070e+02   9.575162e-03
   * 7.9890200974e+05   6.36e+01  3.25e+03    2.002581e-03   1.079051e+01   5.901565e+02   9.844635e-03
  98 7.9837426066e+05  -2.41e+00  3.25e+02    2.017979e-03   1.112690e+01   5.734745e+02   9.579178e-03
   * 7.9887442394e+05   6.26e+01  3.25e+03    2.002332e-03   1.078779e+01   5.903097e+02   9.847081e-03
  99 7.9835588582e+05  -2.30e+00  3.25e+02    2.018512e-03   1.112134e+01   5.737383e+02   9.583145e-03
   * 7.9884816957e+05   6.16e+01  3.25e+03    2.002078e-03   1.078507e+01   5.904622e+02   9.849519e-03
 100 7.9833835199e+05  -2.20e+00  3.25e+02    2.019019e-03   1.111586e+01   5.739986e+02   9.587064e-03
   * 7.9882317070e+05   6.07e+01  3.25e+03    2.001819e-03   1.078237e+01   5.906140e+02   9.851949e-03
 101 7.9832161818e+05  -2.10e+00  3.25e+02    2.019501e-03   1.111047e+01   5.742554e+02   9.590937e-03
   * 7.9879935629e+05   5.98e+01  3.25e+03    2.001556e-03   1.077968e+01   5.907652e+02   9.854371e-03
 102 7.9830564551e+05  -2.00e+00  3.25e+02    2.019959e-03   1.110515e+01   5.745089e+02   9.594763e-03
   * 7.9877665995e+05   5.90e+01  3.25e+03    2.001288e-03   1.077699e+01   5.909157e+02   9.856785e-03
 103 7.9829039706e+05  -1.91e+00  3.25e+02    2.020393e-03   1.109992e+01   5.747591e+02   9.598546e-03
   * 7.9875501949e+05   5.82e+01  3.25e+03    2.001016e-03   1.077432e+01   5.910657e+02   9.859192e-03
 104 7.9827583779e+05  -1.82e+00  3.25e+02    2.020804e-03   1.109476e+01   5.750060e+02   9.602285e-03
   * 7.9873437671e+05   5.74e+01  3.25e+03    2.000739e-03   1.077166e+01   5.912151e+02   9.861592e-03
 105 7.9826193445e+05  -1.74e+00  3.25e+02    2.021193e-03   1.108968e+01   5.752499e+02   9.605982e-03
   * 7.9871467707e+05   5.67e+01  3.25e+03    2.000458e-03   1.076900e+01   5.913639e+02   9.863984e-03
 106 7.9824865547e+05  -1.66e+00  3.25e+02    2.021560e-03   1.108466e+01   5.754908e+02   9.609639e-03
   * 7.9869586948e+05   5.60e+01  3.25e+03    2.000173e-03   1.076636e+01   5.915121e+02   9.866370e-03
 107 7.9823597085e+05  -1.59e+00  3.25e+02    2.021906e-03   1.107972e+01   5.757287e+02   9.613255e-03
   * 7.9867790600e+05   5.53e+01  3.25e+03    1.999884e-03   1.076372e+01   5.916599e+02   9.868750e-03
 108 7.9822385214e+05  -1.52e+00  3.25e+02    2.022231e-03   1.107485e+01   5.759637e+02   9.616833e-03
   * 7.9866074166e+05   5.47e+01  3.25e+03    1.999591e-03   1.076109e+01   5.918071e+02   9.871123e-03
 109 7.9821227229e+05  -1.45e+00  3.25e+02    2.022535e-03   1.107005e+01   5.761960e+02   9.620372e-03
   * 7.9864433425e+05   5.41e+01  3.25e+03    1.999295e-03   1.075847e+01   5.919538e+02   9.873489e-03
 110 7.9820120563e+05  -1.39e+00  3.25e+02    2.022821e-03   1.106531e+01   5.764255e+02   9.623875e-03
   * 7.9862864414e+05   5.35e+01  3.25e+03    1.998995e-03   1.075586e+01   5.921000e+02   9.875850e-03
 111 7.9819062775e+05  -1.33e+00  3.25e+02    2.023087e-03   1.106063e+01   5.766523e+02   9.627342e-03
   * 7.9861363407e+05   5.30e+01  3.25e+03    1.998691e-03   1.075326e+01   5.922457e+02   9.878205e-03
 112 7.9818051549e+05  -1.27e+00  3.25e+02    2.023335e-03   1.105602e+01   5.768766e+02   9.630774e-03
   * 7.9859926905e+05   5.24e+01  3.25e+03    1.998384e-03   1.075067e+01   5.923910e+02   9.880555e-03
 113 7.9817084682e+05  -1.21e+00  3.25e+02    2.023564e-03   1.105146e+01   5.770984e+02   9.634171e-03
   * 7.9858551614e+05   5.19e+01  3.25e+03    1.998073e-03   1.074808e+01   5.925358e+02   9.882899e-03
 114 7.9816160083e+05  -1.16e+00  3.25e+02    2.023776e-03   1.104697e+01   5.773177e+02   9.637536e-03
   * 7.9857234437e+05   5.14e+01  3.25e+03    1.997759e-03   1.074550e+01   5.926802e+02   9.885238e-03
 115 7.9815275762e+05  -1.11e+00  3.25e+02    2.023971e-03   1.104253e+01   5.775346e+02   9.640868e-03
   * 7.9855972457e+05   5.10e+01  3.25e+03    1.997442e-03   1.074293e+01   5.928242e+02   9.887572e-03
 116 7.9814429830e+05  -1.06e+00  3.25e+02    2.024149e-03   1.103814e+01   5.777491e+02   9.644169e-03
   * 7.9854762926e+05   5.05e+01  3.25e+03    1.997122e-03   1.074036e+01   5.929677e+02   9.889900e-03
 117 7.9813620491e+05  -1.01e+00  3.25e+02    2.024311e-03   1.103381e+01   5.779615e+02   9.647439e-03
   * 7.9853603258e+05   5.01e+01  3.25e+03    1.996799e-03   1.073780e+01   5.931109e+02   9.892224e-03
 118 7.9812846036e+05  -9.70e-01  3.25e+02    2.024457e-03   1.102954e+01   5.781716e+02   9.650680e-03
iter      chisq       delta/lim  lambda   a             b             c             d            

After 118 iterations the fit converged.
final sum of squares of residuals : 798128
rel. change during last iteration : -9.70338e-06

degrees of freedom    (FIT_NDF)                        : 42
rms of residuals      (FIT_STDFIT) = sqrt(WSSR/ndf)    : 137.852
variance of residuals (reduced chisquare) = WSSR/ndf   : 19003.1

Final set of parameters            Asymptotic Standard Error
=======================            ==========================
a               = 0.00202446       +/- 0.009798     (484%)
b               = 11.0295          +/- 49.39        (447.8%)
c               = 578.172          +/- 2611         (451.6%)
d               = 0.00965068       +/- 0.04364      (452.2%)

correlation matrix of the fit parameters:
                a      b      c      d      
a               1.000 
b               0.998  1.000 
c              -0.999 -1.000  1.000 
d              -0.999 -1.000  1.000  1.000 
