
# Curve 0 of 1, 33 points
# Curve title: "reported deaths"
# x y xlow xhigh type
-1  1146 -1 -1  i
 302  1  302  302  i
 305  1  305  305  i
 313  2  313  313  i
 324  1  324  324  i
 325  1  325  325  i
 326  1  326  326  i
 347  1  347  347  i
 348  1  348  348  i
 363  1  363  363  i
 377  1  377  377  i
 379  1  379  379  i
 382  1  382  382  i
 388  1  388  388  i
 389  1  389  389  i
 400  1  400  400  i
 405  1  405  405  i
 414  1  414  414  i
 418  1  418  418  i
 422  1  422  422  i
 427  1  427  427  i
 428  1  428  428  i
 430  3  430  430  i
 433  1  433  433  i
 439  1  439  439  i
 440  1  440  440  i
 443  1  443  443  i
 447  1  447  447  i
 448  1  448  448  i
 452  1  452  452  i
 456  1  456  456  i
 458  2  458  458  i


