
# Curve 0 of 1, 173 points
# Curve title: "reported deaths"
# x y xlow xhigh type
-1  732 -1 -1  i
 98  1  98  98  i
 111  1  111  111  i
 170  1  170  170  i
 244  1  244  244  i
 246  1  246  246  i
 266  1  266  266  i
 270  1  270  270  i
 275  1  275  275  i
 282  1  282  282  i
 286  2  286  286  i
 287  1  287  287  i
 289  2  289  289  i
 291  1  291  291  i
 292  1  292  292  i
 293  1  293  293  i
 294  1  294  294  i
 295  4  295  295  i
 296  2  296  296  i
 297  1  297  297  i
 298  1  298  298  i
 299  1  299  299  i
 300  4  300  300  i
 301  7  301  301  i
 303  4  303  303  i
 304  1  304  304  i
 305  3  305  305  i
 306  2  306  306  i
 307  3  307  307  i
 308  2  308  308  i
 309  2  309  309  i
 310  2  310  310  i
 311  2  311  311  i
 312  8  312  312  i
 313  2  313  313  i
 314  4  314  314  i
 315  1  315  315  i
 316  2  316  316  i
 317  4  317  317  i
 318  4  318  318  i
 320  4  320  320  i
 321  2  321  321  i
 323  2  323  323  i
 325  2  325  325  i
 327  2  327  327  i
 328  1  328  328  i
 329  2  329  329  i
 332  2  332  332  i
 335  3  335  335  i
 338  2  338  338  i
 339  3  339  339  i
 341  1  341  341  i
 342  2  342  342  i
 343  2  343  343  i
 345  1  345  345  i
 347  1  347  347  i
 348  2  348  348  i
 349  4  349  349  i
 350  2  350  350  i
 351  1  351  351  i
 352  1  352  352  i
 353  4  353  353  i
 354  3  354  354  i
 355  1  355  355  i
 356  3  356  356  i
 357  2  357  357  i
 358  2  358  358  i
 359  2  359  359  i
 360  4  360  360  i
 361  2  361  361  i
 362  1  362  362  i
 363  5  363  363  i
 364  4  364  364  i
 365  1  365  365  i
 366  2  366  366  i
 367  4  367  367  i
 368  2  368  368  i
 369  1  369  369  i
 370  2  370  370  i
 371  3  371  371  i
 372  1  372  372  i
 373  5  373  373  i
 374  2  374  374  i
 375  1  375  375  i
 376  5  376  376  i
 377  2  377  377  i
 378  2  378  378  i
 379  2  379  379  i
 380  5  380  380  i
 381  4  381  381  i
 382  4  382  382  i
 383  2  383  383  i
 384  1  384  384  i
 385  4  385  385  i
 386  1  386  386  i
 387  2  387  387  i
 388  3  388  388  i
 389  2  389  389  i
 390  4  390  390  i
 391  3  391  391  i
 392  4  392  392  i
 393  3  393  393  i
 394  2  394  394  i
 395  1  395  395  i
 396  1  396  396  i
 398  1  398  398  i
 400  3  400  400  i
 401  1  401  401  i
 402  2  402  402  i
 403  3  403  403  i
 404  1  404  404  i
 405  3  405  405  i
 406  4  406  406  i
 407  1  407  407  i
 408  2  408  408  i
 409  2  409  409  i
 410  3  410  410  i
 411  4  411  411  i
 412  2  412  412  i
 413  2  413  413  i
 414  4  414  414  i
 415  3  415  415  i
 416  1  416  416  i
 417  2  417  417  i
 418  6  418  418  i
 419  2  419  419  i
 420  4  420  420  i
 421  1  421  421  i
 422  3  422  422  i
 423  3  423  423  i
 424  5  424  424  i
 425  5  425  425  i
 426  2  426  426  i
 427  6  427  427  i
 428  4  428  428  i
 429  5  429  429  i
 430  7  430  430  i
 431  2  431  431  i
 432  8  432  432  i
 433  7  433  433  i
 434  6  434  434  i
 435  9  435  435  i
 436  4  436  436  i
 437  4  437  437  i
 438  8  438  438  i
 439  7  439  439  i
 440  5  440  440  i
 441  6  441  441  i
 442  5  442  442  i
 443  4  443  443  i
 444  5  444  444  i
 445  6  445  445  i
 446  6  446  446  i
 447  1  447  447  i
 448  2  448  448  i
 449  4  449  449  i
 450  6  450  450  i
 451  2  451  451  i
 452  2  452  452  i
 453  3  453  453  i
 454  1  454  454  i
 455  1  455  455  i
 456  4  456  456  i
 457  4  457  457  i
 458  4  458  458  i
 459  1  459  459  i
 460  1  460  460  i
 462  2  462  462  i
 463  1  463  463  i
 464  2  464  464  i
 465  1  465  465  i
 466  3  466  466  i


