
# Curve 0 of 1, 230 points
# Curve title: "CFR predicted deaths B.1.1.7"
# x y xlow xhigh type
-1  969.486 -1 -1  i
 91  0.117845  91  91  i
 93  0.150006  93  93  i
 97  0.10445  97  97  i
 101  0.132957  101  101  i
 190  0.169243  190  190  i
 233  0.117845  233  233  i
 252  0.243058  252  252  i
 259  0.117845  259  259  i
 261  0.215432  261  261  i
 263  0.169243  263  263  i
 265  0.215432  265  265  i
 267  0.150006  267  267  i
 269  0.274227  269  269  i
 274  0.413843  274  274  i
 276  0.117845  276  276  i
 277  0.215432  277  277  i
 278  0.407184  278  278  i
 282  0.811647  282  282  i
 283  0.10445  283  283  i
 285  0.496522  285  285  i
 286  1.4916  286  286  i
 287  0.834421  287  287  i
 288  1.57684  288  288  i
 289  1.86101  289  289  i
 290  2.74731  290  290  i
 291  1.61681  291  291  i
 292  0.319882  292  292  i
 293  0.923935  293  293  i
 294  1.05309  294  294  i
 295  2.00553  295  295  i
 296  1.81944  296  296  i
 297  1.21124  297  297  i
 298  1.18533  298  298  i
 299  3.77683  299  299  i
 300  2.03037  300  300  i
 301  1.36554  301  301  i
 302  4.77892  302  302  i
 303  7.44242  303  303  i
 304  2.8612  304  304  i
 305  4.65325  305  305  i
 306  1.18411  306  306  i
 307  3.64549  307  307  i
 308  3.06176  308  308  i
 309  3.10733  309  309  i
 310  2.86912  310  310  i
 311  3.07285  311  311  i
 312  1.83492  312  312  i
 313  2.55138  313  313  i
 314  2.85974  314  314  i
 315  2.99098  315  315  i
 316  2.23326  316  316  i
 317  6.92963  317  317  i
 318  1.19766  318  318  i
 319  1.12253  319  319  i
 320  2.98637  320  320  i
 321  4.6688  321  321  i
 322  2.41749  322  322  i
 323  6.34973  323  323  i
 324  2.84456  324  324  i
 325  4.19627  325  325  i
 326  1.72644  326  326  i
 327  2.3416  327  327  i
 328  0.510909  328  328  i
 329  1.43548  329  329  i
 330  3.80076  330  330  i
 331  1.44385  331  331  i
 332  1.31763  332  332  i
 334  1.2175  334  334  i
 335  1.77487  335  335  i
 336  1.23561  336  336  i
 337  1.35922  337  337  i
 338  2.69013  338  338  i
 339  1.2217  339  339  i
 341  1.0707  341  341  i
 342  0.986134  342  342  i
 343  1.18439  343  343  i
 344  2.06397  344  344  i
 345  3.76035  345  345  i
 346  1.36799  346  346  i
 348  2.16059  348  348  i
 349  0.663102  349  349  i
 350  2.24736  350  350  i
 351  1.1733  351  351  i
 352  1.33961  352  352  i
 353  1.39704  353  353  i
 354  0.75226  354  354  i
 355  3.02161  355  355  i
 356  1.90934  356  356  i
 357  5.61384  357  357  i
 358  1.05351  358  358  i
 359  1.84564  359  359  i
 360  1.09051  360  360  i
 361  0.752219  361  361  i
 362  2.76952  362  362  i
 363  1.85001  363  363  i
 364  5.62906  364  364  i
 365  0.10445  365  365  i
 366  2.87481  366  366  i
 367  1.79966  367  367  i
 368  0.222295  368  368  i
 369  2.17118  369  369  i
 370  1.96875  370  370  i
 371  3.57659  371  371  i
 372  2.45217  372  372  i
 373  0.525028  373  373  i
 374  2.9023  374  374  i
 375  1.65675  375  375  i
 376  4.88429  376  376  i
 377  3.13458  377  377  i
 378  4.60073  378  378  i
 379  4.60033  379  379  i
 380  3.50538  380  380  i
 381  2.46677  381  381  i
 382  2.4742  382  382  i
 383  3.91026  383  383  i
 384  3.11879  384  384  i
 385  4.40644  385  385  i
 386  4.60808  386  386  i
 387  2.12119  387  387  i
 388  1.3488  388  388  i
 389  1.98168  389  389  i
 390  2.60317  390  390  i
 391  2.96725  391  391  i
 392  3.25332  392  392  i
 393  1.75313  393  393  i
 394  1.37276  394  394  i
 395  2.02113  395  395  i
 396  0.831417  396  396  i
 397  2.90467  397  397  i
 398  2.53387  398  398  i
 399  2.6613  399  399  i
 400  3.02255  400  400  i
 401  2.82206  401  401  i
 402  1.05859  402  402  i
 403  0.489659  403  403  i
 404  2.35148  404  404  i
 405  1.50529  405  405  i
 406  2.3652  406  406  i
 407  1.9474  407  407  i
 408  2.12907  408  408  i
 409  0.810393  409  409  i
 410  1.12323  410  410  i
 411  2.88821  411  411  i
 412  1.55348  412  412  i
 413  2.16899  413  413  i
 414  2.56474  414  414  i
 415  4.02204  415  415  i
 416  1.09407  416  416  i
 417  1.39402  417  417  i
 418  2.15271  418  418  i
 419  2.06514  419  419  i
 420  2.30968  420  420  i
 421  1.87003  421  421  i
 422  2.51948  422  422  i
 423  3.04232  423  423  i
 424  1.01188  424  424  i
 425  3.2135  425  425  i
 426  7.53279  426  426  i
 427  4.45463  427  427  i
 428  3.7854  428  428  i
 429  2.93455  429  429  i
 430  0.961454  430  430  i
 431  1.12106  431  431  i
 432  3.30098  432  432  i
 433  4.70692  433  433  i
 434  2.43248  434  434  i
 435  3.79293  435  435  i
 436  2.40619  436  436  i
 437  1.26785  437  437  i
 438  2.18336  438  438  i
 439  2.61616  439  439  i
 440  3.47188  440  440  i
 441  3.17347  441  441  i
 442  4.27707  442  442  i
 443  5.01516  443  443  i
 444  2.98072  444  444  i
 445  1.88537  445  445  i
 446  2.42132  446  446  i
 447  3.91552  447  447  i
 448  1.65131  448  448  i
 449  2.62031  449  449  i
 450  1.16758  450  450  i
 451  2.86213  451  451  i
 452  0.645479  452  452  i
 453  1.69485  453  453  i
 454  1.65789  454  454  i
 455  1.87494  455  455  i
 456  3.12747  456  456  i
 457  1.23194  457  457  i
 458  0.94903  458  458  i
 459  0.135785  459  459  i
 460  0.991166  460  460  i
 461  0.690411  461  461  i
 462  1.0433  462  462  i
 463  1.21452  463  463  i
 464  0.271571  464  464  i
 465  0.153198  465  465  i
 466  0.930072  466  466  i
 468  0.907304  468  468  i
 469  0.612792  469  469  i
 470  1.26346  470  470  i
 471  0.846625  471  471  i
 472  0.415024  472  472  i
 473  0.373214  473  473  i
 474  0.695908  474  474  i
 475  0.767736  475  475  i
 476  0.555409  476  476  i
 477  0.931549  477  477  i
 478  0.733004  478  478  i
 479  0.604724  479  479  i
 480  0.288984  480  480  i
 481  1.8088  481  481  i
 482  0.803638  482  482  i
 483  0.153198  483  483  i
 484  0.444415  484  484  i
 486  0.135785  486  486  i
 488  0.248229  488  488  i
 491  0.153198  491  491  i
 494  0.135785  494  494  i
 495  0.172844  495  495  i
 496  0.280061  496  496  i
 497  0.220016  497  497  i
 498  1.2176  498  498  i
 499  0.631951  499  499  i
 500  0.315975  500  500  i
 501  0.195008  501  501  i
 502  0.510984  502  502  i
 503  0.401428  503  503  i


