
# Curve 0 of 1, 150 points
# Curve title: "2nd dose"
# x y xlow xhigh type
-1  68100 -1 -1  i
 369  0  369  369  i
 370  0  370  370  i
 371  0  371  371  i
 372  0  372  372  i
 373  0  373  373  i
 376  0  376  376  i
 377  0  377  377  i
 378  0  378  378  i
 379  0  379  379  i
 380  0  380  380  i
 382  0  382  382  i
 383  0  383  383  i
 384  0  384  384  i
 385  0  385  385  i
 386  0  386  386  i
 387  0  387  387  i
 388  0  388  388  i
 390  16  390  390  i
 391  31  391  391  i
 392  48  392  392  i
 393  61  393  393  i
 394  39  394  394  i
 397  82  397  397  i
 398  73  398  398  i
 399  84  399  399  i
 400  143  400  400  i
 401  103  401  401  i
 404  82  404  404  i
 405  111  405  405  i
 406  115  406  406  i
 407  176  407  407  i
 408  141  408  408  i
 409  11  409  409  i
 411  27  411  411  i
 412  26  412  412  i
 413  18  413  413  i
 414  20  414  414  i
 415  44  415  415  i
 416  0  416  416  i
 418  19  418  418  i
 419  14  419  419  i
 420  6  420  420  i
 421  10  421  421  i
 422  10  422  422  i
 423  0  423  423  i
 424  0  424  424  i
 425  10  425  425  i
 426  6  426  426  i
 427  4  427  427  i
 428  23  428  428  i
 429  7  429  429  i
 430  0  430  430  i
 431  0  431  431  i
 432  28  432  432  i
 433  8  433  433  i
 434  3  434  434  i
 435  5  435  435  i
 436  21  436  436  i
 437  3  437  437  i
 438  0  438  438  i
 439  33  439  439  i
 440  44  440  440  i
 441  12  441  441  i
 442  17  442  442  i
 443  41  443  443  i
 444  18  444  444  i
 445  27  445  445  i
 446  49  446  446  i
 447  44  447  447  i
 448  87  448  448  i
 449  111  449  449  i
 450  65  450  450  i
 451  45  451  451  i
 452  2  452  452  i
 453  50  453  453  i
 454  23  454  454  i
 455  35  455  455  i
 456  56  456  456  i
 457  14  457  457  i
 458  9  458  458  i
 459  7  459  459  i
 460  15  460  460  i
 461  42  461  461  i
 462  110  462  462  i
 463  61  463  463  i
 464  41  464  464  i
 465  10  465  465  i
 466  0  466  466  i
 467  31  467  467  i
 468  46  468  468  i
 469  47  469  469  i
 470  112  470  470  i
 471  126  471  471  i
 472  4  472  472  i
 473  1  473  473  i
 474  28  474  474  i
 475  53  475  475  i
 476  52  476  476  i
 477  102  477  477  i
 478  37  478  478  i
 479  39  479  479  i
 480  39  480  480  i
 481  18  481  481  i
 482  32  482  482  i
 483  114  483  483  i
 484  68  484  484  i
 485  146  485  485  i
 486  43  486  486  i
 487  35  487  487  i
 488  54  488  488  i
 489  67  489  489  i
 490  99  490  490  i
 491  96  491  491  i
 492  124  492  492  i
 493  58  493  493  i
 494  35  494  494  i
 495  68  495  495  i
 496  55  496  496  i
 497  58  497  497  i
 498  49  498  498  i
 499  89  499  499  i
 500  0  500  500  i
 501  3  501  501  i
 502  28  502  502  i
 503  63  503  503  i
 504  83  504  504  i
 505  131  505  505  i
 506  152  506  506  i
 507  24  507  507  i
 508  29  508  508  i
 509  141  509  509  i
 510  94  510  510  i
 511  141  511  511  i
 512  180  512  512  i
 513  279  513  513  i
 514  40  514  514  i
 515  34  515  515  i
 516  166  516  516  i
 517  173  517  517  i
 518  136  518  518  i
 519  140  519  519  i
 520  134  520  520  i
 521  46  521  521  i
 522  38  522  522  i
 523  210  523  523  i
 524  155  524  524  i
 525  133  525  525  i
 526  108  526  526  i


