
# Curve 0 of 1, 149 points
# Curve title: "1st dose"
# x y xlow xhigh type
-1  135203 -1 -1  i
 369  5  369  369  i
 370  18  370  370  i
 371  22  371  371  i
 372  27  372  372  i
 373  14  373  373  i
 376  50  376  376  i
 377  49  377  377  i
 378  51  378  378  i
 379  71  379  379  i
 380  72  380  380  i
 383  47  383  383  i
 384  65  384  384  i
 385  86  385  385  i
 386  98  386  386  i
 387  81  387  387  i
 388  2  388  388  i
 390  23  390  390  i
 391  20  391  391  i
 392  12  392  392  i
 393  21  393  393  i
 394  21  394  394  i
 397  6  397  397  i
 398  16  398  398  i
 399  10  399  399  i
 400  9  400  400  i
 401  25  401  401  i
 404  6  404  404  i
 405  14  405  405  i
 406  2  406  406  i
 407  8  407  407  i
 408  11  408  408  i
 409  0  409  409  i
 411  26  411  411  i
 412  28  412  412  i
 413  12  413  413  i
 414  13  414  414  i
 415  12  415  415  i
 416  3  416  416  i
 418  18  418  418  i
 419  27  419  419  i
 420  64  420  420  i
 421  59  421  421  i
 422  86  422  422  i
 423  35  423  423  i
 424  54  424  424  i
 425  229  425  425  i
 426  127  426  426  i
 427  101  427  427  i
 428  144  428  428  i
 429  109  429  429  i
 430  35  430  430  i
 431  13  431  431  i
 432  104  432  432  i
 433  74  433  433  i
 434  63  434  434  i
 435  91  435  435  i
 436  59  436  436  i
 437  5  437  437  i
 438  7  438  438  i
 439  79  439  439  i
 440  107  440  440  i
 441  76  441  441  i
 442  88  442  442  i
 443  98  443  443  i
 444  10  444  444  i
 445  2  445  445  i
 446  88  446  446  i
 447  111  447  447  i
 448  115  448  448  i
 449  97  449  449  i
 450  73  450  450  i
 451  7  451  451  i
 452  2  452  452  i
 453  53  453  453  i
 454  82  454  454  i
 455  91  455  455  i
 456  125  456  456  i
 457  19  457  457  i
 458  33  458  458  i
 459  11  459  459  i
 460  8  460  460  i
 461  59  461  461  i
 462  159  462  462  i
 463  136  463  463  i
 464  158  464  464  i
 465  69  465  465  i
 466  15  466  466  i
 467  239  467  467  i
 468  233  468  468  i
 469  272  469  469  i
 470  555  470  470  i
 471  428  471  471  i
 472  142  472  472  i
 473  40  473  473  i
 474  954  474  474  i
 475  1109  475  475  i
 476  1197  476  476  i
 477  1555  477  477  i
 478  1383  478  478  i
 479  583  479  479  i
 480  483  480  480  i
 481  1410  481  481  i
 482  1740  482  482  i
 483  1492  483  483  i
 484  1465  484  484  i
 485  1234  485  485  i
 486  308  486  486  i
 487  218  487  487  i
 488  1083  488  488  i
 489  1219  489  489  i
 490  1170  490  490  i
 491  977  491  491  i
 492  751  492  492  i
 493  221  493  493  i
 494  101  494  494  i
 495  727  495  495  i
 496  578  496  496  i
 497  683  497  497  i
 498  585  498  498  i
 499  420  499  499  i
 500  199  500  500  i
 501  170  501  501  i
 502  328  502  502  i
 503  453  503  503  i
 504  365  504  504  i
 505  340  505  505  i
 506  293  506  506  i
 507  87  507  507  i
 508  169  508  508  i
 509  280  509  509  i
 510  292  510  510  i
 511  330  511  511  i
 512  484  512  512  i
 513  250  513  513  i
 514  71  514  514  i
 515  66  515  515  i
 516  183  516  516  i
 517  220  517  517  i
 518  230  518  518  i
 519  232  519  519  i
 520  281  520  520  i
 521  102  521  521  i
 522  95  522  522  i
 523  221  523  523  i
 524  246  524  524  i
 525  226  525  525  i
 526  154  526  526  i


