
# Curve 0 of 1, 401 points
# Curve title: "CFR predicted deaths"
# x y xlow xhigh type
-1  1.22546e+06 -1 -1  o
 60  1  60  60  i
 64  1  64  64  i
 65  4  65  65  i
 66  1  66  66  i
 67  2  67  67  i
 68  2  68  68  i
 69  5  69  69  i
 70  7  70  70  i
 71  2  71  71  i
 72  4  72  72  i
 73  10  73  73  i
 74  17  74  74  i
 75  21  75  75  i
 76  16  76  76  i
 77  26  77  77  i
 78  60  78  78  i
 79  22  79  79  i
 80  38  80  80  i
 81  26  81  81  i
 82  23  82  82  i
 83  49  83  83  i
 84  65  84  84  i
 85  43  85  85  i
 86  84  86  86  i
 87  61  87  87  i
 88  28  88  88  i
 89  33  89  89  i
 90  65  90  90  i
 91  53  91  91  i
 92  58  92  92  i
 93  79  93  93  i
 94  60  94  94  i
 95  17  95  95  i
 96  44  96  96  i
 97  41  97  97  i
 98  67  98  98  i
 99  44  99  99  i
 100  34  100  100  i
 101  26  101  101  i
 102  17  102  102  i
 103  9  103  103  i
 104  12  104  104  i
 105  23  105  105  i
 106  18  106  106  i
 107  18  107  107  i
 108  22  108  108  i
 109  16  109  109  i
 110  19  110  110  i
 111  24  111  111  i
 112  16  112  112  i
 113  11  113  113  i
 114  20  114  114  i
 115  17  115  115  i
 116  5  116  116  i
 117  6  117  117  i
 118  7  118  118  i
 119  8  119  119  i
 120  15  120  120  i
 121  11  121  121  i
 122  3  122  122  i
 123  6  123  123  i
 124  3  124  124  i
 125  20  125  125  i
 126  13  126  126  i
 127  16  127  127  i
 128  6  128  128  i
 129  1  129  129  i
 130  2  130  130  i
 131  11  131  131  i
 132  7  132  132  i
 133  8  133  133  i
 134  22  134  134  i
 135  9  135  135  i
 136  12  136  136  i
 137  5  137  137  i
 138  34  138  138  i
 139  19  139  139  i
 140  18  140  140  i
 141  7  141  141  i
 142  10  142  142  i
 143  16  143  143  i
 144  24  144  144  i
 145  8  145  145  i
 146  14  146  146  i
 147  3  147  147  i
 148  12  148  148  i
 149  11  149  149  i
 150  6  150  150  i
 151  7  151  151  i
 152  4  152  152  i
 153  13  153  153  i
 154  10  154  154  i
 155  13  155  155  i
 156  6  156  156  i
 157  6  157  157  i
 158  15  158  158  i
 159  18  159  159  i
 160  9  160  160  i
 161  18  161  161  i
 162  17  162  162  i
 163  8  163  163  i
 164  9  164  164  i
 165  7  165  165  i
 166  8  166  166  i
 167  11  167  167  i
 168  15  168  168  i
 169  32  169  169  i
 170  22  170  170  i
 171  12  171  171  i
 172  8  172  172  i
 173  12  173  173  i
 174  22  174  174  i
 175  26  175  175  i
 176  26  176  176  i
 177  36  177  177  i
 178  51  178  178  i
 179  79  179  179  i
 180  67  180  180  i
 181  40  181  181  i
 182  19  182  182  i
 183  32  183  183  i
 184  27  184  184  i
 185  33  185  185  i
 186  13  186  186  i
 187  10  187  187  i
 188  37  188  188  i
 189  21  189  189  i
 190  26  190  190  i
 191  19  191  191  i
 192  11  192  192  i
 193  10  193  193  i
 194  10  194  194  i
 195  20  195  195  i
 196  33  196  196  i
 197  28  197  197  i
 198  29  198  198  i
 199  19  199  199  i
 200  15  200  200  i
 201  46  201  201  i
 202  46  202  202  i
 203  29  203  203  i
 204  36  204  204  i
 205  34  205  205  i
 206  16  206  206  i
 207  18  207  207  i
 208  40  208  208  i
 209  51  209  209  i
 210  55  210  210  i
 211  38  211  211  i
 212  34  212  212  i
 213  26  213  213  i
 214  16  214  214  i
 215  42  215  215  i
 216  51  216  216  i
 217  34  217  217  i
 218  34  218  218  i
 219  43  219  219  i
 220  18  220  220  i
 221  24  221  221  i
 222  17  222  222  i
 223  41  223  223  i
 224  61  224  224  i
 225  61  225  225  i
 226  42  226  226  i
 227  37  227  227  i
 228  14  228  228  i
 229  32  229  229  i
 230  46  230  230  i
 231  61  231  231  i
 232  28  232  232  i
 233  82  233  233  i
 234  36  234  234  i
 235  17  235  235  i
 236  32  236  236  i
 237  64  237  237  i
 238  69  238  238  i
 239  59  239  239  i
 240  71  240  240  i
 241  54  241  241  i
 242  42  242  242  i
 243  44  243  243  i
 244  102  244  244  i
 245  112  245  245  i
 246  110  246  246  i
 247  136  247  247  i
 248  113  248  248  i
 249  65  249  249  i
 250  99  250  250  i
 251  215  251  251  i
 252  207  252  252  i
 253  243  253  253  i
 254  238  254  254  i
 255  242  255  255  i
 256  134  256  256  i
 257  181  257  257  i
 258  314  258  258  i
 259  398  259  259  i
 260  512  260  260  i
 261  354  261  261  i
 262  361  262  262  i
 263  161  263  263  i
 264  281  264  264  i
 265  397  265  265  i
 266  414  266  266  i
 267  508  267  267  i
 268  607  268  268  i
 269  398  269  269  i
 270  233  270  270  i
 271  267  271  271  i
 272  426  272  272  i
 273  621  273  273  i
 274  772  274  274  i
 275  817  275  275  i
 276  545  276  276  i
 277  377  277  277  i
 278  639  278  278  i
 279  996  279  279  i
 280  1131  280  280  i
 281  1217  281  281  i
 282  1847  282  282  i
 283  1008  283  283  i
 284  635  284  284  i
 285  878  285  285  i
 286  1915  286  286  i
 287  2229  287  287  i
 288  2168  288  288  i
 289  2437  289  289  i
 290  1945  290  290  i
 291  1106  291  291  i
 292  1808  292  292  i
 293  2883  293  293  i
 294  3537  294  294  i
 295  3161  295  295  i
 296  3336  296  296  i
 297  2886  297  297  i
 298  1642  298  298  i
 299  2282  299  299  i
 300  3499  300  300  i
 301  2791  301  301  i
 302  2834  302  302  i
 303  2963  303  303  i
 304  2452  304  304  i
 305  1379  305  305  i
 306  1977  306  306  i
 307  2605  307  307  i
 308  3398  308  308  i
 309  2639  309  309  i
 310  2198  310  310  i
 311  1559  311  311  i
 312  633  312  312  i
 313  1224  313  313  i
 314  1791  314  314  i
 315  1736  315  315  i
 316  1515  316  316  i
 317  1366  317  317  i
 318  741  318  318  i
 319  392  319  319  i
 320  977  320  320  i
 321  837  321  321  i
 322  1091  322  322  i
 323  1269  323  323  i
 324  1034  324  324  i
 325  584  325  325  i
 326  255  326  326  i
 327  807  327  327  i
 328  1136  328  328  i
 329  913  329  329  i
 330  690  330  330  i
 331  856  331  331  i
 332  489  332  332  i
 333  195  333  333  i
 334  634  334  334  i
 335  1092  335  335  i
 336  884  336  336  i
 337  925  337  337  i
 338  883  338  338  i
 339  615  339  339  i
 340  194  340  340  i
 341  809  341  341  i
 342  1167  342  342  i
 343  1226  343  343  i
 344  1134  344  344  i
 345  1181  345  345  i
 346  648  346  346  i
 347  386  347  347  i
 348  1004  348  348  i
 349  1564  349  349  i
 350  1689  350  350  i
 351  1607  351  351  i
 352  1705  352  352  i
 353  1055  353  353  i
 354  698  354  354  i
 355  1604  355  355  i
 356  2362  356  356  i
 357  2997  357  357  i
 358  938  358  358  i
 359  565  359  359  i
 360  636  360  360  i
 361  787  361  361  i
 362  2372  362  362  i
 363  3609  363  363  i
 364  3533  364  364  i
 365  2711  365  365  i
 366  622  366  366  i
 367  949  367  367  i
 368  1218  368  368  i
 369  2666  369  369  i
 370  3450  370  370  i
 371  3533  371  371  i
 372  2737  372  372  i
 373  2516  373  373  i
 374  1575  374  374  i
 375  816  375  375  i
 376  1789  376  376  i
 377  2092  377  377  i
 378  2145  378  378  i
 379  1593  379  379  i
 380  1771  380  380  i
 381  968  381  381  i
 382  462  382  382  i
 383  1527  383  383  i
 384  1975  384  384  i
 385  1556  385  385  i
 386  1450  386  386  i
 387  1648  387  387  i
 388  842  388  388  i
 389  451  389  389  i
 390  1418  390  390  i
 391  1875  391  391  i
 392  1674  392  392  i
 393  1656  393  393  i
 394  1564  394  394  i
 395  780  395  395  i
 396  508  396  396  i
 397  1403  397  397  i
 398  1882  398  398  i
 399  1982  399  399  i
 400  1553  400  400  i
 401  1702  401  401  i
 402  950  402  402  i
 403  454  403  403  i
 404  1665  404  404  i
 405  2230  405  405  i
 406  1977  406  406  i
 407  1729  407  407  i
 408  1715  408  408  i
 409  1025  409  409  i
 410  616  410  410  i
 411  1840  411  411  i
 412  2600  412  412  i
 413  2288  413  413  i
 414  2431  414  414  i
 415  2226  415  415  i
 416  1315  416  416  i
 417  756  417  417  i
 418  2282  418  418  i
 419  3362  419  419  i
 420  2809  420  420  i
 421  2898  421  421  i
 422  2934  422  422  i
 423  1550  423  423  i
 424  883  424  424  i
 425  2473  425  425  i
 426  3363  426  426  i
 427  3087  427  427  i
 428  3112  428  428  i
 429  2582  429  429  i
 430  1866  430  430  i
 431  761  431  431  i
 432  2183  432  432  i
 433  3233  433  433  i
 434  2943  434  434  i
 435  2210  435  435  i
 436  2980  436  436  i
 437  1352  437  437  i
 438  673  438  438  i
 439  2083  439  439  i
 440  2836  440  440  i
 441  2345  441  441  i
 442  2209  442  442  i
 443  1873  443  443  i
 444  1052  444  444  i
 445  412  445  445  i
 446  1561  446  446  i
 447  2156  447  447  i
 448  1686  448  448  i
 449  1494  449  449  i
 450  1392  450  450  i
 451  691  451  451  i
 452  289  452  452  i
 453  1311  453  453  i
 454  1695  454  454  i
 455  1313  455  455  i
 456  1170  456  456  i
 457  714  457  457  i
 458  361  458  458  i
 459  329  459  459  i
 460  260  460  460  i
 461  1034  461  461  i


