
# Curve 0 of 1, 395 points
# Curve title: "CFR predicted deaths"
# x y xlow xhigh type
-1  2925.53 -1 -1  i
 77  0.000255153  77  77  i
 80  0.000466445  80  80  i
 81  0.000287872  81  81  i
 82  0.000954764  82  82  i
 84  0.000848898  84  84  i
 85  0.00244505  85  85  i
 86  0.000994639  86  86  i
 87  0.0016746  87  87  i
 88  0.00100717  88  88  i
 89  0.00144479  89  89  i
 90  0.00128497  90  90  i
 91  0.00351554  91  91  i
 92  0.00114468  92  92  i
 93  0.00119393  93  93  i
 94  0.00148644  94  94  i
 95  0.000960183  95  95  i
 96  0.000779866  96  96  i
 97  0.000481304  97  97  i
 98  0.00105252  98  98  i
 99  0.000226152  99  99  i
 100  0.000226152  100  100  i
 101  0.00219178  101  101  i
 103  0.000579941  103  103  i
 104  0.00120466  104  104  i
 105  0.00183136  105  105  i
 106  0.00310939  106  106  i
 107  0.00146371  107  107  i
 108  0.000879873  108  108  i
 109  0.000666892  109  109  i
 110  0.000200447  110  110  i
 111  0.00100717  111  111  i
 112  0.000714471  112  112  i
 113  0.00105252  113  113  i
 115  0.00052626  115  115  i
 116  0.000593745  116  116  i
 117  0.000514024  117  117  i
 118  0.00137516  118  118  i
 119  0.000287872  119  119  i
 120  0.000200447  120  120  i
 121  0.000366438  121  121  i
 122  0.00061266  122  122  i
 125  0.000366438  125  125  i
 126  0.00184006  126  126  i
 128  0.000466445  128  128  i
 130  0.000779866  130  130  i
 131  0.000255153  131  131  i
 132  0.0004556  132  132  i
 133  0.000426599  133  133  i
 134  0.000366438  134  134  i
 136  0.000226152  136  136  i
 137  0.00052626  137  137  i
 139  0.000226152  139  139  i
 140  0.000960183  140  140  i
 141  0.000779866  141  141  i
 142  0.000324788  142  142  i
 143  0.00118057  143  143  i
 144  0.000226152  144  144  i
 145  0.00272131  145  145  i
 146  0.00232364  146  146  i
 147  0.00347676  147  147  i
 148  0.000510305  148  148  i
 149  0.00134058  149  149  i
 150  0.00284462  150  150  i
 151  0.00282509  151  151  i
 152  0.000932889  152  152  i
 153  0.00129112  153  153  i
 154  0.00137361  154  154  i
 155  0.000200447  155  155  i
 156  0.00101738  156  156  i
 157  0.000226152  157  157  i
 158  0.00048832  158  158  i
 159  0.000481304  159  159  i
 160  0.000324788  160  160  i
 161  0.00151632  161  161  i
 162  0.00126233  162  162  i
 165  0.00145736  165  165  i
 166  0.000413428  166  166  i
 167  0.00212832  167  167  i
 168  0.000892697  168  168  i
 170  0.00107505  170  170  i
 171  0.000891673  171  171  i
 173  0.000324788  173  173  i
 174  0.000466445  174  174  i
 175  0.00130816  175  175  i
 176  0.00341249  176  176  i
 177  0.00110777  177  177  i
 178  0.000769177  178  178  i
 179  0.000481304  179  179  i
 180  0.00297683  180  180  i
 181  0.00248405  181  181  i
 182  0.00312836  182  182  i
 183  0.00291425  183  183  i
 184  0.00741887  184  184  i
 185  0.0101307  185  185  i
 186  0.0221481  186  186  i
 187  0.0113843  187  187  i
 188  0.00462341  188  188  i
 189  0.00266012  189  189  i
 190  0.00397728  190  190  i
 191  0.00442914  191  191  i
 192  0.00188705  192  192  i
 193  0.00346155  193  193  i
 194  0.000832882  194  194  i
 195  0.00437307  195  195  i
 196  0.00592936  196  196  i
 197  0.00293245  197  197  i
 198  0.00434904  198  198  i
 199  0.00152945  199  199  i
 200  0.00111898  200  200  i
 201  0.00242688  201  201  i
 202  0.00178162  202  202  i
 203  0.0040316  203  203  i
 204  0.00245083  204  204  i
 205  0.000691226  205  205  i
 206  0.00129563  206  206  i
 207  0.00127955  207  207  i
 208  0.00253662  208  208  i
 209  0.00340307  209  209  i
 210  0.00554623  210  210  i
 211  0.00147839  211  211  i
 212  0.00122756  212  212  i
 213  0.000881617  213  213  i
 214  0.00052626  214  214  i
 215  0.00128916  215  215  i
 216  0.00173843  216  216  i
 217  0.000366438  217  217  i
 218  0.000993369  218  218  i
 219  0.00225367  219  219  i
 221  0.00131534  221  221  i
 222  0.00278452  222  222  i
 223  0.00310088  223  223  i
 224  0.00422304  224  224  i
 225  0.00193137  225  225  i
 226  0.00317833  226  226  i
 227  0.00162213  227  227  i
 228  0.000324788  228  228  i
 230  0.00184024  230  230  i
 231  0.00129441  231  231  i
 232  0.00241227  232  232  i
 233  0.00168689  233  233  i
 234  0.00061266  234  234  i
 235  0.00112249  235  235  i
 236  0.00313009  236  236  i
 237  0.000287872  237  237  i
 238  0.00061266  238  238  i
 239  0.000525235  239  239  i
 240  0.0016092  240  240  i
 241  0.000200447  241  241  i
 242  0.000426599  242  242  i
 243  0.00241107  243  243  i
 244  0.00229605  244  244  i
 245  0.00255096  245  245  i
 246  0.00223196  246  246  i
 247  0.00311397  247  247  i
 248  0.00320885  248  248  i
 249  0.000579941  249  249  i
 250  0.000200447  250  250  i
 251  0.00131647  251  251  i
 252  0.00181145  252  252  i
 253  0.00181488  253  253  i
 254  0.00143416  254  254  i
 255  0.00105705  255  255  i
 256  0.0033251  256  256  i
 257  0.00447995  257  257  i
 258  0.00366688  258  258  i
 259  0.00345969  259  259  i
 260  0.00417338  260  260  i
 261  0.00418318  261  261  i
 262  0.00316484  262  262  i
 263  0.00265559  263  263  i
 264  0.00396083  264  264  i
 265  0.00329904  265  265  i
 266  0.0102387  266  266  i
 267  0.0123349  267  267  i
 268  0.00588042  268  268  i
 269  0.0045835  269  269  i
 270  0.00233221  270  270  i
 271  0.00303664  271  271  i
 272  0.00837323  272  272  i
 273  0.0108626  273  273  i
 274  0.009978  274  274  i
 275  0.0105286  275  275  i
 276  0.00679751  276  276  i
 277  0.00689432  277  277  i
 278  0.0023353  278  278  i
 279  0.00709879  279  279  i
 280  0.0120592  280  280  i
 281  0.017852  281  281  i
 282  0.0231063  282  282  i
 283  0.0116811  283  283  i
 284  0.0120244  284  284  i
 285  0.0147595  285  285  i
 286  0.0254588  286  286  i
 287  0.0305207  287  287  i
 288  0.028015  288  288  i
 289  0.0554095  289  289  i
 290  0.0246061  290  290  i
 291  0.0320793  291  291  i
 292  0.0201604  292  292  i
 293  0.0352019  293  293  i
 294  0.0600455  294  294  i
 295  0.0543092  295  295  i
 296  0.0696036  296  296  i
 297  0.0375579  297  297  i
 298  0.045088  298  298  i
 299  0.0536353  299  299  i
 300  0.043187  300  300  i
 301  0.0828604  301  301  i
 302  0.0866818  302  302  i
 303  0.0840783  303  303  i
 304  0.0726147  304  304  i
 305  0.0485713  305  305  i
 306  0.0656253  306  306  i
 307  0.072227  307  307  i
 308  0.0801557  308  308  i
 309  0.0558329  309  309  i
 310  0.0695241  310  310  i
 311  0.0749326  311  311  i
 312  0.0652614  312  312  i
 313  0.0575852  313  313  i
 314  0.0745634  314  314  i
 315  0.0920583  315  315  i
 316  0.0815116  316  316  i
 317  0.0571919  317  317  i
 318  0.051784  318  318  i
 319  0.0341592  319  319  i
 320  0.0334455  320  320  i
 321  0.0430991  321  321  i
 322  0.0567137  322  322  i
 323  0.0324135  323  323  i
 324  0.0496341  324  324  i
 325  0.0358272  325  325  i
 326  0.0316903  326  326  i
 327  0.0223825  327  327  i
 328  0.0184663  328  328  i
 329  0.0364741  329  329  i
 330  0.0368111  330  330  i
 331  0.033759  331  331  i
 332  0.0147637  332  332  i
 333  0.0175077  333  333  i
 334  0.0210868  334  334  i
 335  0.0361492  335  335  i
 336  0.0352905  336  336  i
 337  0.0291774  337  337  i
 338  0.0249789  338  338  i
 339  0.0161634  339  339  i
 340  0.00560535  340  340  i
 341  0.0179179  341  341  i
 342  0.0379895  342  342  i
 343  0.0322489  343  343  i
 344  0.037898  344  344  i
 345  0.028487  345  345  i
 346  0.0156726  346  346  i
 347  0.0100276  347  347  i
 348  0.022659  348  348  i
 349  0.0541781  349  349  i
 350  0.03306  350  350  i
 351  0.0404156  351  351  i
 352  0.0462392  352  352  i
 353  0.0277363  353  353  i
 354  0.0168965  354  354  i
 355  0.0424185  355  355  i
 356  0.0603175  356  356  i
 357  0.068434  357  357  i
 358  0.0624646  358  358  i
 359  0.0803777  359  359  i
 360  0.0475846  360  360  i
 361  0.0466732  361  361  i
 362  0.0581415  362  362  i
 363  0.0943933  363  363  i
 364  0.098901  364  364  i
 365  0.0461448  365  365  i
 366  0.0140433  366  366  i
 367  0.0228597  367  367  i
 368  0.0456781  368  368  i
 369  0.098449  369  369  i
 370  0.128301  370  370  i
 371  0.136355  371  371  i
 372  0.10001  372  372  i
 373  0.0177002  373  373  i
 374  0.0457335  374  374  i
 375  0.0656589  375  375  i
 376  0.113851  376  376  i
 377  0.1396  377  377  i
 378  0.129565  378  378  i
 379  0.126671  379  379  i
 380  0.105855  380  380  i
 381  0.0684236  381  381  i
 382  0.0325543  382  382  i
 383  0.0651639  383  383  i
 384  0.0691306  384  384  i
 385  0.0666936  385  385  i
 386  0.0514933  386  386  i
 387  0.0632908  387  387  i
 388  0.0385071  388  388  i
 389  0.0327941  389  389  i
 390  0.0308801  390  390  i
 391  0.0531089  391  391  i
 392  0.0304046  392  392  i
 393  0.0361178  393  393  i
 394  0.0411005  394  394  i
 395  0.0244176  395  395  i
 396  0.0196174  396  396  i
 397  0.038854  397  397  i
 398  0.0532277  398  398  i
 399  0.0395371  399  399  i
 400  0.0358154  400  400  i
 401  0.0326925  401  401  i
 402  0.0251296  402  402  i
 403  0.0122925  403  403  i
 404  0.0377032  404  404  i
 405  0.0385644  405  405  i
 406  0.033542  406  406  i
 407  0.0328172  407  407  i
 408  0.0388437  408  408  i
 409  0.019703  409  409  i
 410  0.0130839  410  410  i
 411  0.028877  411  411  i
 412  0.0419787  412  412  i
 413  0.0311515  413  413  i
 414  0.0363533  414  414  i
 415  0.032103  415  415  i
 416  0.0216952  416  416  i
 417  0.00891418  417  417  i
 418  0.0380089  418  418  i
 419  0.0529427  419  419  i
 420  0.0521432  420  420  i
 421  0.042126  421  421  i
 422  0.0447101  422  422  i
 423  0.0274168  423  423  i
 424  0.00782963  424  424  i
 425  0.0444882  425  425  i
 426  0.0722308  426  426  i
 427  0.0545337  427  427  i
 428  0.0613464  428  428  i
 429  0.0569666  429  429  i
 430  0.0263736  430  430  i
 431  0.0178285  431  431  i
 432  0.0551063  432  432  i
 433  0.0669908  433  433  i
 434  0.0579309  434  434  i
 435  0.0564508  435  435  i
 436  0.0387072  436  436  i
 437  0.0403792  437  437  i
 438  0.0129405  438  438  i
 439  0.0521969  439  439  i
 440  0.0628108  440  440  i
 441  0.046252  441  441  i
 442  0.0573578  442  442  i
 443  0.0605885  443  443  i
 444  0.0248365  444  444  i
 445  0.0114663  445  445  i
 446  0.0775271  446  446  i
 447  0.061722  447  447  i
 448  0.0514993  448  448  i
 449  0.0561062  449  449  i
 450  0.0393178  450  450  i
 451  0.0243366  451  451  i
 452  0.00934168  452  452  i
 453  0.0460294  453  453  i
 454  0.0504217  454  454  i
 455  0.0520233  455  455  i
 456  0.0376873  456  456  i
 457  0.0335687  457  457  i
 458  0.0231493  458  458  i
 459  0.00636676  459  459  i
 460  0.036586  460  460  i
 461  0.04713  461  461  i
 462  0.050405  462  462  i
 463  0.0454941  463  463  i
 464  0.016428  464  464  i
 465  0.0145548  465  465  i
 466  0.0110735  466  466  i
 467  0.00596926  467  467  i
 468  0.0364982  468  468  i
 469  0.0405962  469  469  i
 470  0.032543  470  470  i
 471  0.0295018  471  471  i
 472  0.0125909  472  472  i
 473  0.00304187  473  473  i
 474  0.0308403  474  474  i
 475  0.0271394  475  475  i
 476  0.028019  476  476  i
 477  0.022751  477  477  i
 478  0.0253785  478  478  i
 479  0.0100989  479  479  i
 480  0.00738877  480  480  i
 481  0.0252744  481  481  i
 482  0.0282167  482  482  i
 483  0.0215957  483  483  i
 484  0.0194571  484  484  i
 485  0.0174616  485  485  i
 486  0.00769796  486  486  i


