
# Curve 0 of 1, 412 points
# Curve title: "CFR predicted deaths"
# x y xlow xhigh type
-1  2952.48 -1 -1  i
 81  0.000967159  81  81  i
 82  0.00467605  82  82  i
 83  0.00266435  83  83  i
 84  0.00302958  84  84  i
 85  0.00318108  85  85  i
 86  0.00216965  86  86  i
 87  0.00393159  87  87  i
 88  0.00773395  88  88  i
 89  0.00360612  89  89  i
 90  0.00122872  90  90  i
 91  0.00705825  91  91  i
 92  0.00552695  92  92  i
 93  0.00382398  93  93  i
 94  0.0018552  94  94  i
 96  0.0031477  96  96  i
 97  0.000759798  97  97  i
 98  0.00204865  98  98  i
 99  0.00162024  99  99  i
 100  0.0110224  100  100  i
 101  0.0126326  101  101  i
 102  0.00109118  102  102  i
 103  0.00513949  103  103  i
 104  0.00707641  104  104  i
 105  0.0112378  105  105  i
 106  0.00805195  106  106  i
 107  0.000967159  107  107  i
 108  0.0037171  108  108  i
 109  0.00356865  109  109  i
 111  0.00219588  111  111  i
 112  0.00469371  112  112  i
 114  0.00355257  114  114  i
 115  0.0038153  115  115  i
 116  0.000967159  116  116  i
 117  0.0018552  117  117  i
 118  0.00294558  118  118  i
 119  0.00316543  119  119  i
 121  0.00646117  121  121  i
 122  0.000967159  122  122  i
 123  0.000967159  123  123  i
 124  0.000673439  124  124  i
 125  0.00442859  125  125  i
 126  0.00223354  126  126  i
 127  0.00376902  127  127  i
 128  0.00321875  128  128  i
 130  0.00325763  130  130  i
 131  0.000967159  131  131  i
 132  0.00317249  132  132  i
 133  0.00204865  133  133  i
 134  0.00381851  134  134  i
 135  0.000529052  135  135  i
 138  0.000529052  138  138  i
 139  0.000596895  139  139  i
 141  0.00616905  141  141  i
 142  0.002157  142  142  i
 143  0.00299574  143  143  i
 144  0.000759798  144  144  i
 145  0.0237593  145  145  i
 146  0.014176  146  146  i
 147  0.0128248  147  147  i
 148  0.00434706  148  148  i
 149  0.00228497  149  149  i
 150  0.0102117  150  150  i
 151  0.0199529  151  151  i
 152  0.00633321  152  152  i
 153  0.00909856  153  153  i
 154  0.0023223  154  154  i
 155  0.00481648  155  155  i
 156  0.0043534  156  156  i
 158  0.00318034  158  158  i
 159  0.00371128  159  159  i
 160  0.00450622  160  160  i
 161  0.00539936  161  161  i
 162  0.00630415  162  162  i
 163  0.00371128  163  163  i
 164  0.00418999  164  164  i
 165  0.00836909  165  165  i
 166  0.0120347  166  166  i
 167  0.00305673  167  167  i
 168  0.0078576  168  168  i
 169  0.00384189  169  169  i
 170  0.00361845  170  170  i
 171  0.00361115  171  171  i
 172  0.00138899  172  172  i
 173  0.00441064  173  173  i
 174  0.00290858  174  174  i
 175  0.00585231  175  175  i
 176  0.0181201  176  176  i
 177  0.0113239  177  177  i
 178  0.00850253  178  178  i
 179  0.00505026  179  179  i
 180  0.00367858  180  180  i
 181  0.00878257  181  181  i
 182  0.00800195  182  182  i
 183  0.0170836  183  183  i
 184  0.0258234  184  184  i
 185  0.0425289  185  185  i
 186  0.0662045  186  186  i
 187  0.0548472  187  187  i
 188  0.0310028  188  188  i
 189  0.00865505  189  189  i
 190  0.022442  190  190  i
 191  0.0137388  191  191  i
 192  0.0169262  192  192  i
 193  0.00811411  193  193  i
 194  0.00838041  194  194  i
 195  0.0199709  195  195  i
 196  0.00927732  196  196  i
 197  0.0137239  197  197  i
 198  0.00459575  198  198  i
 199  0.00363649  199  199  i
 200  0.00458956  200  200  i
 201  0.00562612  201  201  i
 202  0.00856648  202  202  i
 203  0.0151033  203  203  i
 204  0.0139476  204  204  i
 205  0.00909364  205  205  i
 206  0.0126344  206  206  i
 207  0.00244788  207  207  i
 208  0.0196255  208  208  i
 209  0.0130295  209  209  i
 210  0.010648  210  210  i
 211  0.00764288  211  211  i
 212  0.00457328  212  212  i
 213  0.0010581  213  213  i
 214  0.00416056  214  214  i
 215  0.00371128  215  215  i
 216  0.00492855  216  216  i
 217  0.00719783  217  217  i
 218  0.00439415  218  218  i
 219  0.00262185  219  219  i
 220  0.00541388  220  220  i
 221  0.00229331  221  221  i
 222  0.00522138  222  222  i
 223  0.00965889  223  223  i
 224  0.00642243  224  224  i
 225  0.00511793  225  225  i
 226  0.00477722  226  226  i
 227  0.00474026  227  227  i
 228  0.00424071  228  228  i
 230  0.00187593  230  230  i
 231  0.010166  231  231  i
 232  0.0110739  232  232  i
 233  0.00224351  233  233  i
 234  0.00423443  234  234  i
 236  0.00278882  236  236  i
 237  0.0048253  237  237  i
 238  0.00693892  238  238  i
 239  0.00332331  239  239  i
 240  0.00936188  240  240  i
 241  0.0036224  241  241  i
 242  0.00270821  242  242  i
 243  0.00427418  243  243  i
 244  0.00461561  244  244  i
 245  0.00394625  245  245  i
 246  0.00198588  246  246  i
 247  0.00254531  247  247  i
 248  0.00295567  248  248  i
 249  0.00166271  249  249  i
 250  0.0023199  250  250  i
 251  0.0042284  251  251  i
 252  0.0045227  252  252  i
 253  0.00472678  253  253  i
 254  0.00917176  254  254  i
 255  0.00236152  255  255  i
 256  0.00211649  256  256  i
 257  0.00716692  257  257  i
 258  0.0100944  258  258  i
 259  0.0159892  259  259  i
 260  0.0134204  260  260  i
 261  0.0153979  261  261  i
 262  0.00660315  262  262  i
 263  0.007203  263  263  i
 264  0.0067133  264  264  i
 265  0.0137613  265  265  i
 266  0.0353248  266  266  i
 267  0.0184319  267  267  i
 268  0.0123293  268  268  i
 269  0.0212908  269  269  i
 270  0.00365  270  270  i
 271  0.0114837  271  271  i
 272  0.0245792  272  272  i
 273  0.0109493  273  273  i
 274  0.0284795  274  274  i
 275  0.0301633  275  275  i
 276  0.0233781  276  276  i
 277  0.0225604  277  277  i
 278  0.0179644  278  278  i
 279  0.0187499  279  279  i
 280  0.0451351  280  280  i
 281  0.049657  281  281  i
 282  0.0653575  282  282  i
 283  0.052772  283  283  i
 284  0.0366242  284  284  i
 285  0.0563136  285  285  i
 286  0.0713361  286  286  i
 287  0.0900581  287  287  i
 288  0.110009  288  288  i
 289  0.15781  289  289  i
 290  0.0919795  290  290  i
 291  0.0982147  291  291  i
 292  0.0678204  292  292  i
 293  0.137276  293  293  i
 294  0.21541  294  294  i
 295  0.204919  295  295  i
 296  0.176997  296  296  i
 297  0.106311  297  297  i
 298  0.124325  298  298  i
 299  0.163208  299  299  i
 300  0.163985  300  300  i
 301  0.277089  301  301  i
 302  0.293994  302  302  i
 303  0.321991  303  303  i
 304  0.232791  304  304  i
 305  0.16309  305  305  i
 306  0.258357  306  306  i
 307  0.272269  307  307  i
 308  0.287874  308  308  i
 309  0.186485  309  309  i
 310  0.261623  310  310  i
 311  0.244955  311  311  i
 312  0.22946  312  312  i
 313  0.217416  313  313  i
 314  0.247208  314  314  i
 315  0.350798  315  315  i
 316  0.296208  316  316  i
 317  0.22427  317  317  i
 318  0.207447  318  318  i
 319  0.0847914  319  319  i
 320  0.154362  320  320  i
 321  0.159299  321  321  i
 322  0.202109  322  322  i
 323  0.136222  323  323  i
 324  0.159292  324  324  i
 325  0.108559  325  325  i
 326  0.0895303  326  326  i
 327  0.074969  327  327  i
 328  0.0784877  328  328  i
 329  0.118336  329  329  i
 330  0.13082  330  330  i
 331  0.116251  331  331  i
 332  0.0679433  332  332  i
 333  0.0398229  333  333  i
 334  0.0711578  334  334  i
 335  0.136367  335  335  i
 336  0.109665  336  336  i
 337  0.0877068  337  337  i
 338  0.0957993  338  338  i
 339  0.0431782  339  339  i
 340  0.0322244  340  340  i
 341  0.0694561  341  341  i
 342  0.114411  342  342  i
 343  0.133193  343  343  i
 344  0.127972  344  344  i
 345  0.109107  345  345  i
 346  0.0599321  346  346  i
 347  0.0255568  347  347  i
 348  0.0910235  348  348  i
 349  0.186255  349  349  i
 350  0.114674  350  350  i
 351  0.130446  351  351  i
 352  0.147806  352  352  i
 353  0.0857919  353  353  i
 354  0.0504048  354  354  i
 355  0.112358  355  355  i
 356  0.192689  356  356  i
 357  0.247889  357  357  i
 358  0.20048  358  358  i
 359  0.228782  359  359  i
 360  0.131634  360  360  i
 361  0.140989  361  361  i
 362  0.237389  362  362  i
 363  0.300386  363  363  i
 364  0.310661  364  364  i
 365  0.171001  365  365  i
 366  0.0617285  366  366  i
 367  0.0780047  367  367  i
 368  0.134204  368  368  i
 369  0.341064  369  369  i
 370  0.437804  370  370  i
 371  0.45943  371  371  i
 372  0.307645  372  372  i
 373  0.0382148  373  373  i
 374  0.13796  374  374  i
 375  0.186905  375  375  i
 376  0.336558  376  376  i
 377  0.402719  377  377  i
 378  0.352414  378  378  i
 379  0.348001  379  379  i
 380  0.291975  380  380  i
 381  0.197361  381  381  i
 382  0.127919  382  382  i
 383  0.236584  383  383  i
 384  0.231478  384  384  i
 385  0.21775  385  385  i
 386  0.168661  386  386  i
 387  0.181187  387  387  i
 388  0.108694  388  388  i
 389  0.0965821  389  389  i
 390  0.118231  390  390  i
 391  0.179686  391  391  i
 392  0.112673  392  392  i
 393  0.126217  393  393  i
 394  0.138038  394  394  i
 395  0.0600134  395  395  i
 396  0.0454476  396  396  i
 397  0.111803  397  397  i
 398  0.158939  398  398  i
 399  0.110605  399  399  i
 400  0.100487  400  400  i
 401  0.0983182  401  401  i
 402  0.0743971  402  402  i
 403  0.0273012  403  403  i
 404  0.0949965  404  404  i
 405  0.12228  405  405  i
 406  0.0973778  406  406  i
 407  0.0885944  407  407  i
 408  0.130093  408  408  i
 409  0.0517113  409  409  i
 410  0.0251672  410  410  i
 411  0.075658  411  411  i
 412  0.117417  412  412  i
 413  0.115937  413  413  i
 414  0.11349  414  414  i
 415  0.0898144  415  415  i
 416  0.0588984  416  416  i
 417  0.0306788  417  417  i
 418  0.123515  418  418  i
 419  0.144392  419  419  i
 420  0.145893  420  420  i
 421  0.116739  421  421  i
 422  0.130151  422  422  i
 423  0.0905121  423  423  i
 424  0.0307682  424  424  i
 425  0.123479  425  425  i
 426  0.237899  426  426  i
 427  0.17061  427  427  i
 428  0.174074  428  428  i
 429  0.161091  429  429  i
 430  0.0828556  430  430  i
 431  0.0450719  431  431  i
 432  0.171437  432  432  i
 433  0.196873  433  433  i
 434  0.184444  434  434  i
 435  0.160993  435  435  i
 436  0.136807  436  436  i
 437  0.102083  437  437  i
 438  0.0269526  438  438  i
 439  0.164292  439  439  i
 440  0.19538  440  440  i
 441  0.142535  441  441  i
 442  0.143469  442  442  i
 443  0.18288  443  443  i
 444  0.07032  444  444  i
 445  0.0244658  445  445  i
 446  0.23848  446  446  i
 447  0.182144  447  447  i
 448  0.178689  448  448  i
 449  0.179095  449  449  i
 450  0.127301  450  450  i
 451  0.07016  451  451  i
 452  0.0338978  452  452  i
 453  0.140159  453  453  i
 454  0.16331  454  454  i
 455  0.145501  455  455  i
 456  0.128332  456  456  i
 457  0.128386  457  457  i
 458  0.0657092  458  458  i
 459  0.0185022  459  459  i
 460  0.136631  460  460  i
 461  0.145114  461  461  i
 462  0.112577  462  462  i
 463  0.128167  463  463  i
 464  0.0422234  464  464  i
 465  0.0470733  465  465  i
 466  0.0379992  466  466  i
 467  0.0192784  467  467  i
 468  0.135201  468  468  i
 469  0.137932  469  469  i
 470  0.129888  470  470  i
 471  0.0873462  471  471  i
 472  0.0410164  472  472  i
 473  0.0204365  473  473  i
 474  0.0944519  474  474  i
 475  0.107998  475  475  i
 476  0.0911922  476  476  i
 477  0.0624  477  477  i
 478  0.0520779  478  478  i
 479  0.0253306  479  479  i
 480  0.0284821  480  480  i
 481  0.0759224  481  481  i
 482  0.0919497  482  482  i
 483  0.0691739  483  483  i
 484  0.0423492  484  484  i
 485  0.0453385  485  485  i
 486  0.0394941  486  486  i
 487  0.0133856  487  487  i
 488  0.0564053  488  488  i
 489  0.090344  489  489  i
 490  0.0592827  490  490  i
 491  0.0506426  491  491  i
 492  0.0476972  492  492  i
 493  0.0223345  493  493  i
 494  0.00991934  494  494  i
 495  0.0513897  495  495  i
 496  0.0567325  496  496  i
 497  0.0449783  497  497  i
 498  0.0312153  498  498  i
 499  0.0361416  499  499  i
 500  0.018686  500  500  i
 501  0.0148991  501  501  i


