
# Curve 0 of 1, 382 points
# Curve title: "CFR predicted deaths"
# x y xlow xhigh type
-1  2775.19 -1 -1  i
 78  0.0106326  78  78  i
 82  0.00442812  82  82  i
 83  0.00716099  83  83  i
 84  0.0139656  84  84  i
 85  0.0129028  85  85  i
 86  0.00765251  86  86  i
 87  0.00730205  87  87  i
 88  0.0100538  88  88  i
 89  0.0234192  89  89  i
 90  0.0211541  90  90  i
 91  0.0153104  91  91  i
 92  0.0148217  92  92  i
 93  0.0168001  93  93  i
 96  0.00214694  96  96  i
 97  0.00308332  97  97  i
 98  0.0096903  98  98  i
 99  0.0103776  99  99  i
 100  0.00821868  100  100  i
 101  0.033759  101  101  i
 102  0.00633103  102  102  i
 103  0.0225721  103  103  i
 104  0.0176478  104  104  i
 105  0.0126104  105  105  i
 106  0.0275783  106  106  i
 107  0.00347872  107  107  i
 108  0.0146099  108  108  i
 109  0.0100408  109  109  i
 110  0.00404985  110  110  i
 111  0.0292606  111  111  i
 112  0.0271354  112  112  i
 113  0.0156535  113  113  i
 114  0.0144384  114  114  i
 115  0.01709  115  115  i
 116  0.014752  116  116  i
 117  0.0112732  117  117  i
 118  0.0276373  118  118  i
 119  0.0135566  119  119  i
 120  0.0194791  120  120  i
 121  0.00273287  121  121  i
 122  0.00242225  122  122  i
 123  0.0106326  123  123  i
 124  0.0149445  124  124  i
 125  0.00347872  125  125  i
 126  0.0106722  126  126  i
 127  0.0299477  127  127  i
 128  0.0180598  128  128  i
 130  0.00432516  130  130  i
 131  0.00523026  131  131  i
 132  0.0114681  132  132  i
 133  0.0143756  133  133  i
 135  0.0064721  135  135  i
 138  0.00965837  138  138  i
 139  0.00242225  139  139  i
 140  0.00656204  140  140  i
 141  0.01759  141  141  i
 142  0.00190291  142  142  i
 143  0.00392481  143  143  i
 145  0.0462521  145  145  i
 146  0.0266105  146  146  i
 147  0.0468006  147  147  i
 148  0.00761267  148  148  i
 149  0.013371  149  149  i
 150  0.0302967  150  150  i
 151  0.0499935  151  151  i
 152  0.0309307  152  152  i
 153  0.0247544  153  153  i
 154  0.00796313  154  154  i
 155  0.00214694  155  155  i
 156  0.00190291  156  156  i
 157  0.00751144  157  157  i
 159  0.00751144  159  159  i
 160  0.00714289  160  160  i
 161  0.00796313  161  161  i
 164  0.00242225  164  164  i
 165  0.0139437  165  165  i
 166  0.0358375  166  166  i
 167  0.0296536  167  167  i
 168  0.0243776  168  168  i
 169  0.0138408  169  169  i
 170  0.00634706  170  170  i
 171  0.0213125  171  171  i
 172  0.00784963  172  172  i
 174  0.00392481  174  174  i
 175  0.0219679  175  175  i
 176  0.0382926  176  176  i
 177  0.0354409  177  177  i
 178  0.0131748  178  178  i
 179  0.00308332  179  179  i
 181  0.0276591  181  181  i
 182  0.0435717  182  182  i
 183  0.0501661  183  183  i
 184  0.103126  184  184  i
 185  0.192499  185  185  i
 186  0.199825  186  186  i
 187  0.138644  187  187  i
 188  0.0770203  188  188  i
 189  0.0381595  189  189  i
 190  0.0408819  190  190  i
 191  0.0243411  191  191  i
 192  0.0458643  192  192  i
 193  0.0235159  193  193  i
 194  0.0264676  194  194  i
 195  0.0472999  195  195  i
 196  0.0501572  196  196  i
 197  0.0237486  197  197  i
 198  0.0383501  198  198  i
 199  0.0261405  199  199  i
 200  0.0256955  200  200  i
 201  0.0119944  201  201  i
 202  0.0230578  202  202  i
 203  0.0254017  203  203  i
 204  0.030962  204  204  i
 205  0.0190572  205  205  i
 206  0.0152477  206  206  i
 207  0.0310645  207  207  i
 208  0.0507447  208  208  i
 209  0.0440122  209  209  i
 210  0.0369125  210  210  i
 211  0.0215546  211  211  i
 212  0.0193727  212  212  i
 213  0.00308332  213  213  i
 214  0.00955046  214  214  i
 215  0.0171388  215  215  i
 216  0.0119677  216  216  i
 217  0.0218236  217  217  i
 218  0.0106607  218  218  i
 219  0.0223947  219  219  i
 220  0.0239942  220  220  i
 221  0.00892077  221  221  i
 222  0.0161728  222  222  i
 223  0.0433368  223  223  i
 224  0.0247457  224  224  i
 225  0.0200834  225  225  i
 226  0.0360823  226  226  i
 227  0.0235387  227  227  i
 228  0.00563662  228  228  i
 229  0.00847796  229  229  i
 230  0.0199405  230  230  i
 231  0.0169526  231  231  i
 232  0.0290336  232  232  i
 233  0.0133655  233  233  i
 234  0.0157565  234  234  i
 235  0.00242225  235  235  i
 236  0.00870897  236  236  i
 237  0.0175315  237  237  i
 238  0.00871994  238  238  i
 239  0.0123912  239  239  i
 240  0.0340931  240  240  i
 241  0.0135435  241  241  i
 242  0.0121569  242  242  i
 244  0.0281921  244  244  i
 245  0.00347872  245  245  i
 246  0.00392481  246  246  i
 247  0.0154514  247  247  i
 248  0.021303  248  248  i
 249  0.0125941  249  249  i
 250  0.00773064  250  250  i
 251  0.0132146  251  251  i
 252  0.0160886  252  252  i
 253  0.0100915  253  253  i
 254  0.0279864  254  254  i
 255  0.0106326  255  255  i
 257  0.017084  257  257  i
 258  0.0113855  258  258  i
 259  0.0268745  259  259  i
 260  0.0302931  260  260  i
 261  0.0303823  261  261  i
 262  0.0171707  262  262  i
 263  0.00498624  263  263  i
 264  0.0145417  264  264  i
 265  0.0314387  265  265  i
 266  0.0719665  266  266  i
 267  0.0643117  267  267  i
 268  0.0268735  268  268  i
 269  0.0649659  269  269  i
 270  0.019577  270  270  i
 271  0.0340795  271  271  i
 272  0.051676  272  272  i
 273  0.0392935  273  273  i
 274  0.0314618  274  274  i
 275  0.0982729  275  275  i
 276  0.0802734  276  276  i
 277  0.0373336  277  277  i
 278  0.0400687  278  278  i
 279  0.0230802  279  279  i
 280  0.161846  280  280  i
 281  0.176678  281  281  i
 282  0.234499  282  282  i
 283  0.147693  283  283  i
 284  0.149416  284  284  i
 285  0.170267  285  285  i
 286  0.198098  286  286  i
 287  0.322473  287  287  i
 288  0.288129  288  288  i
 289  0.562972  289  289  i
 290  0.293486  290  290  i
 291  0.241715  291  291  i
 292  0.18335  292  292  i
 293  0.321589  293  293  i
 294  0.678098  294  294  i
 295  0.514909  295  295  i
 296  0.490925  296  296  i
 297  0.416369  297  297  i
 298  0.367791  298  298  i
 299  0.504406  299  299  i
 300  0.468489  300  300  i
 301  0.89287  301  301  i
 302  0.884726  302  302  i
 303  0.922715  303  303  i
 304  0.645243  304  304  i
 305  0.382048  305  305  i
 306  0.834111  306  306  i
 307  0.853224  307  307  i
 308  0.965045  308  308  i
 309  0.685621  309  309  i
 310  0.876926  310  310  i
 311  0.845355  311  311  i
 312  0.748549  312  312  i
 313  0.669395  313  313  i
 314  0.801043  314  314  i
 315  1.12699  315  315  i
 316  0.96354  316  316  i
 317  0.663034  317  317  i
 318  0.67021  318  318  i
 319  0.411369  319  319  i
 320  0.486034  320  320  i
 321  0.69127  321  321  i
 322  0.638127  322  322  i
 323  0.585914  323  323  i
 324  0.582232  324  324  i
 325  0.366792  325  325  i
 326  0.262949  326  326  i
 327  0.314459  327  327  i
 328  0.30427  328  328  i
 329  0.493734  329  329  i
 330  0.404399  330  330  i
 331  0.49726  331  331  i
 332  0.25054  332  332  i
 333  0.156269  333  333  i
 334  0.197821  334  334  i
 335  0.439201  335  335  i
 336  0.42537  336  336  i
 337  0.25648  337  337  i
 338  0.285204  338  338  i
 339  0.122983  339  339  i
 340  0.093358  340  340  i
 341  0.261277  341  341  i
 342  0.489064  342  342  i
 343  0.386569  343  343  i
 344  0.379159  344  344  i
 345  0.334062  345  345  i
 346  0.185633  346  346  i
 347  0.114864  347  347  i
 348  0.352703  348  348  i
 349  0.595855  349  349  i
 350  0.47847  350  350  i
 351  0.431903  351  351  i
 352  0.469919  352  352  i
 353  0.298685  353  353  i
 354  0.152235  354  354  i
 355  0.413505  355  355  i
 356  0.788469  356  356  i
 357  0.704294  357  357  i
 358  0.644132  358  358  i
 359  0.790063  359  359  i
 360  0.426633  360  360  i
 361  0.389659  361  361  i
 362  0.748775  362  362  i
 363  0.956061  363  363  i
 364  1.02913  364  364  i
 365  0.51303  365  365  i
 366  0.189179  366  366  i
 367  0.298301  367  367  i
 368  0.446294  368  368  i
 369  1.03869  369  369  i
 370  1.40116  370  370  i
 371  1.5891  371  371  i
 372  1.13955  372  372  i
 373  0.147343  373  373  i
 374  0.549308  374  374  i
 375  0.66674  375  375  i
 376  1.33039  376  376  i
 377  1.47796  377  377  i
 378  1.49646  378  378  i
 379  1.35416  379  379  i
 380  1.01871  380  380  i
 381  0.755935  381  381  i
 382  0.43098  382  382  i
 383  0.88707  383  383  i
 384  0.880875  384  384  i
 385  0.910527  385  385  i
 386  0.602246  386  386  i
 387  0.642007  387  387  i
 388  0.417582  388  388  i
 389  0.334521  389  389  i
 390  0.443953  390  390  i
 391  0.598318  391  391  i
 392  0.436452  392  392  i
 393  0.469494  393  393  i
 394  0.518949  394  394  i
 395  0.200225  395  395  i
 396  0.204775  396  396  i
 397  0.456745  397  397  i
 398  0.591847  398  398  i
 399  0.374306  399  399  i
 400  0.400733  400  400  i
 401  0.396251  401  401  i
 402  0.20834  402  402  i
 403  0.140203  403  403  i
 404  0.350189  404  404  i
 405  0.450468  405  405  i
 406  0.297313  406  406  i
 407  0.332746  407  407  i
 408  0.471174  408  408  i
 409  0.194069  409  409  i
 410  0.0764701  410  410  i
 411  0.348863  411  411  i
 412  0.39922  412  412  i
 413  0.447586  413  413  i
 414  0.359753  414  414  i
 415  0.362847  415  415  i
 416  0.203542  416  416  i
 417  0.0627471  417  417  i
 418  0.346918  418  418  i
 419  0.596422  419  419  i
 420  0.496073  420  420  i
 421  0.419342  421  421  i
 422  0.412168  422  422  i
 423  0.268502  423  423  i
 424  0.085386  424  424  i
 425  0.381546  425  425  i
 426  0.71833  426  426  i
 427  0.662452  427  427  i
 428  0.578526  428  428  i
 429  0.53719  429  429  i
 430  0.395171  430  430  i
 431  0.173735  431  431  i
 432  0.584069  432  432  i
 433  0.692662  433  433  i
 434  0.637313  434  434  i
 435  0.668259  435  435  i
 436  0.517423  436  436  i
 437  0.351799  437  437  i
 438  0.107818  438  438  i
 439  0.521187  439  439  i
 440  0.717706  440  440  i
 441  0.546573  441  441  i
 442  0.636128  442  442  i
 443  0.640761  443  443  i
 444  0.290847  444  444  i
 445  0.0683676  445  445  i
 446  0.817033  446  446  i
 447  0.656571  447  447  i
 448  0.668754  448  448  i
 449  0.608648  449  449  i
 450  0.462206  450  450  i
 451  0.260618  451  451  i
 452  0.108719  452  452  i
 453  0.533395  453  453  i
 454  0.637439  454  454  i
 455  0.580993  455  455  i
 456  0.412207  456  456  i
 457  0.442229  457  457  i
 458  0.279032  458  458  i
 459  0.0798607  459  459  i
 460  0.472457  460  460  i
 461  0.506897  461  461  i
 462  0.436774  462  462  i
 463  0.453518  463  463  i
 464  0.137277  464  464  i
 465  0.123641  465  465  i
 466  0.137588  466  466  i
 467  0.0668918  467  467  i
 468  0.431988  468  468  i
 469  0.4695  469  469  i
 470  0.470632  470  470  i
 471  0.362275  471  471  i
 472  0.157621  472  472  i
 473  0.0663012  473  473  i
 474  0.36091  474  474  i


