
# Curve 0 of 1, 397 points
# Curve title: "daily incidence"
# x y xlow xhigh type
-1  142665 -1 -1  i
 71  2  71  71  i
 75  1  75  75  i
 76  2  76  76  i
 77  4  77  77  i
 78  3  78  78  i
 79  3  79  79  i
 80  3  80  80  i
 81  3  81  81  i
 82  6  82  82  i
 83  6  83  83  i
 84  4  84  84  i
 85  4  85  85  i
 86  7  86  86  i
 89  1  89  89  i
 90  1  90  90  i
 91  3  91  91  i
 92  3  92  92  i
 93  3  93  93  i
 94  10  94  94  i
 95  2  95  95  i
 96  5  96  96  i
 97  5  97  97  i
 98  5  98  98  i
 99  8  99  99  i
 100  1  100  100  i
 101  5  101  101  i
 102  3  102  102  i
 103  2  103  103  i
 104  8  104  104  i
 105  8  105  105  i
 106  5  106  106  i
 107  4  107  107  i
 108  5  108  108  i
 109  3  109  109  i
 110  2  110  110  i
 111  7  111  111  i
 112  4  112  112  i
 113  5  113  113  i
 114  1  114  114  i
 115  1  115  115  i
 116  2  116  116  i
 117  4  117  117  i
 118  1  118  118  i
 119  4  119  119  i
 120  10  120  120  i
 121  5  121  121  i
 123  2  123  123  i
 124  2  124  124  i
 125  4  125  125  i
 126  4  126  126  i
 128  3  128  128  i
 131  3  131  131  i
 132  1  132  132  i
 133  2  133  133  i
 134  4  134  134  i
 135  1  135  135  i
 136  1  136  136  i
 138  16  138  138  i
 139  8  139  139  i
 140  13  140  140  i
 141  3  141  141  i
 142  5  142  142  i
 143  11  143  143  i
 144  17  144  144  i
 145  11  145  145  i
 146  8  146  146  i
 147  3  147  147  i
 148  1  148  148  i
 149  1  149  149  i
 150  2  150  150  i
 152  2  152  152  i
 153  2  153  153  i
 154  3  154  154  i
 157  1  157  157  i
 158  5  158  158  i
 159  13  159  159  i
 160  10  160  160  i
 161  9  161  161  i
 162  6  162  162  i
 163  2  163  163  i
 164  7  164  164  i
 165  2  165  165  i
 167  1  167  167  i
 168  7  168  168  i
 169  12  169  169  i
 170  11  170  170  i
 171  4  171  171  i
 172  1  172  172  i
 174  8  174  174  i
 175  16  175  175  i
 176  15  176  176  i
 177  35  177  177  i
 178  68  178  178  i
 179  67  179  179  i
 180  46  180  180  i
 181  26  181  181  i
 182  11  182  182  i
 183  14  183  183  i
 184  10  184  184  i
 185  14  185  185  i
 186  7  186  186  i
 187  9  187  187  i
 188  14  188  188  i
 189  16  189  189  i
 190  8  190  190  i
 191  12  191  191  i
 192  8  192  192  i
 193  10  193  193  i
 194  4  194  194  i
 195  7  195  195  i
 196  8  196  196  i
 197  11  197  197  i
 198  5  198  198  i
 199  6  199  199  i
 200  9  200  200  i
 201  17  201  201  i
 202  12  202  202  i
 203  12  203  203  i
 204  6  204  204  i
 205  5  205  205  i
 206  1  206  206  i
 207  3  207  207  i
 208  5  208  208  i
 209  3  209  209  i
 210  5  210  210  i
 211  4  211  211  i
 212  6  212  212  i
 213  7  213  213  i
 214  2  214  214  i
 215  5  215  215  i
 216  13  216  216  i
 217  8  217  217  i
 218  7  218  218  i
 219  10  219  219  i
 220  7  220  220  i
 221  1  221  221  i
 222  3  222  222  i
 223  5  223  223  i
 224  5  224  224  i
 225  8  225  225  i
 226  3  226  226  i
 227  4  227  227  i
 228  1  228  228  i
 229  3  229  229  i
 230  4  230  230  i
 231  2  231  231  i
 232  4  232  232  i
 233  11  233  233  i
 234  3  234  234  i
 235  3  235  235  i
 237  8  237  237  i
 238  1  238  238  i
 239  1  239  239  i
 240  5  240  240  i
 241  6  241  241  i
 242  3  242  242  i
 243  3  243  243  i
 244  4  244  244  i
 245  5  245  245  i
 246  3  246  246  i
 247  7  247  247  i
 248  2  248  248  i
 250  7  250  250  i
 251  3  251  251  i
 252  9  252  252  i
 253  9  253  253  i
 254  9  254  254  i
 255  5  255  255  i
 256  2  256  256  i
 257  6  257  257  i
 258  10  258  258  i
 259  23  259  259  i
 260  20  260  260  i
 261  7  261  261  i
 262  19  262  262  i
 263  6  263  263  i
 264  11  264  264  i
 265  15  265  265  i
 266  11  266  266  i
 267  11  267  267  i
 268  30  268  268  i
 269  25  269  269  i
 270  12  270  270  i
 271  14  271  271  i
 272  7  272  272  i
 273  50  273  273  i
 274  51  274  274  i
 275  65  275  275  i
 276  45  276  276  i
 277  41  277  277  i
 278  48  278  278  i
 279  60  279  279  i
 280  95  280  280  i
 281  84  281  281  i
 282  163  282  282  i
 283  90  283  283  i
 284  78  284  284  i
 285  57  285  285  i
 286  94  286  286  i
 287  201  287  287  i
 288  147  288  288  i
 289  148  289  289  i
 290  119  290  290  i
 291  105  291  291  i
 292  153  292  292  i
 293  138  293  293  i
 294  274  294  294  i
 295  270  295  295  i
 296  280  296  296  i
 297  195  297  297  i
 298  118  298  298  i
 299  247  299  299  i
 300  260  300  300  i
 301  290  301  301  i
 302  207  302  302  i
 303  258  303  303  i
 304  245  304  304  i
 305  216  305  305  i
 306  191  306  306  i
 307  226  307  307  i
 308  336  308  308  i
 309  284  309  309  i
 310  196  310  310  i
 311  195  311  311  i
 312  117  312  312  i
 313  143  313  313  i
 314  202  314  314  i
 315  196  315  315  i
 316  159  316  316  i
 317  169  317  317  i
 318  106  318  318  i
 319  79  319  319  i
 320  94  320  320  i
 321  92  321  321  i
 322  137  322  322  i
 323  123  323  323  i
 324  146  324  324  i
 325  71  325  325  i
 326  49  326  326  i
 327  62  327  327  i
 328  126  328  328  i
 329  122  329  329  i
 330  78  330  330  i
 331  80  331  331  i
 332  39  332  332  i
 333  25  333  333  i
 334  76  334  334  i
 335  140  335  335  i
 336  114  336  336  i
 337  110  337  337  i
 338  100  338  338  i
 339  52  339  339  i
 340  32  340  340  i
 341  101  341  341  i
 342  172  342  342  i
 343  141  343  343  i
 344  128  344  344  i
 345  147  345  345  i
 346  88  346  346  i
 347  46  347  347  i
 348  119  348  348  i
 349  224  349  349  i
 350  199  350  350  i
 351  185  351  351  i
 352  230  352  352  i
 353  126  353  353  i
 354  116  354  354  i
 355  215  355  355  i
 356  275  356  356  i
 357  307  357  357  i
 358  156  358  358  i
 359  53  359  359  i
 360  94  360  360  i
 361  129  361  361  i
 362  296  362  362  i
 363  415  363  363  i
 364  463  364  364  i
 365  330  365  365  i
 366  46  366  366  i
 367  155  367  367  i
 368  197  368  368  i
 369  374  369  369  i
 370  428  370  370  i
 371  437  371  371  i
 372  394  372  372  i
 373  294  373  373  i
 374  219  374  374  i
 375  120  375  375  i
 376  252  376  376  i
 377  254  377  377  i
 378  260  378  378  i
 379  169  379  379  i
 380  193  380  380  i
 381  118  381  381  i
 382  106  382  382  i
 383  132  383  383  i
 384  174  384  384  i
 385  128  385  385  i
 386  139  386  386  i
 387  152  387  387  i
 388  53  388  388  i
 389  58  389  389  i
 390  127  390  390  i
 391  166  391  391  i
 392  111  392  392  i
 393  110  393  393  i
 394  112  394  394  i
 395  64  395  395  i
 396  39  396  396  i
 397  108  397  397  i
 398  129  398  398  i
 399  87  399  399  i
 400  102  400  400  i
 401  140  401  401  i
 402  60  402  402  i
 403  26  403  403  i
 404  98  404  404  i
 405  124  405  405  i
 406  132  406  406  i
 407  103  407  407  i
 408  108  408  408  i
 409  59  409  409  i
 410  20  410  410  i
 411  100  411  411  i
 412  168  412  412  i
 413  141  413  413  i
 414  117  414  414  i
 415  122  415  415  i
 416  77  416  416  i
 417  24  417  417  i
 418  116  418  418  i
 419  202  419  419  i
 420  185  420  420  i
 421  178  421  421  i
 422  156  422  422  i
 423  105  423  423  i
 424  47  424  424  i
 425  163  425  425  i
 426  208  426  426  i
 427  179  427  427  i
 428  196  428  428  i
 429  149  429  429  i
 430  103  430  430  i
 431  33  431  431  i
 432  155  432  432  i
 433  207  433  433  i
 434  162  434  434  i
 435  193  435  435  i
 436  182  436  436  i
 437  81  437  437  i
 438  20  438  438  i
 439  235  439  439  i
 440  193  440  440  i
 441  193  441  441  i
 442  175  442  442  i
 443  136  443  443  i
 444  78  444  444  i
 445  33  445  445  i
 446  155  446  446  i
 447  188  447  447  i
 448  167  448  448  i
 449  117  449  449  i
 450  130  450  450  i
 451  82  451  451  i
 452  25  452  452  i
 453  133  453  453  i
 454  143  454  454  i
 455  129  455  455  i
 456  133  456  456  i
 457  41  457  457  i
 458  39  458  458  i
 459  38  459  459  i
 460  19  460  460  i
 461  123  461  461  i
 462  133  462  462  i
 463  133  463  463  i
 464  103  464  464  i
 465  47  465  465  i
 466  18  466  466  i
 467  98  467  467  i
 468  93  468  468  i
 469  73  469  469  i
 470  67  470  470  i
 471  62  471  471  i
 472  32  472  472  i
 473  18  473  473  i
 474  70  474  474  i
 475  72  475  475  i
 476  49  476  476  i
 477  55  477  477  i
 478  63  478  478  i
 479  31  479  479  i
 480  14  480  480  i
 481  49  481  481  i
 482  70  482  482  i


