
# Curve 0 of 1, 373 points
# Curve title: "CFR predicted deaths"
# x y xlow xhigh type
-1  2516.54 -1 -1  i
 77  0.0193963  77  77  i
 79  0.0270116  79  79  i
 81  0.0418817  81  81  i
 84  0.0346341  84  84  i
 85  0.0171917  85  85  i
 87  0.0119707  87  87  i
 88  0.0193963  88  88  i
 89  0.0193963  89  89  i
 90  0.0329021  90  90  i
 91  0.12373  91  91  i
 92  0.193819  92  92  i
 93  0.120609  93  93  i
 94  0.0218837  94  94  i
 95  0.0314282  95  95  i
 96  0.104332  96  96  i
 97  0.0291625  97  97  i
 98  0.0821244  98  98  i
 99  0.0278561  99  99  i
 100  0.0474292  100  100  i
 101  0.0929455  101  101  i
 102  0.0497397  102  102  i
 103  0.117268  103  103  i
 104  0.0590734  104  104  i
 105  0.0119707  105  105  i
 106  0.0731762  106  106  i
 107  0.0856802  107  107  i
 108  0.107342  108  108  i
 109  0.0720501  109  109  i
 110  0.0353895  110  110  i
 111  0.0538524  111  111  i
 112  0.0725799  112  112  i
 113  0.0909738  113  113  i
 114  0.144698  114  114  i
 115  0.0398268  115  115  i
 117  0.0924737  117  117  i
 118  0.0193963  118  118  i
 119  0.0561182  119  119  i
 121  0.0171917  121  121  i
 122  0.0135058  122  122  i
 124  0.0193963  124  124  i
 125  0.0575921  125  125  i
 126  0.0391791  126  126  i
 127  0.095945  127  127  i
 128  0.0916214  128  128  i
 130  0.0246899  130  130  i
 132  0.0500939  132  132  i
 133  0.0763623  133  133  i
 134  0.0366606  134  134  i
 135  0.0193963  135  135  i
 137  0.0135058  137  137  i
 138  0.0119707  138  138  i
 139  0.0314282  139  139  i
 140  0.0354585  140  140  i
 141  0.0314282  141  141  i
 142  0.0287435  142  142  i
 143  0.0152377  143  143  i
 145  0.0254765  145  145  i
 146  0.0278561  146  146  i
 148  0.0119707  148  148  i
 149  0.0152377  149  149  i
 150  0.0593309  150  150  i
 151  0.0119707  151  151  i
 152  0.0559519  152  152  i
 153  0.0287435  153  153  i
 156  0.0633145  156  156  i
 160  0.0506962  160  160  i
 162  0.0314282  162  162  i
 164  0.0474292  164  164  i
 165  0.0119707  165  165  i
 166  0.0736542  166  166  i
 167  0.0498718  167  167  i
 168  0.0135058  168  168  i
 169  0.0119707  169  169  i
 170  0.0193963  170  170  i
 175  0.0193963  175  175  i
 176  0.0857414  176  176  i
 177  0.060866  177  177  i
 178  0.0892383  178  178  i
 180  0.0152377  180  180  i
 181  0.10706  181  181  i
 182  0.0500939  182  182  i
 184  0.0735692  184  184  i
 185  0.151767  185  185  i
 186  0.0565177  186  186  i
 187  0.0944941  187  187  i
 188  0.0458251  188  188  i
 189  0.0343835  189  189  i
 190  0.167943  190  190  i
 191  0.148138  191  191  i
 192  0.0832257  192  192  i
 193  0.137804  193  193  i
 194  0.105127  194  194  i
 195  0.057906  195  195  i
 196  0.0626669  196  196  i
 197  0.0497397  197  197  i
 198  0.119763  198  198  i
 199  0.0575921  199  199  i
 200  0.0272084  200  200  i
 201  0.0193963  201  201  i
 202  0.0821244  202  202  i
 203  0.126509  203  203  i
 204  0.0246899  204  204  i
 205  0.0346341  205  205  i
 206  0.0766695  206  206  i
 207  0.0314282  207  207  i
 208  0.104549  208  208  i
 209  0.0628565  209  209  i
 210  0.207588  210  210  i
 211  0.0565177  211  211  i
 212  0.144846  212  212  i
 213  0.116626  213  213  i
 214  0.0314282  214  214  i
 215  0.0693128  215  215  i
 216  0.088333  216  216  i
 217  0.0171917  217  217  i
 218  0.0254765  218  218  i
 219  0.105082  219  219  i
 220  0.0712635  220  220  i
 221  0.0601484  221  221  i
 222  0.188819  222  222  i
 223  0.213134  223  223  i
 224  0.233542  224  224  i
 225  0.0354585  225  225  i
 226  0.135812  226  226  i
 227  0.0571194  227  227  i
 228  0.0904942  228  228  i
 229  0.0583315  229  229  i
 230  0.161155  230  230  i
 231  0.0407142  231  231  i
 232  0.0813  232  232  i
 233  0.073782  233  233  i
 234  0.0381957  234  234  i
 235  0.0489643  235  235  i
 236  0.0152377  236  236  i
 237  0.100863  237  237  i
 238  0.0803925  238  238  i
 239  0.0313671  239  239  i
 240  0.0945319  240  240  i
 241  0.0399277  241  241  i
 242  0.0618113  242  242  i
 243  0.0152377  243  243  i
 244  0.0472524  244  244  i
 247  0.13457  247  247  i
 248  0.0638691  248  248  i
 249  0.0152377  249  249  i
 250  0.0727082  250  250  i
 251  0.064202  251  251  i
 252  0.0932602  252  252  i
 254  0.0865013  254  254  i
 255  0.0171917  255  255  i
 257  0.066156  257  257  i
 258  0.0246899  258  258  i
 259  0.0586367  259  259  i
 260  0.117108  260  260  i
 261  0.175348  261  261  i
 262  0.098077  262  262  i
 263  0.170196  263  263  i
 264  0.226933  264  264  i
 265  0.100367  265  265  i
 266  0.332586  266  266  i
 267  0.383271  267  267  i
 268  0.139729  268  268  i
 269  0.121713  269  269  i
 270  0.0193963  270  270  i
 271  0.131931  271  271  i
 272  0.25449  272  272  i
 273  0.212417  273  273  i
 274  0.408261  274  274  i
 275  0.340687  275  275  i
 276  0.130614  276  276  i
 277  0.159012  277  277  i
 278  0.124527  278  278  i
 279  0.188864  279  279  i
 280  0.675166  280  280  i
 281  0.488207  281  281  i
 282  0.647918  282  282  i
 283  0.351522  283  283  i
 284  0.617996  284  284  i
 285  0.662987  285  285  i
 286  0.855975  286  286  i
 287  1.34327  287  287  i
 288  1.4536  288  288  i
 289  1.73682  289  289  i
 290  0.668782  290  290  i
 291  1.16473  291  291  i
 292  0.589006  292  292  i
 293  1.23504  293  293  i
 294  1.69297  294  294  i
 295  1.70598  295  295  i
 296  1.79388  296  296  i
 297  1.31985  297  297  i
 298  1.21301  298  298  i
 299  1.60201  299  299  i
 300  1.6764  300  300  i
 301  3.10784  301  301  i
 302  2.68902  302  302  i
 303  2.57383  303  303  i
 304  1.82449  304  304  i
 305  1.54988  305  305  i
 306  2.34925  306  306  i
 307  2.62172  307  307  i
 308  3.13369  308  308  i
 309  1.92015  309  309  i
 310  2.37861  310  310  i
 311  2.44438  311  311  i
 312  2.32715  312  312  i
 313  2.48139  313  313  i
 314  2.91159  314  314  i
 315  3.20372  315  315  i
 316  3.58361  316  316  i
 317  2.32398  317  317  i
 318  2.32226  318  318  i
 319  1.55684  319  319  i
 320  2.01905  320  320  i
 321  2.18529  321  321  i
 322  2.61954  322  322  i
 323  1.54425  323  323  i
 324  2.03857  324  324  i
 325  1.11818  325  325  i
 326  0.674129  326  326  i
 327  1.32774  327  327  i
 328  0.840881  328  328  i
 329  1.55384  329  329  i
 330  1.66333  330  330  i
 331  1.72358  331  331  i
 332  0.897506  332  332  i
 333  0.754229  333  333  i
 334  1.08589  334  334  i
 335  1.46047  335  335  i
 336  1.51572  336  336  i
 337  1.14433  337  337  i
 338  1.07564  338  338  i
 339  0.716678  339  339  i
 340  0.600166  340  340  i
 341  0.883958  341  341  i
 342  1.45494  342  342  i
 343  1.29339  343  343  i
 344  1.38898  344  344  i
 345  1.40938  345  345  i
 346  0.772599  346  346  i
 347  0.501652  347  347  i
 348  1.11548  348  348  i
 349  2.10798  349  349  i
 350  1.3821  350  350  i
 351  1.80149  351  351  i
 352  1.86761  352  352  i
 353  1.23075  353  353  i
 354  0.607548  354  354  i
 355  2.12366  355  355  i
 356  2.40468  356  356  i
 357  3.19421  357  357  i
 358  2.75666  358  358  i
 359  3.25641  359  359  i
 360  1.9401  360  360  i
 361  1.75289  361  361  i
 362  2.72183  362  362  i
 363  3.94258  363  363  i
 364  4.53027  364  364  i
 365  2.08486  365  365  i
 366  0.62916  366  366  i
 367  1.15142  367  367  i
 368  1.54263  368  368  i
 369  4.60968  369  369  i
 370  5.69224  370  370  i
 371  6.34606  371  371  i
 372  3.58585  372  372  i
 373  0.851582  373  373  i
 374  2.55848  374  374  i
 375  2.87536  375  375  i
 376  5.486  376  376  i
 377  6.29407  377  377  i
 378  5.36093  378  378  i
 379  5.58112  379  379  i
 380  5.01712  380  380  i
 381  2.91665  381  381  i
 382  1.85779  382  382  i
 383  3.79696  383  383  i
 384  3.97203  384  384  i
 385  3.43334  385  385  i
 386  2.52417  386  386  i
 387  2.80722  387  387  i
 388  1.75371  388  388  i
 389  1.31471  389  389  i
 390  1.51683  390  390  i
 391  2.28677  391  391  i
 392  1.39667  392  392  i
 393  1.58111  393  393  i
 394  2.1719  394  394  i
 395  0.988814  395  395  i
 396  0.785182  396  396  i
 397  2.08097  397  397  i
 398  1.8328  398  398  i
 399  1.72836  399  399  i
 400  1.04616  400  400  i
 401  1.42671  401  401  i
 402  1.22596  402  402  i
 403  0.45177  403  403  i
 404  1.51636  404  404  i
 405  1.57  405  405  i
 406  1.15944  406  406  i
 407  1.08917  407  407  i
 408  1.69698  408  408  i
 409  0.478778  409  409  i
 410  0.421232  410  410  i
 411  1.21975  411  411  i
 412  1.64324  412  412  i
 413  1.30864  413  413  i
 414  1.57417  414  414  i
 415  1.27124  415  415  i
 416  0.750443  416  416  i
 417  0.292347  417  417  i
 418  1.4058  418  418  i
 419  2.02189  419  419  i
 420  1.50317  420  420  i
 421  1.46161  421  421  i
 422  1.79975  422  422  i
 423  1.21255  423  423  i
 424  0.46677  424  424  i
 425  1.98441  425  425  i
 426  2.60853  426  426  i
 427  2.16874  427  427  i
 428  2.61323  428  428  i
 429  2.19828  429  429  i
 430  0.918586  430  430  i
 431  0.426031  431  431  i
 432  2.37831  432  432  i
 433  3.30459  433  433  i
 434  2.28713  434  434  i
 435  2.56546  435  435  i
 436  2.1629  436  436  i
 437  1.62048  437  437  i
 438  0.589674  438  438  i
 439  2.57497  439  439  i
 440  2.75442  440  440  i
 441  2.76087  441  441  i
 442  2.64011  442  442  i
 443  2.69979  443  443  i
 444  1.01426  444  444  i
 445  0.304742  445  445  i
 446  3.04196  446  446  i
 447  2.26623  447  447  i
 448  2.67465  448  448  i
 449  2.14688  449  449  i
 450  2.18327  450  450  i
 451  1.18373  451  451  i
 452  0.517762  452  452  i
 453  1.93192  453  453  i
 454  2.43047  454  454  i
 455  1.66356  455  455  i
 456  1.86921  456  456  i
 457  1.71203  457  457  i
 458  0.846624  458  458  i
 459  0.501887  459  459  i
 460  1.66914  460  460  i
 461  2.3977  461  461  i
 462  2.15119  462  462  i
 463  2.17261  463  463  i
 464  0.624472  464  464  i
 465  0.654812  465  465  i
 466  0.702057  466  466  i
 467  0.431698  467  467  i
 468  1.54885  468  468  i
 469  1.89579  469  469  i
 470  1.37945  470  470  i
 471  1.30665  471  471  i
 472  1.21514  472  472  i
 473  0.256271  473  473  i
 474  1.43284  474  474  i
 475  1.45941  475  475  i
 476  1.41955  476  476  i
 477  1.01629  477  477  i


