
# Curve 0 of 1, 353 points
# Curve title: "daily incidence"
# x y xlow xhigh type
-1  158363 -1 -1  i
 75  1  75  75  i
 77  4  77  77  i
 78  2  78  78  i
 79  1  79  79  i
 80  1  80  80  i
 81  1  81  81  i
 82  2  82  82  i
 84  3  84  84  i
 85  1  85  85  i
 86  1  86  86  i
 88  1  88  88  i
 90  2  90  90  i
 91  2  91  91  i
 92  1  92  92  i
 93  1  93  93  i
 94  5  94  94  i
 96  8  96  96  i
 97  4  97  97  i
 98  4  98  98  i
 99  5  99  99  i
 101  3  101  101  i
 102  1  102  102  i
 104  3  104  104  i
 106  4  106  106  i
 107  5  107  107  i
 108  1  108  108  i
 109  2  109  109  i
 110  3  110  110  i
 111  9  111  111  i
 114  2  114  114  i
 116  4  116  116  i
 117  3  117  117  i
 118  1  118  118  i
 119  1  119  119  i
 120  2  120  120  i
 121  3  121  121  i
 126  2  126  126  i
 127  2  127  127  i
 129  1  129  129  i
 132  1  132  132  i
 134  1  134  134  i
 135  1  135  135  i
 138  1  138  138  i
 143  4  143  143  i
 146  1  146  146  i
 148  2  148  148  i
 149  1  149  149  i
 154  2  154  154  i
 155  1  155  155  i
 157  2  157  157  i
 158  1  158  158  i
 163  1  163  163  i
 168  1  168  168  i
 169  6  169  169  i
 170  7  170  170  i
 171  1  171  171  i
 172  1  172  172  i
 173  1  173  173  i
 174  1  174  174  i
 176  1  176  176  i
 177  2  177  177  i
 178  3  178  178  i
 179  1  179  179  i
 181  2  181  181  i
 182  2  182  182  i
 183  2  183  183  i
 185  3  185  185  i
 186  2  186  186  i
 187  2  187  187  i
 188  3  188  188  i
 189  3  189  189  i
 190  1  190  190  i
 191  4  191  191  i
 192  3  192  192  i
 193  2  193  193  i
 194  2  194  194  i
 195  4  195  195  i
 196  4  196  196  i
 197  2  197  197  i
 198  4  198  198  i
 199  1  199  199  i
 200  2  200  200  i
 201  4  201  201  i
 202  3  202  202  i
 203  8  203  203  i
 204  4  204  204  i
 205  2  205  205  i
 206  1  206  206  i
 207  2  207  207  i
 208  7  208  208  i
 209  4  209  209  i
 210  5  210  210  i
 211  4  211  211  i
 212  2  212  212  i
 213  2  213  213  i
 214  2  214  214  i
 215  4  215  215  i
 216  4  216  216  i
 217  3  217  217  i
 218  1  218  218  i
 219  5  219  219  i
 220  4  220  220  i
 221  4  221  221  i
 222  1  222  222  i
 224  3  224  224  i
 226  2  226  226  i
 227  2  227  227  i
 229  2  229  229  i
 231  6  231  231  i
 232  2  232  232  i
 233  3  233  233  i
 234  1  234  234  i
 235  5  235  235  i
 236  3  236  236  i
 237  1  237  237  i
 238  1  238  238  i
 239  1  239  239  i
 240  3  240  240  i
 241  1  241  241  i
 242  1  242  242  i
 243  2  243  243  i
 244  1  244  244  i
 245  4  245  245  i
 246  1  246  246  i
 247  1  247  247  i
 251  4  251  251  i
 252  3  252  252  i
 253  4  253  253  i
 254  7  254  254  i
 255  2  255  255  i
 256  5  256  256  i
 257  5  257  257  i
 258  2  258  258  i
 259  12  259  259  i
 260  8  260  260  i
 261  4  261  261  i
 262  4  262  262  i
 263  3  263  263  i
 264  3  264  264  i
 265  7  265  265  i
 266  9  266  266  i
 267  11  267  267  i
 268  14  268  268  i
 269  1  269  269  i
 270  7  270  270  i
 271  9  271  271  i
 272  9  272  272  i
 273  21  273  273  i
 274  21  274  274  i
 275  25  275  275  i
 276  24  276  276  i
 277  20  277  277  i
 278  28  278  278  i
 279  26  279  279  i
 280  42  280  280  i
 281  40  281  281  i
 282  60  282  282  i
 283  19  283  283  i
 284  32  284  284  i
 285  15  285  285  i
 286  38  286  286  i
 287  60  287  287  i
 288  56  288  288  i
 289  60  289  289  i
 290  33  290  290  i
 291  40  291  291  i
 292  47  292  292  i
 293  45  293  293  i
 294  81  294  294  i
 295  83  295  295  i
 296  82  296  296  i
 297  60  297  297  i
 298  62  298  298  i
 299  91  299  299  i
 300  69  300  300  i
 301  99  301  301  i
 302  71  302  302  i
 303  97  303  303  i
 304  82  304  304  i
 305  77  305  305  i
 306  88  306  306  i
 307  103  307  307  i
 308  106  308  308  i
 309  126  309  309  i
 310  107  310  310  i
 311  74  311  311  i
 312  63  312  312  i
 313  72  313  313  i
 314  66  314  314  i
 315  87  315  315  i
 316  75  316  316  i
 317  66  317  317  i
 318  49  318  318  i
 319  31  319  319  i
 320  42  320  320  i
 321  37  321  321  i
 322  35  322  322  i
 323  35  323  323  i
 324  64  324  324  i
 325  35  325  325  i
 326  21  326  326  i
 327  47  327  327  i
 328  61  328  328  i
 329  57  329  329  i
 330  26  330  330  i
 331  47  331  331  i
 332  28  332  332  i
 333  16  333  333  i
 334  49  334  334  i
 335  50  335  335  i
 336  48  336  336  i
 337  41  337  337  i
 338  43  338  338  i
 339  38  339  339  i
 340  19  340  340  i
 341  68  341  341  i
 342  68  342  342  i
 343  65  343  343  i
 344  48  344  344  i
 345  71  345  345  i
 346  30  346  346  i
 347  19  347  347  i
 348  62  348  348  i
 349  99  349  349  i
 350  78  350  350  i
 351  68  351  351  i
 352  107  352  352  i
 353  38  353  353  i
 354  55  354  354  i
 355  100  355  355  i
 356  111  356  356  i
 357  124  357  357  i
 358  46  358  358  i
 359  27  359  359  i
 360  70  360  360  i
 361  57  361  361  i
 362  152  362  362  i
 363  165  363  363  i
 364  186  364  364  i
 365  134  365  365  i
 366  41  366  366  i
 367  90  367  367  i
 368  105  368  368  i
 369  216  369  369  i
 370  221  370  370  i
 371  176  371  371  i
 372  173  372  372  i
 373  160  373  373  i
 374  119  374  374  i
 375  69  375  375  i
 376  136  376  376  i
 377  146  377  377  i
 378  117  378  378  i
 379  107  379  379  i
 380  73  380  380  i
 381  75  381  381  i
 382  67  382  382  i
 383  76  383  383  i
 384  70  384  384  i
 385  81  385  385  i
 386  66  386  386  i
 387  73  387  387  i
 388  27  388  388  i
 389  27  389  389  i
 390  52  390  390  i
 391  63  391  391  i
 392  45  392  392  i
 393  70  393  393  i
 394  61  394  394  i
 395  32  395  395  i
 396  12  396  396  i
 397  39  397  397  i
 398  45  398  398  i
 399  36  399  399  i
 400  36  400  400  i
 401  56  401  401  i
 402  17  402  402  i
 403  13  403  403  i
 404  42  404  404  i
 405  47  405  405  i
 406  44  406  406  i
 407  45  407  407  i
 408  47  408  408  i
 409  23  409  409  i
 410  15  410  410  i
 411  43  411  411  i
 412  60  412  412  i
 413  57  413  413  i
 414  36  414  414  i
 415  63  415  415  i
 416  37  416  416  i
 417  23  417  417  i
 418  64  418  418  i
 419  69  419  419  i
 420  62  420  420  i
 421  67  421  421  i
 422  85  422  422  i
 423  33  423  423  i
 424  13  424  424  i
 425  93  425  425  i
 426  79  426  426  i
 427  75  427  427  i
 428  71  428  428  i
 429  55  429  429  i
 430  39  430  430  i
 431  17  431  431  i
 432  58  432  432  i
 433  62  433  433  i
 434  43  434  434  i
 435  67  435  435  i
 436  79  436  436  i
 437  32  437  437  i
 438  17  438  438  i
 439  91  439  439  i
 440  77  440  440  i
 441  76  441  441  i
 442  66  442  442  i
 443  58  443  443  i
 444  42  444  444  i
 445  18  445  445  i
 446  75  446  446  i
 447  77  447  447  i
 448  73  448  448  i
 449  58  449  449  i
 450  62  450  450  i
 451  49  451  451  i
 452  27  452  452  i
 453  74  453  453  i
 454  65  454  454  i
 455  77  455  455  i
 456  55  456  456  i
 457  11  457  457  i
 458  27  458  458  i
 459  23  459  459  i
 460  11  460  460  i
 461  55  461  461  i
 462  49  462  462  i
 463  41  463  463  i
 464  49  464  464  i
 465  25  465  465  i
 466  8  466  466  i
 467  41  467  467  i
 468  37  468  468  i
 469  53  469  469  i
 470  28  470  470  i
 471  33  471  471  i
 472  13  472  472  i
 473  9  473  473  i
 474  29  474  474  i
 475  31  475  475  i
 476  15  476  476  i


