
# Curve 0 of 1, 305 points
# Curve title: "CFR predicted deaths"
# x y xlow xhigh type
-1  1868.64 -1 -1  i
 86  0.309393  86  86  i
 88  0.215432  88  88  i
 92  0.10445  92  92  i
 93  0.132957  93  93  i
 97  0.309393  97  97  i
 99  0.435156  99  99  i
 101  1.2069  101  101  i
 102  0.309393  102  102  i
 103  1.34097  103  103  i
 104  0.274227  104  104  i
 105  0.30879  105  105  i
 106  2.11062  106  106  i
 108  0.392072  108  108  i
 109  0.545082  109  109  i
 110  0.215432  110  110  i
 111  0.300013  111  111  i
 112  0.222295  112  112  i
 113  0.773429  113  113  i
 114  0.878188  114  114  i
 116  0.10445  116  116  i
 117  0.274227  117  117  i
 118  1.51717  118  118  i
 120  0.273693  120  120  i
 121  0.465353  121  121  i
 122  0.190946  122  122  i
 124  0.287087  124  124  i
 125  0.58362  125  125  i
 126  0.287087  126  126  i
 127  0.319249  127  127  i
 128  0.222295  128  128  i
 130  0.309393  130  130  i
 138  0.150006  138  138  i
 157  0.215432  157  157  i
 161  0.132957  161  161  i
 166  0.10445  166  166  i
 171  0.117845  171  171  i
 173  0.10445  173  173  i
 175  0.10445  175  175  i
 176  0.825505  176  176  i
 177  1.76781  177  177  i
 180  0.190946  180  180  i
 181  0.190946  181  181  i
 182  0.274227  182  182  i
 183  0.10445  183  183  i
 185  0.10445  185  185  i
 187  0.406378  187  187  i
 188  0.265913  188  188  i
 191  0.843165  191  191  i
 193  0.190946  193  193  i
 196  0.222295  196  196  i
 198  0.150006  198  198  i
 199  0.150006  199  199  i
 201  0.340952  201  201  i
 203  0.190946  203  203  i
 204  0.235689  204  204  i
 206  0.243058  206  206  i
 207  0.237407  207  207  i
 208  0.117845  208  208  i
 209  0.215432  209  209  i
 210  0.451121  210  210  i
 211  0.190946  211  211  i
 212  0.132957  212  212  i
 213  0.378677  213  213  i
 214  1.54552  214  214  i
 215  0.282963  215  215  i
 218  0.451121  218  218  i
 221  1.06359  221  221  i
 222  0.746517  222  222  i
 223  2.06559  223  223  i
 224  0.767883  224  224  i
 227  0.190946  227  227  i
 228  0.254457  228  228  i
 230  0.243058  230  230  i
 231  0.427237  231  231  i
 233  0.30879  233  233  i
 234  0.243058  234  234  i
 235  0.254457  235  235  i
 236  0.406378  236  236  i
 237  0.117845  237  237  i
 239  0.117845  239  239  i
 240  0.555572  240  240  i
 241  0.169243  241  241  i
 242  0.132957  242  242  i
 243  0.132957  243  243  i
 246  0.10445  246  246  i
 247  0.243058  247  247  i
 248  0.222295  248  248  i
 250  0.215432  250  250  i
 256  0.489659  256  256  i
 260  0.10445  260  260  i
 261  0.117845  261  261  i
 262  0.309393  262  262  i
 263  0.273693  263  263  i
 264  0.273693  264  264  i
 265  0.483283  265  265  i
 266  0.413241  266  266  i
 267  0.483283  267  267  i
 268  0.243058  268  268  i
 269  0.300013  269  269  i
 271  0.680785  271  271  i
 274  0.562307  274  274  i
 275  0.782392  275  275  i
 276  0.150006  276  276  i
 277  0.365438  277  277  i
 278  0.150006  278  278  i
 279  0.430864  279  279  i
 280  0.849533  280  280  i
 281  2.63131  281  281  i
 282  1.70248  282  282  i
 283  2.60582  283  283  i
 284  3.58058  284  284  i
 285  3.72317  285  285  i
 286  2.45461  286  286  i
 287  3.87537  287  287  i
 288  5.1018  288  288  i
 289  3.31554  289  289  i
 290  2.1073  290  290  i
 291  3.45563  291  291  i
 292  2.89823  292  292  i
 293  2.48983  293  293  i
 294  3.50683  294  294  i
 295  5.74469  295  295  i
 296  2.9445  296  296  i
 297  3.22616  297  297  i
 298  5.65567  298  298  i
 299  1.62953  299  299  i
 300  2.13349  300  300  i
 301  7.49286  301  301  i
 302  9.45685  302  302  i
 303  7.66318  303  303  i
 304  3.12523  304  304  i
 305  5.89919  305  305  i
 306  9.56821  306  306  i
 307  8.15605  307  307  i
 308  7.79844  308  308  i
 309  7.16685  309  309  i
 310  9.16972  310  310  i
 311  7.49997  311  311  i
 312  6.00974  312  312  i
 313  12.3985  313  313  i
 314  9.02953  314  314  i
 315  10.7042  315  315  i
 316  13.3056  316  316  i
 317  10.918  317  317  i
 318  6.09248  318  318  i
 319  3.57393  319  319  i
 320  5.78422  320  320  i
 321  3.8885  321  321  i
 322  7.43544  322  322  i
 323  5.37572  323  323  i
 324  6.86491  324  324  i
 325  2.36536  325  325  i
 326  4.90153  326  326  i
 327  8.09986  327  327  i
 328  6.10536  328  328  i
 329  4.44361  329  329  i
 330  3.62963  330  330  i
 331  4.42578  331  331  i
 332  2.78201  332  332  i
 333  3.6494  333  333  i
 334  4.98778  334  334  i
 335  5.51473  335  335  i
 336  5.93088  336  336  i
 337  3.88082  337  337  i
 338  4.54298  338  338  i
 339  3.5158  339  339  i
 340  2.90168  340  340  i
 341  9.22828  341  341  i
 342  4.02251  342  342  i
 343  6.04803  343  343  i
 344  5.83755  344  344  i
 345  5.07725  345  345  i
 346  3.5408  346  346  i
 347  1.25624  347  347  i
 348  7.83321  348  348  i
 349  9.18123  349  349  i
 350  8.73299  350  350  i
 351  6.54486  351  351  i
 352  8.38372  352  352  i
 353  4.08982  353  353  i
 354  3.63329  354  354  i
 355  6.56291  355  355  i
 356  5.81279  356  356  i
 357  9.21405  357  357  i
 358  6.19629  358  358  i
 359  4.97557  359  359  i
 360  5.84344  360  360  i
 361  3.58782  361  361  i
 362  8.31374  362  362  i
 363  6.40926  363  363  i
 364  5.02409  364  364  i
 365  4.11713  365  365  i
 366  2.41753  366  366  i
 367  6.26565  367  367  i
 368  5.88514  368  368  i
 369  8.6009  369  369  i
 370  11.9548  370  370  i
 371  9.46035  371  371  i
 372  7.36842  372  372  i
 373  5.67182  373  373  i
 374  7.63806  374  374  i
 375  10.6576  375  375  i
 376  15.9928  376  376  i
 377  14.7471  377  377  i
 378  13.3584  378  378  i
 379  13.3699  379  379  i
 380  12.7675  380  380  i
 381  12.6473  381  381  i
 382  5.81126  382  382  i
 383  11.5315  383  383  i
 384  9.73141  384  384  i
 385  8.18207  385  385  i
 386  10.5593  386  386  i
 387  8.15532  387  387  i
 388  5.7029  388  388  i
 389  4.92718  389  389  i
 390  6.09969  390  390  i
 391  4.37652  391  391  i
 392  5.8051  392  392  i
 393  7.20371  393  393  i
 394  8.10318  394  394  i
 395  2.70557  395  395  i
 396  4.19026  396  396  i
 397  4.49484  397  397  i
 398  3.57953  398  398  i
 399  4.20085  399  399  i
 400  2.37919  400  400  i
 401  4.6979  401  401  i
 402  2.63455  402  402  i
 403  0.998039  403  403  i
 404  4.493  404  404  i
 405  2.07764  405  405  i
 406  3.50471  406  406  i
 407  3.08348  407  407  i
 408  5.06713  408  408  i
 409  1.77427  409  409  i
 410  1.49606  410  410  i
 411  2.233  411  411  i
 412  4.14404  412  412  i
 413  3.49455  413  413  i
 414  5.36925  414  414  i
 415  2.2928  415  415  i
 416  2.07599  416  416  i
 417  2.00225  417  417  i
 418  4.13896  418  418  i
 419  5.1172  419  419  i
 420  5.10729  420  420  i
 421  3.8942  421  421  i
 422  5.76762  422  422  i
 423  1.4874  423  423  i
 424  1.78177  424  424  i
 425  4.05964  425  425  i
 426  3.63437  426  426  i
 427  4.16685  427  427  i
 428  3.4532  428  428  i
 429  3.10554  429  429  i
 430  4.05399  430  430  i
 431  1.66453  431  431  i
 432  4.53316  432  432  i
 433  4.92898  433  433  i
 434  4.49598  434  434  i
 435  2.8587  435  435  i
 436  3.0223  436  436  i
 437  2.84624  437  437  i
 438  2.557  438  438  i
 439  3.15861  439  439  i
 440  4.00995  440  440  i
 441  2.2135  441  441  i
 442  5.42425  442  442  i
 443  3.43632  443  443  i
 444  2.94989  444  444  i
 445  0.420044  445  445  i
 446  6.03479  446  446  i
 447  3.84942  447  447  i
 448  2.75235  448  448  i
 449  4.54238  449  449  i
 450  1.94257  450  450  i
 451  1.67027  451  451  i
 452  1.56422  452  452  i
 453  4.138  453  453  i
 454  2.01478  454  454  i
 455  3.23837  455  455  i
 456  4.3807  456  456  i
 457  2.92556  457  457  i
 458  3.86193  458  458  i
 459  0.464639  459  459  i
 460  3.1591  460  460  i
 461  1.86333  461  461  i
 462  5.58933  462  462  i
 463  1.96357  463  463  i
 464  1.61531  464  464  i
 465  0.807211  465  465  i
 466  1.96339  466  466  i
 467  1.18412  467  467  i
 468  4.35308  468  468  i
 469  1.73898  469  469  i
 470  3.05838  470  470  i
 471  2.61473  471  471  i
 472  0.777234  472  472  i
 473  1.79546  473  473  i
 474  2.42676  474  474  i
 475  1.94058  475  475  i
 476  3.67117  476  476  i


