
# Curve 0 of 1, 225 points
# Curve title: "CFR predicted deaths B.1.1.7"
# x y xlow xhigh type
-1  2834.07 -1 -1  i
 84  0.163834  84  84  i
 97  0.429296  97  97  i
 100  0.265463  100  100  i
 101  0.420133  101  101  i
 103  0.707518  103  103  i
 106  0.145212  106  106  i
 108  0.145212  108  108  i
 112  0.145212  112  112  i
 113  0.184843  113  113  i
 114  0.265463  114  114  i
 117  0.163834  117  117  i
 118  0.443837  118  118  i
 121  0.145212  121  121  i
 124  0.575346  124  124  i
 128  0.23529  128  128  i
 131  0.145212  131  131  i
 177  1.17264  177  177  i
 190  0.184843  190  190  i
 192  0.163834  192  192  i
 193  0.145212  193  193  i
 201  0.208547  201  201  i
 207  0.145212  207  207  i
 210  0.23529  210  210  i
 211  0.145212  211  211  i
 214  0.474009  214  214  i
 220  0.443837  220  220  i
 221  0.475268  221  221  i
 223  1.61868  223  223  i
 224  0.353759  224  224  i
 228  0.145212  228  228  i
 234  0.184843  234  234  i
 235  0.381244  235  235  i
 247  0.145212  247  247  i
 265  0.208547  265  265  i
 269  0.265463  269  269  i
 273  0.184843  273  273  i
 276  0.23529  276  276  i
 277  0.208547  277  277  i
 278  0.163834  278  278  i
 281  1.14715  281  281  i
 282  0.485292  282  282  i
 283  0.921879  283  283  i
 284  1.64104  284  284  i
 285  1.97515  285  285  i
 286  1.49211  286  286  i
 287  2.08302  287  287  i
 288  2.37898  288  288  i
 289  1.20915  289  289  i
 290  1.17406  290  290  i
 291  0.309046  291  291  i
 293  0.309046  293  293  i
 294  1.02009  294  294  i
 295  2.47994  295  295  i
 296  0.575346  296  296  i
 297  2.10403  297  297  i
 298  3.19258  298  298  i
 299  1.12591  299  299  i
 300  0.23529  300  300  i
 301  2.40937  301  301  i
 302  0.956347  302  302  i
 303  1.63775  303  303  i
 304  1.3352  304  304  i
 305  0.98539  305  305  i
 306  2.72416  306  306  i
 307  2.08074  307  307  i
 308  3.27488  308  308  i
 309  3.52146  309  309  i
 310  5.32384  310  310  i
 311  2.90623  311  311  i
 312  1.15201  312  312  i
 313  3.93719  313  313  i
 314  3.75574  314  314  i
 315  3.02321  315  315  i
 316  2.1062  316  316  i
 317  5.05476  317  317  i
 318  0.450306  318  318  i
 319  1.02173  319  319  i
 320  3.87767  320  320  i
 321  0.855505  321  321  i
 322  1.11819  322  322  i
 323  2.98839  323  323  i
 324  1.42863  324  324  i
 325  0.512511  325  325  i
 326  1.1739  326  326  i
 327  3.19753  327  327  i
 328  1.21114  328  328  i
 329  0.327667  329  329  i
 330  0.802935  330  330  i
 331  1.8391  331  331  i
 332  0.692737  332  332  i
 333  0.918839  333  333  i
 334  2.23781  334  334  i
 335  1.80228  335  335  i
 336  1.89066  336  336  i
 337  1.29122  337  337  i
 338  0.573202  338  338  i
 339  1.321  339  339  i
 340  0.330055  340  340  i
 341  3.54286  341  341  i
 342  1.98469  342  342  i
 343  4.97866  343  343  i
 344  2.63929  344  344  i
 345  1.99407  345  345  i
 346  1.00047  346  346  i
 348  3.34059  348  348  i
 349  3.80289  349  349  i
 350  3.84562  350  350  i
 351  2.07569  351  351  i
 352  2.91442  352  352  i
 353  0.965511  353  353  i
 354  0.353759  354  354  i
 355  1.37984  355  355  i
 356  1.03249  356  356  i
 357  1.98838  357  357  i
 358  1.48481  358  358  i
 359  0.353759  359  359  i
 360  2.10004  360  360  i
 361  0.60767  361  361  i
 362  1.80228  362  362  i
 363  1.40892  363  363  i
 364  1.22519  364  364  i
 365  0.575346  365  365  i
 366  0.927841  366  366  i
 367  1.98586  367  367  i
 368  1.10942  368  368  i
 369  2.07931  369  369  i
 370  1.95837  370  370  i
 371  0.773892  371  371  i
 372  1.74627  372  372  i
 373  1.16356  373  373  i
 374  1.34974  374  374  i
 375  1.40354  375  375  i
 376  4.19497  376  376  i
 377  1.85913  377  377  i
 378  2.76101  378  378  i
 379  2.91205  379  379  i
 380  4.07229  380  380  i
 381  2.96547  381  381  i
 382  0.863575  382  382  i
 383  2.04415  383  383  i
 384  3.18083  384  384  i
 385  2.60429  385  385  i
 386  2.46929  386  386  i
 387  0.903013  387  387  i
 388  1.61357  388  388  i
 389  1.0799  389  389  i
 390  1.77277  390  390  i
 391  0.514899  391  391  i
 392  1.35752  392  392  i
 393  5.07993  393  393  i
 394  3.87588  394  394  i
 395  0.498971  395  395  i
 396  0.968736  396  396  i
 397  1.76099  397  397  i
 398  1.61355  398  398  i
 399  0.410675  399  399  i
 400  0.974625  400  400  i
 401  2.0418  401  401  i
 402  0.79982  402  402  i
 404  0.941807  404  404  i
 405  1.57895  405  405  i
 406  0.660111  406  406  i
 407  0.826639  407  407  i
 408  0.565345  408  408  i
 409  0.454258  409  409  i
 410  0.208547  410  410  i
 411  0.145212  411  411  i
 412  1.61725  412  412  i
 413  1.25145  413  413  i
 414  2.67257  414  414  i
 415  0.31282  415  415  i
 416  0.217818  416  416  i
 418  0.217818  418  418  i
 419  0.712902  419  419  i
 420  0.62564  420  420  i
 421  1.09377  421  421  i
 422  3.0575  422  422  i
 423  0.491501  423  423  i
 424  0.807903  424  424  i
 425  1.09377  425  425  i
 426  1.83065  426  426  i
 427  0.6302  427  427  i
 428  1.66199  428  428  i
 429  1.46214  429  429  i
 430  0.435637  430  430  i
 431  0.819688  431  431  i
 432  1.00639  432  432  i
 433  2.70225  433  433  i
 434  1.03934  434  434  i
 435  0.711014  435  435  i
 436  0.277265  436  436  i
 437  1.44782  437  437  i
 439  0.807903  439  439  i
 440  1.96516  440  440  i
 441  1.09377  441  441  i
 442  0.245751  442  442  i
 443  0.772348  443  443  i
 444  1.81972  444  444  i
 446  2.21392  446  446  i
 448  0.398194  448  448  i
 449  1.65234  449  449  i
 450  0.768766  450  450  i
 451  0.352935  451  451  i
 452  0.277265  452  452  i
 453  1.2994  453  453  i
 454  0.966275  454  454  i
 455  1.37047  455  455  i
 456  0.554529  456  456  i
 457  0.821286  457  457  i
 458  0.530638  458  458  i
 460  1.82433  460  460  i
 461  0.449257  461  461  i
 462  1.04603  462  462  i
 463  0.87595  463  463  i
 466  0.352935  466  466  i
 467  0.217818  467  467  i
 468  1.06584  468  468  i
 469  0.495083  469  469  i
 470  0.217818  470  470  i
 472  0.217818  472  472  i
 475  0.570753  475  475  i
 476  1.22433  476  476  i
 477  0.495083  477  477  i


