
# Curve 0 of 1, 408 points
# Curve title: "CFR predicted deaths"
# x y xlow xhigh type
 77  0.0196515  77  77  i
 78  0.0106326  78  78  i
 79  0.0270116  79  79  i
 80  0.000554163  80  80  i
 81  0.0432716  81  81  i
 82  0.0721702  82  82  i
 83  0.00990308  83  83  i
 84  0.507113  84  84  i
 85  0.187457  85  85  i
 86  0.382549  86  86  i
 87  0.0801116  87  87  i
 88  0.323725  88  88  i
 89  0.254595  89  89  i
 90  0.056939  90  90  i
 91  0.352016  91  91  i
 92  0.375204  92  92  i
 93  0.403865  93  93  i
 94  0.0253871  94  94  i
 95  0.0815899  95  95  i
 96  0.110501  96  96  i
 97  1.00575  97  97  i
 98  0.258081  98  98  i
 99  0.589008  99  99  i
 100  0.395133  100  100  i
 101  2.17276  101  101  i
 102  0.366666  102  102  i
 103  2.99623  103  103  i
 104  0.684009  104  104  i
 105  0.762199  105  105  i
 106  2.88894  106  106  i
 107  0.0917858  107  107  i
 108  0.927575  108  108  i
 109  0.71066  109  109  i
 110  0.255214  110  110  i
 111  0.69408  111  111  i
 112  0.472881  112  112  i
 113  1.37413  113  113  i
 114  1.80321  114  114  i
 115  0.110468  115  115  i
 116  0.23962  116  116  i
 117  0.725355  117  117  i
 118  2.79458  118  118  i
 119  0.0733908  119  119  i
 120  0.293742  120  120  i
 121  0.76953  121  121  i
 122  0.20849  122  122  i
 123  0.367544  123  123  i
 124  1.19064  124  124  i
 125  0.777696  125  125  i
 126  0.469374  126  126  i
 127  0.627302  127  127  i
 128  0.782099  128  128  i
 130  0.342445  130  130  i
 131  0.151876  131  131  i
 132  0.065251  132  132  i
 133  0.227436  133  133  i
 134  0.234073  134  134  i
 135  0.0264686  135  135  i
 136  0.0622894  136  136  i
 137  0.014032  137  137  i
 138  0.172165  138  138  i
 139  0.135236  139  139  i
 140  0.0429807  140  140  i
 141  0.145255  141  141  i
 142  0.146663  142  142  i
 143  0.0235368  143  143  i
 144  0.00098595  144  144  i
 145  0.153525  145  145  i
 146  0.0711698  146  146  i
 147  0.0633913  147  147  i
 148  0.024515  148  148  i
 149  0.0323763  149  149  i
 150  0.38873  150  150  i
 151  0.0850524  151  151  i
 152  0.0946331  152  152  i
 153  0.153527  153  153  i
 154  0.0117799  154  154  i
 155  0.248815  155  155  i
 156  0.198951  156  156  i
 157  0.223203  157  157  i
 158  0.00375638  158  158  i
 159  0.0117083  159  159  i
 160  0.0629581  160  160  i
 161  0.337827  161  161  i
 162  0.18367  162  162  i
 163  0.00381025  163  163  i
 164  0.171288  164  164  i
 165  0.0980329  165  165  i
 166  0.226683  166  166  i
 167  0.0851522  167  167  i
 168  0.0467739  168  168  i
 169  0.0299902  169  169  i
 170  0.0926567  170  170  i
 171  0.143765  171  171  i
 172  0.00938559  172  172  i
 173  0.109209  173  173  i
 174  0.00744177  174  174  i
 175  0.20818  175  175  i
 176  1.48649  176  176  i
 177  3.82317  177  177  i
 178  0.160591  178  178  i
 179  0.109485  179  179  i
 180  0.283207  180  180  i
 181  0.399475  181  181  i
 182  0.379535  182  182  i
 183  0.288706  183  183  i
 184  0.355511  184  184  i
 185  0.810099  185  185  i
 186  0.447352  186  186  i
 187  0.706545  187  187  i
 188  0.536147  188  188  i
 189  0.209598  189  189  i
 190  0.555204  190  190  i
 191  1.03527  191  191  i
 192  0.671891  192  192  i
 193  0.677924  193  193  i
 194  0.29704  194  194  i
 195  0.282759  195  195  i
 196  0.581381  196  196  i
 197  0.152468  197  197  i
 198  0.653051  198  198  i
 199  0.493038  199  199  i
 200  0.169328  200  200  i
 201  0.721269  201  201  i
 202  0.448508  202  202  i
 203  0.693286  203  203  i
 204  0.432555  204  204  i
 205  0.391421  205  205  i
 206  0.450492  206  206  i
 207  0.598561  207  207  i
 208  0.568836  208  208  i
 209  0.549702  209  209  i
 210  1.69916  210  210  i
 211  0.774278  211  211  i
 212  0.44138  212  212  i
 213  0.54964  213  213  i
 214  2.24221  214  214  i
 215  1.0855  215  215  i
 216  0.529148  216  216  i
 217  0.557054  217  217  i
 218  0.827177  218  218  i
 219  0.29115  219  219  i
 220  0.669016  220  220  i
 221  1.78723  221  221  i
 222  1.3079  222  222  i
 223  4.28073  223  223  i
 224  1.64801  224  224  i
 225  0.133511  225  225  i
 226  0.464618  226  226  i
 227  0.654989  227  227  i
 228  0.852335  228  228  i
 229  0.180484  229  229  i
 230  0.428503  230  230  i
 231  0.73009  231  231  i
 232  0.124336  232  232  i
 233  0.570675  233  233  i
 234  0.584702  234  234  i
 235  0.688752  235  235  i
 236  0.54737  236  236  i
 237  0.241356  237  237  i
 238  0.668312  238  238  i
 239  0.380688  239  239  i
 240  1.01443  240  240  i
 241  0.275611  241  241  i
 242  0.523457  242  242  i
 243  0.345288  243  243  i
 244  0.13754  244  244  i
 245  0.0592482  245  245  i
 246  0.213601  246  246  i
 247  0.786585  247  247  i
 248  0.363463  248  248  i
 249  0.144267  249  249  i
 250  0.447869  250  250  i
 251  0.138369  251  251  i
 252  0.476043  252  252  i
 253  0.0876762  253  253  i
 254  0.187679  254  254  i
 255  0.0319778  255  255  i
 256  0.495367  256  256  i
 257  0.095346  257  257  i
 258  0.361153  258  258  i
 259  0.399319  259  259  i
 260  0.551898  260  260  i
 261  0.784045  261  261  i
 262  0.605996  262  262  i
 263  0.902905  263  263  i
 264  1.03701  264  264  i
 265  1.0702  265  265  i
 266  1.84625  266  266  i
 267  1.6375  267  267  i
 268  0.747475  268  268  i
 269  1.09854  269  269  i
 270  0.226829  270  270  i
 271  1.09607  271  271  i
 272  0.899059  272  272  i
 273  1.32673  273  273  i
 274  2.05414  274  274  i
 275  2.28074  275  275  i
 276  0.678236  276  276  i
 277  1.40313  277  277  i
 278  1.24868  278  278  i
 279  1.39946  279  279  i
 280  3.46991  280  280  i
 281  6.36188  281  281  i
 282  5.4552  282  282  i
 283  6.13694  283  283  i
 284  7.94993  284  284  i
 285  8.95651  285  285  i
 286  7.1542  286  286  i
 287  11.4183  287  287  i
 288  12.6148  288  288  i
 289  12.2399  289  289  i
 290  5.92458  290  290  i
 291  8.25939  291  291  i
 292  5.06971  292  292  i
 293  7.48135  293  293  i
 294  12.499  294  294  i
 295  15.3093  295  295  i
 296  11.0683  296  296  i
 297  10.1052  297  297  i
 298  13.8036  298  298  i
 299  9.34067  299  299  i
 300  8.21002  300  300  i
 301  21.8232  301  301  i
 302  20.8848  302  302  i
 303  19.9708  303  303  i
 304  11.9691  304  304  i
 305  14.5133  305  305  i
 306  23.2119  306  306  i
 307  19.8777  307  307  i
 308  23.5731  308  308  i
 309  19.6238  309  309  i
 310  26.3702  310  310  i
 311  21.3131  311  311  i
 312  17.5003  312  312  i
 313  27.3032  313  313  i
 314  26.0341  314  314  i
 315  27.3624  315  315  i
 316  31.5307  316  316  i
 317  28.7279  317  317  i
 318  16.369  318  318  i
 319  11.8817  319  319  i
 320  19.5552  320  320  i
 321  13.2807  321  321  i
 322  19.4592  322  322  i
 323  17.0525  323  323  i
 324  16.4026  324  324  i
 325  8.63845  325  325  i
 326  9.6889  326  326  i
 327  17.0479  327  327  i
 328  11.7116  328  328  i
 329  9.88913  329  329  i
 330  9.74843  330  330  i
 331  14.0767  331  331  i
 332  7.98743  332  332  i
 333  7.6036  333  333  i
 334  12.6419  334  334  i
 335  14.7261  335  335  i
 336  14.5657  336  336  i
 337  9.12397  337  337  i
 338  10.5166  338  338  i
 339  8.13096  339  339  i
 340  5.26187  340  340  i
 341  18.6625  341  341  i
 342  12.5377  342  342  i
 343  17.1166  343  343  i
 344  14.0549  344  344  i
 345  12.4851  345  345  i
 346  9.23756  346  346  i
 347  3.2931  347  347  i
 348  18.9128  348  348  i
 349  21.785  349  349  i
 350  20.5025  350  350  i
 351  14.8408  351  351  i
 352  20.4097  352  352  i
 353  9.09244  353  353  i
 354  6.46124  354  354  i
 355  16.1199  355  355  i
 356  18.8006  356  356  i
 357  21.9839  357  357  i
 358  17.5709  358  358  i
 359  18.7468  359  359  i
 360  14.083  360  360  i
 361  11.1674  361  361  i
 362  22.22  362  362  i
 363  22.3661  363  363  i
 364  22.8805  364  364  i
 365  11.1212  365  365  i
 366  6.46211  366  366  i
 367  16.6967  367  367  i
 368  14.2893  368  368  i
 369  29.7542  369  369  i
 370  34.7727  370  370  i
 371  34.9651  371  371  i
 372  24.875  372  372  i
 373  11.5874  373  373  i
 374  20.2209  374  374  i
 375  24.7551  375  375  i
 376  45.2749  376  376  i
 377  43.952  377  377  i
 378  37.9843  378  378  i
 379  38.3362  379  379  i
 380  36.5851  380  380  i
 381  29.7469  381  381  i
 382  15.2084  382  382  i
 383  30.8001  383  383  i
 384  30.2901  384  384  i
 385  25.2908  385  385  i
 386  25.3021  386  386  i
 387  18.8291  387  387  i
 388  16.1683  388  388  i
 389  13.6756  389  389  i
 390  16.2573  390  390  i
 391  13.7554  391  391  i
 392  16.5592  392  392  i
 393  20.1897  393  393  i
 394  21.3217  394  394  i
 395  6.98094  395  395  i
 396  8.92144  396  396  i
 397  13.3679  397  397  i
 398  13.2593  398  398  i
 399  10.7421  399  399  i
 400  10.6195  400  400  i
 401  13.4369  401  401  i
 402  7.57198  402  402  i
 403  2.61168  403  403  i
 404  10.4879  404  404  i
 405  9.64202  405  405  i
 406  8.96454  406  406  i
 407  8.64335  407  407  i
 408  12.974  408  408  i
 409  4.19121  409  409  i
 410  3.60862  410  410  i
 411  7.40326  411  411  i
 412  11.8598  412  412  i
 413  10.1219  413  413  i
 414  13.08  414  414  i
 415  8.1691  415  415  i
 416  5.27598  416  416  i
 417  3.60634  417  417  i
 418  9.66255  418  418  i
 419  13.7542  419  419  i
 420  12.5847  420  420  i
 421  10.172  421  421  i
 422  15.515  422  422  i
 423  6.07057  423  423  i
 424  5.30682  424  424  i
 425  12.7009  425  425  i
 426  14.4384  426  426  i
 427  12.938  427  427  i
 428  13.6362  428  428  i
 429  14.1966  429  429  i
 430  8.59648  430  430  i
 431  4.17985  431  431  i
 432  16.2522  432  432  i
 433  17.7781  433  433  i
 434  14.5859  434  434  i
 435  12.8892  435  435  i
 436  10.8056  436  436  i
 437  9.10341  437  437  i
 438  4.8668  438  438  i
 439  11.4899  439  439  i
 440  14.4185  440  440  i
 441  9.9355  441  441  i
 442  14.3559  442  442  i
 443  14.3506  443  443  i
 444  8.17941  444  444  i
 445  2.50001  445  445  i
 446  19.3759  446  446  i
 447  14.0846  447  447  i
 448  13.0801  448  448  i
 449  14.284  449  449  i
 450  10.4336  450  450  i
 451  7.27679  451  451  i
 452  3.8157  452  452  i
 453  13.9601  453  453  i
 454  12.5276  454  454  i
 455  12.754  455  455  i
 456  12.3478  456  456  i
 457  11.0812  457  457  i
 458  9.76288  458  458  i
 459  3.51687  459  459  i
 460  12.9121  460  460  i
 461  10.5176  461  461  i
 462  15.4935  462  462  i
 463  9.80457  463  463  i
 464  3.41487  464  464  i
 465  3.782  465  465  i
 466  5.05215  466  466  i
 467  2.73238  467  467  i
 468  11.9209  468  468  i
 469  8.37693  469  469  i
 470  8.45797  470  470  i
 471  8.97464  471  471  i
 472  4.28179  472  472  i
 473  2.96227  473  473  i
 474  7.65465  474  474  i
 475  7.04237  475  475  i
 476  10.9678  476  476  i
 477  5.21081  477  477  i
 478  7.06031  478  478  i
 479  2.91342  479  479  i
 480  2.03566  480  480  i
 481  4.5997  481  481  i
 482  4.43697  482  482  i
 483  4.86819  483  483  i
 484  5.31418  484  484  i


