
# Curve 0 of 1, 129 points
# Curve title: "2nd dose"
# x y xlow xhigh type
-1  99746 -1 -1  i
 363  0  363  363  i
 364  0  364  364  i
 365  0  365  365  i
 369  0  369  369  i
 370  0  370  370  i
 371  0  371  371  i
 372  0  372  372  i
 373  0  373  373  i
 376  0  376  376  i
 377  0  377  377  i
 378  0  378  378  i
 379  0  379  379  i
 380  0  380  380  i
 381  0  381  381  i
 382  0  382  382  i
 383  1  383  383  i
 384  23  384  384  i
 385  28  385  385  i
 386  0  386  386  i
 387  19  387  387  i
 388  0  388  388  i
 390  55  390  390  i
 391  95  391  391  i
 392  83  392  392  i
 393  68  393  393  i
 394  39  394  394  i
 395  0  395  395  i
 396  0  396  396  i
 397  94  397  397  i
 398  103  398  398  i
 399  83  399  399  i
 400  150  400  400  i
 401  84  401  401  i
 402  0  402  402  i
 404  41  404  404  i
 405  62  405  405  i
 406  111  406  406  i
 407  231  407  407  i
 408  131  408  408  i
 409  30  409  409  i
 410  13  410  410  i
 411  33  411  411  i
 412  63  412  412  i
 413  172  413  413  i
 414  145  414  414  i
 415  58  415  415  i
 417  1  417  417  i
 418  32  418  418  i
 419  37  419  419  i
 420  48  420  420  i
 421  38  421  421  i
 422  59  422  422  i
 423  1  423  423  i
 424  0  424  424  i
 425  37  425  425  i
 426  36  426  426  i
 427  49  427  427  i
 428  16  428  428  i
 429  40  429  429  i
 430  0  430  430  i
 431  0  431  431  i
 432  27  432  432  i
 433  16  433  433  i
 434  26  434  434  i
 435  48  435  435  i
 436  60  436  436  i
 437  1  437  437  i
 438  0  438  438  i
 439  15  439  439  i
 440  41  440  440  i
 441  29  441  441  i
 442  47  442  442  i
 443  45  443  443  i
 444  0  444  444  i
 445  0  445  445  i
 446  64  446  446  i
 447  106  447  447  i
 448  69  448  448  i
 449  64  449  449  i
 450  122  450  450  i
 451  8  451  451  i
 452  9  452  452  i
 453  262  453  453  i
 454  355  454  454  i
 455  266  455  455  i
 456  222  456  456  i
 457  59  457  457  i
 458  135  458  458  i
 459  117  459  459  i
 460  91  460  460  i
 461  361  461  461  i
 462  54  462  462  i
 463  268  463  463  i
 464  214  464  464  i
 465  102  465  465  i
 466  37  466  466  i
 467  147  467  467  i
 468  136  468  468  i
 469  149  469  469  i
 470  164  470  470  i
 471  313  471  471  i
 472  99  472  472  i
 473  176  473  473  i
 474  245  474  474  i
 475  149  475  475  i
 476  119  476  476  i
 477  130  477  477  i
 478  85  478  478  i
 479  7  479  479  i
 480  4  480  480  i
 481  27  481  481  i
 482  87  482  482  i
 483  85  483  483  i
 484  86  484  484  i
 485  100  485  485  i
 486  6  486  486  i
 487  12  487  487  i
 488  43  488  488  i
 489  51  489  489  i
 490  58  490  490  i
 491  95  491  491  i
 492  131  492  492  i
 493  5  493  493  i
 494  5  494  494  i
 495  73  495  495  i
 496  121  496  496  i
 497  77  497  497  i


