
# Curve 0 of 1, 162 points
# Curve title: "1st dose"
# x y xlow xhigh type
 361  1  361  361  i
 363  306  363  363  i
 364  485  364  364  i
 365  24  365  365  i
 369  653  369  369  i
 370  872  370  370  i
 371  788  371  371  i
 372  660  372  372  i
 373  415  373  373  i
 374  12  374  374  i
 376  1025  376  376  i
 377  1079  377  377  i
 378  1259  378  378  i
 379  2050  379  379  i
 380  1329  380  380  i
 381  327  381  381  i
 382  301  382  382  i
 383  1044  383  383  i
 384  1870  384  384  i
 385  2930  385  385  i
 386  2741  386  386  i
 387  1752  387  387  i
 388  367  388  388  i
 389  279  389  389  i
 390  773  390  390  i
 391  864  391  391  i
 392  847  392  392  i
 393  796  393  393  i
 394  814  394  394  i
 395  40  395  395  i
 396  22  396  396  i
 397  543  397  397  i
 398  349  398  398  i
 399  317  399  399  i
 400  541  400  400  i
 401  825  401  401  i
 402  12  402  402  i
 403  6  403  403  i
 404  487  404  404  i
 405  512  405  405  i
 406  513  406  406  i
 407  698  407  407  i
 408  676  408  408  i
 409  166  409  409  i
 410  14  410  410  i
 411  327  411  411  i
 412  479  412  412  i
 413  694  413  413  i
 414  1004  414  414  i
 415  894  415  415  i
 416  46  416  416  i
 417  5  417  417  i
 418  469  418  418  i
 419  996  419  419  i
 420  950  420  420  i
 421  993  421  421  i
 422  1007  422  422  i
 423  3  423  423  i
 424  67  424  424  i
 425  1117  425  425  i
 426  2638  426  426  i
 427  2851  427  427  i
 428  2656  428  428  i
 429  3225  429  429  i
 430  2629  430  430  i
 431  1860  431  431  i
 432  4344  432  432  i
 433  4885  433  433  i
 434  5056  434  434  i
 435  4732  435  435  i
 436  4274  436  436  i
 437  1967  437  437  i
 438  1162  438  438  i
 439  3339  439  439  i
 440  4944  440  440  i
 441  4026  441  441  i
 442  4072  442  442  i
 443  3944  443  443  i
 444  1203  444  444  i
 445  700  445  445  i
 446  2527  446  446  i
 447  2605  447  447  i
 448  2988  448  448  i
 449  2645  449  449  i
 450  2284  450  450  i
 451  629  451  451  i
 452  454  452  452  i
 453  1643  453  453  i
 454  1710  454  454  i
 455  1440  455  455  i
 456  1378  456  456  i
 457  449  457  457  i
 458  132  458  458  i
 459  103  459  459  i
 460  204  460  460  i
 461  1169  461  461  i
 462  831  462  462  i
 463  4108  463  463  i
 464  4539  464  464  i
 465  2314  465  465  i
 466  929  466  466  i
 467  4660  467  467  i
 468  5249  468  468  i
 469  3574  469  469  i
 470  5175  470  470  i
 471  5200  471  471  i
 472  2125  472  472  i
 473  1050  473  473  i
 474  5523  474  474  i
 475  5653  475  475  i
 476  6092  476  476  i
 477  6275  477  477  i
 478  6076  478  478  i
 479  1942  479  479  i
 480  2380  480  480  i
 481  6507  481  481  i
 482  5850  482  482  i
 483  7170  483  483  i
 484  8564  484  484  i
 485  7910  485  485  i
 486  2738  486  486  i
 487  1895  487  487  i
 488  7675  488  488  i
 489  7825  489  489  i
 490  7869  490  490  i
 491  8950  491  491  i
 492  9206  492  492  i
 493  3143  493  493  i
 494  2390  494  494  i
 495  8287  495  495  i
 496  7744  496  496  i
 497  8270  497  497  i
 498  8367  498  498  i
 499  8108  499  499  i
 500  3447  500  500  i
 501  2502  501  501  i
 502  7841  502  502  i
 503  7844  503  503  i
 504  8880  504  504  i
 505  7542  505  505  i
 506  6833  506  506  i
 507  3313  507  507  i
 508  2224  508  508  i
 509  4655  509  509  i
 510  5811  510  510  i
 511  7422  511  511  i
 512  5570  512  512  i
 513  6193  513  513  i
 514  4194  514  514  i
 515  2430  515  515  i
 516  5522  516  516  i
 517  5385  517  517  i
 518  6113  518  518  i
 519  5522  519  519  i
 520  6236  520  520  i
 521  3259  521  521  i
 522  3686  522  522  i
 523  5488  523  523  i
 524  6441  524  524  i
 525  5067  525  525  i
 526  4200  526  526  i


