
# Curve 0 of 1, 317 points
# Curve title: "daily incidence"
# x y xlow xhigh type
-1  77996 -1 -1  i
 69  1  69  69  i
 70  1  70  70  i
 83  3  83  83  i
 84  5  84  84  i
 85  4  85  85  i
 86  6  86  86  i
 87  5  87  87  i
 89  3  89  89  i
 90  6  90  90  i
 91  2  91  91  i
 92  2  92  92  i
 93  9  93  93  i
 94  10  94  94  i
 95  5  95  95  i
 96  3  96  96  i
 97  6  97  97  i
 98  10  98  98  i
 99  6  99  99  i
 100  7  100  100  i
 101  5  101  101  i
 102  3  102  102  i
 103  4  103  103  i
 104  2  104  104  i
 105  2  105  105  i
 106  1  106  106  i
 107  2  107  107  i
 108  1  108  108  i
 109  6  109  109  i
 111  1  111  111  i
 113  2  113  113  i
 114  2  114  114  i
 117  1  117  117  i
 119  1  119  119  i
 120  1  120  120  i
 121  1  121  121  i
 127  1  127  127  i
 131  1  131  131  i
 132  1  132  132  i
 134  1  134  134  i
 135  3  135  135  i
 182  2  182  182  i
 198  1  198  198  i
 205  2  205  205  i
 207  1  207  207  i
 209  1  209  209  i
 210  2  210  210  i
 211  1  211  211  i
 212  2  212  212  i
 213  2  213  213  i
 215  2  215  215  i
 218  3  218  218  i
 219  1  219  219  i
 220  2  220  220  i
 223  2  223  223  i
 224  2  224  224  i
 225  1  225  225  i
 226  1  226  226  i
 227  1  227  227  i
 228  1  228  228  i
 229  4  229  229  i
 231  6  231  231  i
 233  2  233  233  i
 234  3  234  234  i
 236  2  236  236  i
 237  3  237  237  i
 238  1  238  238  i
 239  3  239  239  i
 240  5  240  240  i
 241  3  241  241  i
 242  1  242  242  i
 243  2  243  243  i
 244  10  244  244  i
 245  7  245  245  i
 246  5  246  246  i
 247  5  247  247  i
 248  5  248  248  i
 249  1  249  249  i
 250  10  250  250  i
 251  10  251  251  i
 252  12  252  252  i
 253  23  253  253  i
 254  10  254  254  i
 255  21  255  255  i
 256  5  256  256  i
 257  16  257  257  i
 258  17  258  258  i
 259  16  259  259  i
 260  26  260  260  i
 261  23  261  261  i
 262  24  262  262  i
 263  15  263  263  i
 264  17  264  264  i
 265  20  265  265  i
 266  25  266  266  i
 267  23  267  267  i
 268  41  268  268  i
 269  21  269  269  i
 270  6  270  270  i
 271  7  271  271  i
 272  34  272  272  i
 273  33  273  273  i
 274  41  274  274  i
 275  42  275  275  i
 276  30  276  276  i
 277  22  277  277  i
 278  69  278  278  i
 279  42  279  279  i
 280  61  280  280  i
 281  64  281  281  i
 282  68  282  282  i
 283  57  283  283  i
 284  47  284  284  i
 285  53  285  285  i
 286  139  286  286  i
 287  122  287  287  i
 288  117  288  288  i
 289  218  289  289  i
 290  159  290  290  i
 291  102  291  291  i
 292  94  292  292  i
 293  211  293  293  i
 294  258  294  294  i
 295  210  295  295  i
 296  186  296  296  i
 297  176  297  297  i
 298  94  298  298  i
 299  110  299  299  i
 300  223  300  300  i
 301  137  301  301  i
 302  147  302  302  i
 303  120  303  303  i
 304  103  304  304  i
 305  26  305  305  i
 306  231  306  306  i
 307  146  307  307  i
 308  141  308  308  i
 309  119  309  309  i
 310  98  310  310  i
 311  35  311  311  i
 312  38  312  312  i
 313  79  313  313  i
 314  73  314  314  i
 315  71  315  315  i
 316  81  316  316  i
 317  64  317  317  i
 318  43  318  318  i
 319  25  319  319  i
 320  58  320  320  i
 321  55  321  321  i
 322  45  322  322  i
 323  80  323  323  i
 324  46  324  324  i
 325  31  325  325  i
 326  11  326  326  i
 327  39  327  327  i
 328  71  328  328  i
 329  48  329  329  i
 330  33  330  330  i
 331  42  331  331  i
 332  29  332  332  i
 333  7  333  333  i
 334  32  334  334  i
 335  54  335  335  i
 336  49  336  336  i
 337  57  337  337  i
 338  58  338  338  i
 339  24  339  339  i
 340  17  340  340  i
 341  49  341  341  i
 342  46  342  342  i
 343  67  343  343  i
 344  51  344  344  i
 345  56  345  345  i
 346  42  346  346  i
 347  7  347  347  i
 348  74  348  348  i
 349  68  349  349  i
 350  71  350  350  i
 351  65  351  351  i
 352  94  352  352  i
 353  58  353  353  i
 354  16  354  354  i
 355  108  355  355  i
 356  101  356  356  i
 357  133  357  357  i
 358  21  358  358  i
 359  57  359  359  i
 360  44  360  360  i
 361  31  361  361  i
 362  117  362  362  i
 363  138  363  363  i
 364  136  364  364  i
 365  107  365  365  i
 366  28  366  366  i
 367  55  367  367  i
 368  34  368  368  i
 369  136  369  369  i
 370  142  370  370  i
 371  178  371  371  i
 372  118  372  372  i
 373  110  373  373  i
 374  49  374  374  i
 375  24  375  375  i
 376  116  376  376  i
 377  113  377  377  i
 378  96  378  378  i
 379  65  379  379  i
 380  107  380  380  i
 381  40  381  381  i
 382  17  382  382  i
 383  104  383  383  i
 384  122  384  384  i
 385  93  385  385  i
 386  98  386  386  i
 387  113  387  387  i
 388  29  388  388  i
 389  15  389  389  i
 390  101  390  390  i
 391  111  391  391  i
 392  145  392  392  i
 393  95  393  393  i
 394  108  394  394  i
 395  28  395  395  i
 396  21  396  396  i
 397  103  397  397  i
 398  136  398  398  i
 399  142  399  399  i
 400  129  400  400  i
 401  148  401  401  i
 402  51  402  402  i
 403  17  403  403  i
 404  135  404  404  i
 405  180  405  405  i
 406  141  406  406  i
 407  159  407  407  i
 408  186  408  408  i
 409  65  409  409  i
 410  31  410  410  i
 411  146  411  411  i
 412  244  412  412  i
 413  233  413  413  i
 414  219  414  414  i
 415  227  415  415  i
 416  90  416  416  i
 417  44  417  417  i
 418  199  418  418  i
 419  341  419  419  i
 420  293  420  420  i
 421  262  421  421  i
 422  291  422  422  i
 423  103  423  423  i
 424  39  424  424  i
 425  209  425  425  i
 426  324  426  426  i
 427  262  427  427  i
 428  269  428  428  i
 429  229  429  429  i
 430  94  430  430  i
 431  32  431  431  i
 432  161  432  432  i
 433  303  433  433  i
 434  280  434  434  i
 435  169  435  435  i
 436  222  436  436  i
 437  53  437  437  i
 438  70  438  438  i
 439  123  439  439  i
 440  224  440  440  i
 441  147  441  441  i
 442  142  442  442  i
 443  120  443  443  i
 444  46  444  444  i
 445  19  445  445  i
 446  116  446  446  i
 447  120  447  447  i
 448  116  448  448  i
 449  69  449  449  i
 450  91  450  450  i
 451  18  451  451  i
 452  11  452  452  i
 453  63  453  453  i
 454  89  454  454  i
 455  71  455  455  i
 456  63  456  456  i
 457  30  457  457  i
 458  5  458  458  i
 459  15  459  459  i
 460  7  460  460  i
 461  59  461  461  i
 462  55  462  462  i
 463  47  463  463  i
 464  48  464  464  i
 465  7  465  465  i
 466  6  466  466  i
 467  34  467  467  i
 468  21  468  468  i
 469  9  469  469  i
 470  17  470  470  i
 471  25  471  471  i
 472  11  472  472  i
 473  2  473  473  i
 474  28  474  474  i
 475  29  475  475  i
 476  26  476  476  i
 477  13  477  477  i
 478  16  478  478  i
 479  4  479  479  i
 481  15  481  481  i
 482  26  482  482  i
 483  18  483  483  i
 484  9  484  484  i
 485  18  485  485  i
 486  3  486  486  i
 487  3  487  487  i
 488  13  488  488  i


