
# Curve 0 of 1, 377 points
# Curve title: "daily incidence"
# x y xlow xhigh type
 69  1  69  69  i
 70  1  70  70  i
 74  9  74  74  i
 77  3  77  77  i
 78  5  78  78  i
 80  1  80  80  i
 82  2  82  82  i
 83  11  83  83  i
 84  10  84  84  i
 85  33  85  85  i
 86  18  86  86  i
 87  25  87  87  i
 88  2  88  88  i
 89  22  89  89  i
 90  25  90  90  i
 91  11  91  91  i
 92  10  92  92  i
 93  30  93  93  i
 94  37  94  94  i
 95  11  95  95  i
 96  21  96  96  i
 97  30  97  97  i
 98  46  98  98  i
 99  18  99  99  i
 100  22  100  100  i
 101  27  101  101  i
 102  11  102  102  i
 103  25  103  103  i
 104  12  104  104  i
 105  15  105  105  i
 106  9  106  106  i
 107  17  107  107  i
 108  4  108  108  i
 109  25  109  109  i
 110  2  110  110  i
 111  11  111  111  i
 112  3  112  112  i
 113  8  113  113  i
 114  5  114  114  i
 115  1  115  115  i
 116  2  116  116  i
 117  8  117  117  i
 118  6  118  118  i
 119  3  119  119  i
 120  8  120  120  i
 121  1  121  121  i
 122  4  122  122  i
 123  3  123  123  i
 124  1  124  124  i
 125  1  125  125  i
 126  10  126  126  i
 127  2  127  127  i
 128  6  128  128  i
 131  3  131  131  i
 132  2  132  132  i
 134  5  134  134  i
 135  4  135  135  i
 136  2  136  136  i
 138  2  138  138  i
 139  1  139  139  i
 140  2  140  140  i
 141  2  141  141  i
 142  1  142  142  i
 144  1  144  144  i
 145  1  145  145  i
 146  1  146  146  i
 148  2  148  148  i
 153  1  153  153  i
 156  1  156  156  i
 167  1  167  167  i
 170  3  170  170  i
 172  4  172  172  i
 175  1  175  175  i
 178  1  178  178  i
 179  2  179  179  i
 182  3  182  182  i
 184  1  184  184  i
 188  1  188  188  i
 191  2  191  191  i
 194  1  194  194  i
 197  2  197  197  i
 198  2  198  198  i
 199  3  199  199  i
 202  2  202  202  i
 203  3  203  203  i
 204  5  204  204  i
 205  5  205  205  i
 206  3  206  206  i
 207  3  207  207  i
 208  4  208  208  i
 209  3  209  209  i
 210  7  210  210  i
 211  2  211  211  i
 212  7  212  212  i
 213  4  213  213  i
 214  1  214  214  i
 215  10  215  215  i
 216  6  216  216  i
 217  7  217  217  i
 218  8  218  218  i
 219  31  219  219  i
 220  15  220  220  i
 221  1  221  221  i
 222  2  222  222  i
 223  11  223  223  i
 224  17  224  224  i
 225  17  225  225  i
 226  21  226  226  i
 227  4  227  227  i
 228  19  228  228  i
 229  23  229  229  i
 230  8  230  230  i
 231  17  231  231  i
 232  6  232  232  i
 233  10  233  233  i
 234  21  234  234  i
 235  7  235  235  i
 236  8  236  236  i
 237  15  237  237  i
 238  22  238  238  i
 239  13  239  239  i
 240  18  240  240  i
 241  13  241  241  i
 242  6  242  242  i
 243  13  243  243  i
 244  34  244  244  i
 245  37  245  245  i
 246  24  246  246  i
 247  24  247  247  i
 248  29  248  248  i
 249  7  249  249  i
 250  52  250  250  i
 251  52  251  251  i
 252  62  252  252  i
 253  95  253  253  i
 254  73  254  254  i
 255  93  255  255  i
 256  48  256  256  i
 257  53  257  257  i
 258  75  258  258  i
 259  130  259  259  i
 260  163  260  260  i
 261  121  261  261  i
 262  74  262  262  i
 263  48  263  263  i
 264  79  264  264  i
 265  149  265  265  i
 266  137  266  266  i
 267  135  267  267  i
 268  174  268  268  i
 269  91  269  269  i
 270  53  270  270  i
 271  53  271  271  i
 272  127  272  272  i
 273  149  273  273  i
 274  171  274  274  i
 275  199  275  275  i
 276  142  276  276  i
 277  107  277  277  i
 278  268  278  278  i
 279  206  279  279  i
 280  278  280  280  i
 281  306  281  281  i
 282  365  282  282  i
 283  268  283  283  i
 284  182  284  284  i
 285  310  285  285  i
 286  551  286  286  i
 287  555  287  287  i
 288  652  288  288  i
 289  846  289  289  i
 290  702  290  290  i
 291  450  291  291  i
 292  468  292  292  i
 293  799  293  293  i
 294  949  294  294  i
 295  1010  295  295  i
 296  890  296  296  i
 297  836  297  297  i
 298  422  298  298  i
 299  615  299  299  i
 300  949  300  300  i
 301  644  301  301  i
 302  708  302  302  i
 303  510  303  303  i
 304  498  304  304  i
 305  157  305  305  i
 306  991  306  306  i
 307  656  307  307  i
 308  687  308  308  i
 309  568  309  309  i
 310  525  310  310  i
 311  199  311  311  i
 312  227  312  312  i
 313  329  313  313  i
 314  382  314  314  i
 315  366  315  315  i
 316  391  316  316  i
 317  351  317  317  i
 318  276  318  318  i
 319  133  319  319  i
 320  298  320  320  i
 321  235  321  321  i
 322  268  322  322  i
 323  356  323  323  i
 324  280  324  324  i
 325  170  325  325  i
 326  47  326  326  i
 327  224  327  327  i
 328  339  328  328  i
 329  266  329  329  i
 330  202  330  330  i
 331  194  331  331  i
 332  106  332  332  i
 333  27  333  333  i
 334  193  334  334  i
 335  236  335  335  i
 336  260  336  336  i
 337  237  337  337  i
 338  241  338  338  i
 339  114  339  339  i
 340  56  340  340  i
 341  256  341  341  i
 342  207  342  342  i
 343  266  343  343  i
 344  272  344  344  i
 345  277  345  345  i
 346  202  346  346  i
 347  48  347  347  i
 348  336  348  348  i
 349  377  349  349  i
 350  380  350  350  i
 351  458  351  351  i
 352  468  352  352  i
 353  266  353  353  i
 354  76  354  354  i
 355  507  355  355  i
 356  525  356  356  i
 357  695  357  357  i
 358  121  358  358  i
 359  247  359  359  i
 360  181  360  360  i
 361  162  361  361  i
 362  567  362  362  i
 363  649  363  363  i
 364  688  364  364  i
 365  619  365  365  i
 366  121  366  366  i
 367  281  367  367  i
 368  156  368  368  i
 369  562  369  369  i
 370  667  370  370  i
 371  801  371  371  i
 372  621  372  372  i
 373  664  373  373  i
 374  259  374  374  i
 375  134  375  375  i
 376  549  376  376  i
 377  584  377  377  i
 378  523  378  378  i
 379  332  379  379  i
 380  573  380  380  i
 381  152  381  381  i
 382  114  382  382  i
 383  467  383  383  i
 384  585  384  384  i
 385  497  385  385  i
 386  465  386  386  i
 387  574  387  387  i
 388  167  388  388  i
 389  71  389  389  i
 390  406  390  390  i
 391  482  391  391  i
 392  644  392  392  i
 393  517  393  393  i
 394  657  394  394  i
 395  122  395  395  i
 396  128  396  396  i
 397  515  397  397  i
 398  664  398  398  i
 399  777  399  399  i
 400  781  400  400  i
 401  764  401  401  i
 402  215  402  402  i
 403  95  403  403  i
 404  633  404  404  i
 405  862  405  405  i
 406  694  406  406  i
 407  814  407  407  i
 408  852  408  408  i
 409  308  409  409  i
 410  150  410  410  i
 411  802  411  411  i
 412  1138  412  412  i
 413  1047  413  413  i
 414  1114  414  414  i
 415  1198  415  415  i
 416  476  416  416  i
 417  268  417  417  i
 418  993  418  418  i
 419  1566  419  419  i
 420  1463  420  420  i
 421  1300  421  421  i
 422  1530  422  422  i
 423  492  423  423  i
 424  211  424  424  i
 425  1052  425  425  i
 426  1645  426  426  i
 427  1302  427  427  i
 428  1188  428  428  i
 429  1262  429  429  i
 430  444  430  430  i
 431  169  431  431  i
 432  811  432  432  i
 433  1396  433  433  i
 434  1266  434  434  i
 435  841  435  435  i
 436  1076  436  436  i
 437  247  437  437  i
 438  318  438  438  i
 439  673  439  439  i
 440  1098  440  440  i
 441  803  441  441  i
 442  690  442  442  i
 443  646  443  443  i
 444  203  444  444  i
 445  158  445  445  i
 446  493  446  446  i
 447  556  447  447  i
 448  581  448  448  i
 449  375  449  449  i
 450  468  450  450  i
 451  121  451  451  i
 452  76  452  452  i
 453  342  453  453  i
 454  386  454  454  i
 455  347  455  455  i
 456  316  456  456  i
 457  153  457  457  i
 458  46  458  458  i
 459  77  459  459  i
 460  32  460  460  i
 461  259  461  461  i
 462  274  462  462  i
 463  206  463  463  i
 464  194  464  464  i
 465  55  465  465  i
 466  33  466  466  i
 467  185  467  467  i
 468  155  468  468  i
 469  91  469  469  i
 470  100  470  470  i
 471  129  471  471  i
 472  41  472  472  i
 473  20  473  473  i
 474  133  474  474  i
 475  130  475  475  i
 476  106  476  476  i
 477  79  477  477  i
 478  94  478  478  i
 479  50  479  479  i
 480  20  480  480  i
 481  129  481  481  i
 482  110  482  482  i
 483  108  483  483  i
 484  67  484  484  i
 485  73  485  485  i
 486  33  486  486  i
 487  13  487  487  i
 488  55  488  488  i
 489  101  489  489  i
 490  66  490  490  i
 491  57  491  491  i
 492  65  492  492  i
 493  11  493  493  i
 494  18  494  494  i


