
# Curve 0 of 1, 155 points
# Curve title: "1st dose"
# x y xlow xhigh type
-1  213762 -1 -1  i
 365  2  365  365  i
 366  12  366  366  i
 367  7  367  367  i
 368  7  368  368  i
 369  18  369  369  i
 370  33  370  370  i
 371  56  371  371  i
 372  70  372  372  i
 373  62  373  373  i
 374  41  374  374  i
 375  41  375  375  i
 376  120  376  376  i
 377  163  377  377  i
 378  124  378  378  i
 379  82  379  379  i
 380  92  380  380  i
 381  24  381  381  i
 382  5  382  382  i
 383  63  383  383  i
 384  53  384  384  i
 385  42  385  385  i
 386  50  386  386  i
 387  21  387  387  i
 389  3  389  389  i
 390  21  390  390  i
 391  37  391  391  i
 392  18  392  392  i
 393  49  393  393  i
 394  7  394  394  i
 397  4  397  397  i
 398  3  398  398  i
 399  5  399  399  i
 400  2  400  400  i
 401  0  401  401  i
 402  0  402  402  i
 403  0  403  403  i
 404  1  404  404  i
 405  1  405  405  i
 406  4  406  406  i
 407  35  407  407  i
 408  4  408  408  i
 409  1  409  409  i
 410  0  410  410  i
 411  12  411  411  i
 412  25  412  412  i
 413  52  413  413  i
 414  17  414  414  i
 415  26  415  415  i
 416  0  416  416  i
 418  57  418  418  i
 419  31  419  419  i
 420  32  420  420  i
 421  61  421  421  i
 422  74  422  422  i
 425  88  425  425  i
 426  82  426  426  i
 427  153  427  427  i
 428  61  428  428  i
 429  100  429  429  i
 430  6  430  430  i
 432  88  432  432  i
 433  106  433  433  i
 434  97  434  434  i
 435  85  435  435  i
 436  127  436  436  i
 437  9  437  437  i
 439  19  439  439  i
 440  48  440  440  i
 441  51  441  441  i
 442  59  442  442  i
 443  40  443  443  i
 444  29  444  444  i
 445  13  445  445  i
 446  35  446  446  i
 447  62  447  447  i
 448  100  448  448  i
 449  97  449  449  i
 450  158  450  450  i
 451  36  451  451  i
 452  2  452  452  i
 453  32  453  453  i
 454  39  454  454  i
 455  26  455  455  i
 456  33  456  456  i
 457  22  457  457  i
 458  2  458  458  i
 460  1  460  460  i
 461  42  461  461  i
 462  51  462  462  i
 463  191  463  463  i
 464  234  464  464  i
 465  103  465  465  i
 466  54  466  466  i
 467  51  467  467  i
 468  33  468  468  i
 469  43  469  469  i
 470  71  470  470  i
 471  79  471  471  i
 472  31  472  472  i
 473  36  473  473  i
 474  116  474  474  i
 475  93  475  475  i
 476  109  476  476  i
 477  130  477  477  i
 478  231  478  478  i
 479  76  479  479  i
 480  51  480  480  i
 481  213  481  481  i
 482  143  482  482  i
 483  104  483  483  i
 484  172  484  484  i
 485  160  485  485  i
 486  20  486  486  i
 487  30  487  487  i
 488  131  488  488  i
 489  187  489  489  i
 490  164  490  490  i
 491  222  491  491  i
 492  208  492  492  i
 493  43  493  493  i
 494  65  494  494  i
 495  205  495  495  i
 496  183  496  496  i
 497  154  497  497  i
 498  193  498  498  i
 499  172  499  499  i
 500  48  500  500  i
 501  121  501  501  i
 502  180  502  502  i
 503  113  503  503  i
 504  84  504  504  i
 505  173  505  505  i
 506  123  506  506  i
 507  18  507  507  i
 508  11  508  508  i
 509  76  509  509  i
 510  179  510  510  i
 511  488  511  511  i
 512  578  512  512  i
 513  678  513  513  i
 514  473  514  514  i
 515  185  515  515  i
 516  678  516  516  i
 517  488  517  517  i
 518  824  518  518  i
 519  802  519  519  i
 520  681  520  520  i
 521  811  521  521  i
 522  821  522  522  i
 523  1885  523  523  i
 524  1554  524  524  i
 525  1562  525  525  i
 526  353  526  526  i


