
# Curve 0 of 1, 161 points
# Curve title: "1st dose"
# x y xlow xhigh type
 365  15  365  365  i
 366  37  366  366  i
 367  58  367  367  i
 368  38  368  368  i
 369  78  369  369  i
 370  193  370  370  i
 371  276  371  371  i
 372  384  372  372  i
 373  313  373  373  i
 374  296  374  374  i
 375  211  375  375  i
 376  749  376  376  i
 377  844  377  377  i
 378  844  378  378  i
 379  579  379  379  i
 380  901  380  380  i
 381  249  381  381  i
 382  60  382  382  i
 383  648  383  383  i
 384  814  384  384  i
 385  581  385  385  i
 386  903  386  386  i
 387  635  387  387  i
 388  276  388  388  i
 389  375  389  389  i
 390  758  390  390  i
 391  874  391  391  i
 392  656  392  392  i
 393  544  393  393  i
 394  264  394  394  i
 397  11  397  397  i
 398  15  398  398  i
 399  78  399  399  i
 400  53  400  400  i
 401  1  401  401  i
 402  2  402  402  i
 403  0  403  403  i
 404  3  404  404  i
 405  9  405  405  i
 406  19  406  406  i
 407  277  407  407  i
 408  96  408  408  i
 409  6  409  409  i
 410  4  410  410  i
 411  130  411  411  i
 412  456  412  412  i
 413  409  413  413  i
 414  274  414  414  i
 415  500  415  415  i
 416  49  416  416  i
 417  70  417  417  i
 418  967  418  418  i
 419  1065  419  419  i
 420  1022  420  420  i
 421  1263  421  421  i
 422  1319  422  422  i
 423  94  423  423  i
 424  104  424  424  i
 425  1297  425  425  i
 426  1582  426  426  i
 427  2034  427  427  i
 428  1933  428  428  i
 429  1928  429  429  i
 430  214  430  430  i
 431  204  431  431  i
 432  2058  432  432  i
 433  2662  433  433  i
 434  2542  434  434  i
 435  2107  435  435  i
 436  2700  436  436  i
 437  588  437  437  i
 438  179  438  438  i
 439  776  439  439  i
 440  1321  440  440  i
 441  1572  441  441  i
 442  1469  442  442  i
 443  1222  443  443  i
 444  506  444  444  i
 445  174  445  445  i
 446  1120  446  446  i
 447  1537  447  447  i
 448  1300  448  448  i
 449  1375  449  449  i
 450  2100  450  450  i
 451  1073  451  451  i
 452  92  452  452  i
 453  753  453  453  i
 454  775  454  454  i
 455  996  455  455  i
 456  1636  456  456  i
 457  771  457  457  i
 458  51  458  458  i
 459  31  459  459  i
 460  114  460  460  i
 461  1253  461  461  i
 462  1596  462  462  i
 463  3651  463  463  i
 464  3190  464  464  i
 465  1161  465  465  i
 466  704  466  466  i
 467  2471  467  467  i
 468  1624  468  468  i
 469  2175  469  469  i
 470  2375  470  470  i
 471  2322  471  471  i
 472  809  472  472  i
 473  744  473  473  i
 474  2363  474  474  i
 475  2469  475  475  i
 476  2543  476  476  i
 477  3134  477  477  i
 478  3380  478  478  i
 479  1252  479  479  i
 480  868  480  480  i
 481  2461  481  481  i
 482  2159  482  482  i
 483  2495  483  483  i
 484  4488  484  484  i
 485  4016  485  485  i
 486  1185  486  486  i
 487  1414  487  487  i
 488  3788  488  488  i
 489  4093  489  489  i
 490  3670  490  490  i
 491  4666  491  491  i
 492  4468  492  492  i
 493  1418  493  493  i
 494  1593  494  494  i
 495  4211  495  495  i
 496  4475  496  496  i
 497  3549  497  497  i
 498  4788  498  498  i
 499  4218  499  499  i
 500  2241  500  500  i
 501  1754  501  501  i
 502  3902  502  502  i
 503  3176  503  503  i
 504  2925  504  504  i
 505  2719  505  505  i
 506  2710  506  506  i
 507  882  507  507  i
 508  963  508  508  i
 509  2371  509  509  i
 510  2623  510  510  i
 511  3387  511  511  i
 512  3320  512  512  i
 513  3414  513  513  i
 514  1808  514  514  i
 515  1014  515  515  i
 516  3135  516  516  i
 517  2507  517  517  i
 518  3052  518  518  i
 519  2721  519  519  i
 520  2462  520  520  i
 521  1361  521  521  i
 522  1327  522  522  i
 523  3617  523  523  i
 524  3858  524  524  i
 525  3842  525  525  i
 526  1148  526  526  i


