
# Curve 0 of 1, 409 points
# Curve title: "daily incidence"
# x y xlow xhigh type
-1  1.21569e+06 -1 -1  i
 60  1  60  60  i
 64  1  64  64  i
 65  4  65  65  i
 66  1  66  66  i
 67  2  67  67  i
 68  2  68  68  i
 69  5  69  69  i
 70  7  70  70  i
 71  2  71  71  i
 72  4  72  72  i
 73  6  73  73  i
 74  16  74  74  i
 75  21  75  75  i
 76  16  76  76  i
 77  26  77  77  i
 78  58  78  78  i
 79  20  79  79  i
 80  38  80  80  i
 81  26  81  81  i
 82  22  82  82  i
 83  47  83  83  i
 84  62  84  84  i
 85  43  85  85  i
 86  81  86  86  i
 87  56  87  87  i
 88  28  88  88  i
 89  31  89  89  i
 90  64  90  90  i
 91  52  91  91  i
 92  53  92  92  i
 93  73  93  93  i
 94  53  94  94  i
 95  17  95  95  i
 96  44  96  96  i
 97  40  97  97  i
 98  66  98  98  i
 99  43  99  99  i
 100  34  100  100  i
 101  24  101  101  i
 102  17  102  102  i
 103  9  103  103  i
 104  11  104  104  i
 105  23  105  105  i
 106  18  106  106  i
 107  17  107  107  i
 108  19  108  108  i
 109  15  109  109  i
 110  17  110  110  i
 111  22  111  111  i
 112  15  112  112  i
 113  10  113  113  i
 114  20  114  114  i
 115  13  115  115  i
 116  4  116  116  i
 117  6  117  117  i
 118  6  118  118  i
 119  8  119  119  i
 120  15  120  120  i
 121  10  121  121  i
 122  2  122  122  i
 123  5  123  123  i
 124  3  124  124  i
 125  14  125  125  i
 126  12  126  126  i
 127  15  127  127  i
 128  5  128  128  i
 129  1  129  129  i
 130  2  130  130  i
 131  11  131  131  i
 132  7  132  132  i
 133  8  133  133  i
 134  22  134  134  i
 135  9  135  135  i
 136  12  136  136  i
 137  5  137  137  i
 138  33  138  138  i
 139  19  139  139  i
 140  16  140  140  i
 141  7  141  141  i
 142  10  142  142  i
 143  15  143  143  i
 144  24  144  144  i
 145  8  145  145  i
 146  14  146  146  i
 147  3  147  147  i
 148  12  148  148  i
 149  11  149  149  i
 150  6  150  150  i
 151  7  151  151  i
 152  4  152  152  i
 153  13  153  153  i
 154  9  154  154  i
 155  11  155  155  i
 156  6  156  156  i
 157  6  157  157  i
 158  15  158  158  i
 159  18  159  159  i
 160  9  160  160  i
 161  18  161  161  i
 162  16  162  162  i
 163  8  163  163  i
 164  9  164  164  i
 165  7  165  165  i
 166  8  166  166  i
 167  11  167  167  i
 168  15  168  168  i
 169  32  169  169  i
 170  22  170  170  i
 171  12  171  171  i
 172  8  172  172  i
 173  12  173  173  i
 174  22  174  174  i
 175  26  175  175  i
 176  26  176  176  i
 177  36  177  177  i
 178  51  178  178  i
 179  79  179  179  i
 180  67  180  180  i
 181  40  181  181  i
 182  19  182  182  i
 183  32  183  183  i
 184  27  184  184  i
 185  33  185  185  i
 186  13  186  186  i
 187  10  187  187  i
 188  37  188  188  i
 189  21  189  189  i
 190  26  190  190  i
 191  19  191  191  i
 192  11  192  192  i
 193  10  193  193  i
 194  10  194  194  i
 195  20  195  195  i
 196  33  196  196  i
 197  28  197  197  i
 198  29  198  198  i
 199  19  199  199  i
 200  15  200  200  i
 201  46  201  201  i
 202  46  202  202  i
 203  29  203  203  i
 204  36  204  204  i
 205  34  205  205  i
 206  16  206  206  i
 207  18  207  207  i
 208  40  208  208  i
 209  51  209  209  i
 210  55  210  210  i
 211  37  211  211  i
 212  34  212  212  i
 213  26  213  213  i
 214  16  214  214  i
 215  40  215  215  i
 216  51  216  216  i
 217  34  217  217  i
 218  34  218  218  i
 219  43  219  219  i
 220  18  220  220  i
 221  23  221  221  i
 222  17  222  222  i
 223  41  223  223  i
 224  61  224  224  i
 225  61  225  225  i
 226  42  226  226  i
 227  37  227  227  i
 228  14  228  228  i
 229  32  229  229  i
 230  46  230  230  i
 231  60  231  231  i
 232  28  232  232  i
 233  79  233  233  i
 234  36  234  234  i
 235  17  235  235  i
 236  32  236  236  i
 237  64  237  237  i
 238  64  238  238  i
 239  59  239  239  i
 240  68  240  240  i
 241  53  241  241  i
 242  42  242  242  i
 243  44  243  243  i
 244  99  244  244  i
 245  107  245  245  i
 246  107  246  246  i
 247  135  247  247  i
 248  111  248  248  i
 249  65  249  249  i
 250  97  250  250  i
 251  195  251  251  i
 252  198  252  252  i
 253  239  253  253  i
 254  235  254  254  i
 255  236  255  255  i
 256  133  256  256  i
 257  178  257  257  i
 258  288  258  258  i
 259  381  259  259  i
 260  506  260  260  i
 261  341  261  261  i
 262  351  262  262  i
 263  154  263  263  i
 264  271  264  264  i
 265  388  265  265  i
 266  393  266  266  i
 267  497  267  267  i
 268  595  268  268  i
 269  393  269  269  i
 270  233  270  270  i
 271  258  271  271  i
 272  421  272  272  i
 273  604  273  273  i
 274  758  274  274  i
 275  803  275  275  i
 276  539  276  276  i
 277  368  277  277  i
 278  629  278  278  i
 279  978  279  279  i
 280  1107  280  280  i
 281  1201  281  281  i
 282  1833  282  282  i
 283  1002  283  283  i
 284  622  284  284  i
 285  860  285  285  i
 286  1879  286  286  i
 287  2206  287  287  i
 288  2130  288  288  i
 289  2381  289  289  i
 290  1915  290  290  i
 291  1070  291  291  i
 292  1762  292  292  i
 293  2823  293  293  i
 294  3480  294  294  i
 295  3117  295  295  i
 296  3284  296  296  i
 297  2804  297  297  i
 298  1577  298  298  i
 299  2259  299  299  i
 300  3437  300  300  i
 301  2746  301  301  i
 302  2767  302  302  i
 303  2914  303  303  i
 304  2375  304  304  i
 305  1324  305  305  i
 306  1960  306  306  i
 307  2527  307  307  i
 308  3344  308  308  i
 309  2587  309  309  i
 310  2180  310  310  i
 311  1492  311  311  i
 312  626  312  312  i
 313  1216  313  313  i
 314  1727  314  314  i
 315  1722  315  315  i
 316  1461  316  316  i
 317  1343  317  317  i
 318  729  318  318  i
 319  390  319  319  i
 320  953  320  320  i
 321  836  321  321  i
 322  1074  322  322  i
 323  1208  323  323  i
 324  992  324  324  i
 325  562  325  325  i
 326  247  326  326  i
 327  769  327  327  i
 328  1133  328  328  i
 329  876  329  329  i
 330  688  330  330  i
 331  829  331  331  i
 332  480  332  332  i
 333  195  333  333  i
 334  630  334  334  i
 335  1079  335  335  i
 336  842  336  336  i
 337  906  337  337  i
 338  860  338  338  i
 339  599  339  339  i
 340  194  340  340  i
 341  792  341  341  i
 342  1165  342  342  i
 343  1202  343  343  i
 344  1107  344  344  i
 345  1174  345  345  i
 346  630  346  346  i
 347  375  347  347  i
 348  997  348  348  i
 349  1542  349  349  i
 350  1651  350  350  i
 351  1541  351  351  i
 352  1667  352  352  i
 353  1043  353  353  i
 354  696  354  354  i
 355  1560  355  355  i
 356  2292  356  356  i
 357  2979  357  357  i
 358  886  358  358  i
 359  563  359  359  i
 360  634  360  360  i
 361  783  361  361  i
 362  2310  362  362  i
 363  3555  363  363  i
 364  3414  364  364  i
 365  2648  365  365  i
 366  570  366  366  i
 367  940  367  367  i
 368  1208  368  368  i
 369  2625  369  369  i
 370  3373  370  370  i
 371  3397  371  371  i
 372  2676  372  372  i
 373  2442  373  373  i
 374  1482  374  374  i
 375  812  375  375  i
 376  1775  376  376  i
 377  2042  377  377  i
 378  2061  378  378  i
 379  1526  379  379  i
 380  1707  380  380  i
 381  897  381  381  i
 382  459  382  382  i
 383  1501  383  383  i
 384  1814  384  384  i
 385  1530  385  385  i
 386  1347  386  386  i
 387  1536  387  387  i
 388  783  388  388  i
 389  430  389  389  i
 390  1387  390  390  i
 391  1777  391  391  i
 392  1559  392  392  i
 393  1475  393  393  i
 394  1469  394  394  i
 395  701  395  395  i
 396  448  396  396  i
 397  1350  397  397  i
 398  1780  398  398  i
 399  1798  399  399  i
 400  1490  400  400  i
 401  1586  401  401  i
 402  835  402  402  i
 403  425  403  403  i
 404  1633  404  404  i
 405  2073  405  405  i
 406  1831  406  406  i
 407  1643  407  407  i
 408  1591  408  408  i
 409  985  409  409  i
 410  604  410  410  i
 411  1792  411  411  i
 412  2420  412  412  i
 413  2161  413  413  i
 414  2284  414  414  i
 415  2171  415  415  i
 416  1245  416  416  i
 417  750  417  417  i
 418  2198  418  418  i
 419  3172  419  419  i
 420  2742  420  420  i
 421  2708  421  421  i
 422  2843  422  422  i
 423  1520  423  423  i
 424  871  424  424  i
 425  2394  425  425  i
 426  3279  426  426  i
 427  2994  427  427  i
 428  3059  428  428  i
 429  2525  429  429  i
 430  1843  430  430  i
 431  759  431  431  i
 432  2168  432  432  i
 433  3176  433  433  i
 434  2836  434  434  i
 435  2166  435  435  i
 436  2969  436  436  i
 437  1315  437  437  i
 438  653  438  438  i
 439  2073  439  439  i
 440  2792  440  440  i
 441  2301  441  441  i
 442  2171  442  442  i
 443  1859  443  443  i
 444  1030  444  444  i
 445  408  445  445  i
 446  1549  446  446  i
 447  2142  447  447  i
 448  1666  448  448  i
 449  1492  449  449  i
 450  1372  450  450  i
 451  688  451  451  i
 452  284  452  452  i
 453  1308  453  453  i
 454  1676  454  454  i
 455  1294  455  455  i
 456  1171  456  456  i
 457  698  457  457  i
 458  362  458  458  i
 459  329  459  459  i
 460  257  460  460  i
 461  1048  461  461  i
 462  1377  462  462  i
 463  1059  463  463  i
 464  895  464  464  i
 465  380  465  465  i
 466  174  466  466  i
 467  689  467  467  i
 468  913  468  468  i
 469  699  469  469  i


