
# Curve 0 of 1, 408 points
# Curve title: "daily incidence"
# x y xlow xhigh type
-1  1.28386e+06 -1 -1  i
 62  1  62  62  i
 65  1  65  65  i
 66  1  66  66  i
 67  2  67  67  i
 68  1  68  68  i
 69  2  69  69  i
 70  3  70  70  i
 71  5  71  71  i
 72  3  72  72  i
 73  5  73  73  i
 74  15  74  74  i
 75  14  75  75  i
 76  9  76  76  i
 77  12  77  77  i
 78  20  78  78  i
 79  17  79  79  i
 80  35  80  80  i
 81  23  81  81  i
 82  29  82  82  i
 83  34  83  83  i
 84  40  84  84  i
 85  51  85  85  i
 86  53  86  86  i
 87  32  87  87  i
 88  19  88  88  i
 89  27  89  89  i
 90  48  90  90  i
 91  41  91  91  i
 92  42  92  92  i
 93  53  93  93  i
 94  34  94  94  i
 95  15  95  95  i
 96  24  96  96  i
 97  27  97  97  i
 98  44  98  98  i
 99  37  99  99  i
 100  14  100  100  i
 101  33  101  101  i
 102  15  102  102  i
 103  9  103  103  i
 104  14  104  104  i
 105  32  105  105  i
 106  31  106  106  i
 107  15  107  107  i
 108  19  108  108  i
 109  11  109  109  i
 110  18  110  110  i
 111  15  111  111  i
 112  14  112  112  i
 113  13  113  113  i
 114  9  114  114  i
 115  7  115  115  i
 116  5  116  116  i
 117  8  117  117  i
 118  5  118  118  i
 119  5  119  119  i
 120  17  120  120  i
 121  5  121  121  i
 122  5  122  122  i
 123  2  123  123  i
 124  4  124  124  i
 125  7  125  125  i
 126  13  126  126  i
 127  4  127  127  i
 128  8  128  128  i
 129  3  129  129  i
 130  1  130  130  i
 131  13  131  131  i
 132  5  132  132  i
 133  10  133  133  i
 134  13  134  134  i
 135  5  135  135  i
 136  2  136  136  i
 137  3  137  137  i
 138  23  138  138  i
 139  9  139  139  i
 140  18  140  140  i
 141  6  141  141  i
 142  7  142  142  i
 143  15  143  143  i
 144  17  144  144  i
 145  15  145  145  i
 146  9  146  146  i
 147  4  147  147  i
 148  9  148  148  i
 149  4  149  149  i
 150  4  150  150  i
 151  1  151  151  i
 152  5  152  152  i
 153  4  153  153  i
 154  8  154  154  i
 155  6  155  155  i
 156  5  156  156  i
 157  7  157  157  i
 158  10  158  158  i
 159  18  159  159  i
 160  13  160  160  i
 161  14  161  161  i
 162  11  162  162  i
 163  6  163  163  i
 164  11  164  164  i
 165  6  165  165  i
 166  4  166  166  i
 167  7  167  167  i
 168  8  168  168  i
 169  16  169  169  i
 170  16  170  170  i
 171  6  171  171  i
 172  3  172  172  i
 173  11  173  173  i
 174  10  174  174  i
 175  25  175  175  i
 176  18  176  176  i
 177  42  177  177  i
 178  71  178  178  i
 179  67  179  179  i
 180  48  180  180  i
 181  27  181  181  i
 182  14  182  182  i
 183  24  183  183  i
 184  18  184  184  i
 185  17  185  185  i
 186  12  186  186  i
 187  10  187  187  i
 188  21  188  188  i
 189  20  189  189  i
 190  14  190  190  i
 191  17  191  191  i
 192  9  192  192  i
 193  13  193  193  i
 194  10  194  194  i
 195  18  195  195  i
 196  15  196  196  i
 197  22  197  197  i
 198  20  198  198  i
 199  12  199  199  i
 200  10  200  200  i
 201  21  201  201  i
 202  22  202  202  i
 203  33  203  203  i
 204  34  204  204  i
 205  24  205  205  i
 206  11  206  206  i
 207  8  207  207  i
 208  16  208  208  i
 209  35  209  209  i
 210  29  210  210  i
 211  32  211  211  i
 212  26  212  212  i
 213  15  213  213  i
 214  5  214  214  i
 215  14  215  215  i
 216  24  216  216  i
 217  28  217  217  i
 218  23  218  218  i
 219  33  219  219  i
 220  28  220  220  i
 221  12  221  221  i
 222  16  222  222  i
 223  28  223  223  i
 224  32  224  224  i
 225  38  225  225  i
 226  37  226  226  i
 227  21  227  227  i
 228  13  228  228  i
 229  26  229  229  i
 230  41  230  230  i
 231  30  231  231  i
 232  24  232  232  i
 233  60  233  233  i
 234  23  234  234  i
 235  13  235  235  i
 236  26  236  236  i
 237  42  237  237  i
 238  36  238  238  i
 239  32  239  239  i
 240  55  240  240  i
 241  42  241  241  i
 242  27  242  242  i
 243  37  243  243  i
 244  63  244  244  i
 245  80  245  245  i
 246  77  246  246  i
 247  87  247  247  i
 248  57  248  248  i
 249  37  249  249  i
 250  79  250  250  i
 251  135  251  251  i
 252  139  252  252  i
 253  152  253  253  i
 254  144  254  254  i
 255  161  255  255  i
 256  73  256  256  i
 257  96  257  257  i
 258  176  258  258  i
 259  224  259  259  i
 260  350  260  260  i
 261  174  261  261  i
 262  181  262  262  i
 263  102  263  263  i
 264  159  264  264  i
 265  280  265  265  i
 266  249  266  266  i
 267  317  267  267  i
 268  381  268  268  i
 269  253  269  269  i
 270  144  270  270  i
 271  148  271  271  i
 272  252  272  272  i
 273  403  273  273  i
 274  523  274  274  i
 275  557  275  275  i
 276  374  276  276  i
 277  210  277  277  i
 278  462  278  278  i
 279  640  279  279  i
 280  745  280  280  i
 281  859  281  281  i
 282  1321  282  282  i
 283  729  283  283  i
 284  426  284  284  i
 285  703  285  285  i
 286  1233  286  286  i
 287  1607  287  287  i
 288  1551  288  288  i
 289  1770  289  289  i
 290  1375  290  290  i
 291  763  291  291  i
 292  1287  292  292  i
 293  1910  293  293  i
 294  2408  294  294  i
 295  2296  295  295  i
 296  2497  296  296  i
 297  1940  297  297  i
 298  1068  298  298  i
 299  1754  299  299  i
 300  2711  300  300  i
 301  2198  301  301  i
 302  2318  302  302  i
 303  2335  303  303  i
 304  1942  304  304  i
 305  1113  305  305  i
 306  1648  306  306  i
 307  2078  307  307  i
 308  2760  308  308  i
 309  2338  309  309  i
 310  1976  310  310  i
 311  1249  311  311  i
 312  600  312  312  i
 313  1073  313  313  i
 314  1575  314  314  i
 315  1554  315  315  i
 316  1297  316  316  i
 317  1170  317  317  i
 318  671  318  318  i
 319  289  319  319  i
 320  802  320  320  i
 321  716  321  321  i
 322  921  322  322  i
 323  1070  323  323  i
 324  980  324  324  i
 325  502  325  325  i
 326  213  326  326  i
 327  696  327  327  i
 328  954  328  328  i
 329  778  329  329  i
 330  649  330  330  i
 331  629  331  331  i
 332  362  332  332  i
 333  132  333  333  i
 334  547  334  334  i
 335  806  335  335  i
 336  688  336  336  i
 337  681  337  337  i
 338  679  338  338  i
 339  446  339  339  i
 340  152  340  340  i
 341  655  341  341  i
 342  968  342  342  i
 343  953  343  343  i
 344  844  344  344  i
 345  923  345  345  i
 346  488  346  346  i
 347  285  347  347  i
 348  764  348  348  i
 349  1276  349  349  i
 350  1191  350  350  i
 351  1095  351  351  i
 352  1277  352  352  i
 353  746  353  353  i
 354  467  354  354  i
 355  1229  355  355  i
 356  1617  356  356  i
 357  2170  357  357  i
 358  642  358  358  i
 359  364  359  359  i
 360  413  360  360  i
 361  581  361  361  i
 362  1714  362  362  i
 363  2621  363  363  i
 364  2660  364  364  i
 365  1973  365  365  i
 366  429  366  366  i
 367  746  367  367  i
 368  903  368  368  i
 369  2029  369  369  i
 370  2689  370  370  i
 371  2679  371  371  i
 372  2301  372  372  i
 373  1957  373  373  i
 374  1145  374  374  i
 375  593  375  375  i
 376  1422  376  376  i
 377  1697  377  377  i
 378  1741  378  378  i
 379  1247  379  379  i
 380  1488  380  380  i
 381  729  381  381  i
 382  393  382  382  i
 383  1268  383  383  i
 384  1420  384  384  i
 385  1367  385  385  i
 386  1184  386  386  i
 387  1284  387  387  i
 388  564  388  388  i
 389  330  389  389  i
 390  1084  390  390  i
 391  1422  391  391  i
 392  1291  392  392  i
 393  1122  393  393  i
 394  1143  394  394  i
 395  535  395  395  i
 396  345  396  396  i
 397  1069  397  397  i
 398  1358  398  398  i
 399  1354  399  399  i
 400  1209  400  400  i
 401  1212  401  401  i
 402  633  402  402  i
 403  323  403  403  i
 404  1220  404  404  i
 405  1462  405  405  i
 406  1435  406  406  i
 407  1383  407  407  i
 408  1274  408  408  i
 409  703  409  409  i
 410  379  410  410  i
 411  1387  411  411  i
 412  1912  412  412  i
 413  1615  413  413  i
 414  1659  414  414  i
 415  1701  415  415  i
 416  930  416  416  i
 417  603  417  417  i
 418  1708  418  418  i
 419  2276  419  419  i
 420  2102  420  420  i
 421  2111  421  421  i
 422  2141  422  422  i
 423  1168  423  423  i
 424  616  424  424  i
 425  1887  425  425  i
 426  2484  426  426  i
 427  2353  427  427  i
 428  2271  428  428  i
 429  2062  429  429  i
 430  1255  430  430  i
 431  536  431  431  i
 432  1676  432  432  i
 433  2367  433  433  i
 434  2319  434  434  i
 435  1922  435  435  i
 436  2413  436  436  i
 437  1061  437  437  i
 438  465  438  438  i
 439  1688  439  439  i
 440  2267  440  440  i
 441  1953  441  441  i
 442  1655  442  442  i
 443  1550  443  443  i
 444  854  444  444  i
 445  307  445  445  i
 446  1365  446  446  i
 447  1758  447  447  i
 448  1510  448  448  i
 449  1239  449  449  i
 450  1204  450  450  i
 451  598  451  451  i
 452  249  452  452  i
 453  1096  453  453  i
 454  1387  454  454  i
 455  1102  455  455  i
 456  1004  456  456  i
 457  574  457  457  i
 458  317  458  458  i
 459  299  459  459  i
 460  190  460  460  i
 461  873  461  461  i
 462  1243  462  462  i
 463  873  463  463  i
 464  749  464  464  i
 465  328  465  465  i
 466  143  466  466  i
 467  574  467  467  i
 468  756  468  468  i
 469  532  469  469  i


