
# Curve 0 of 1, 403 points
# Curve title: "daily incidence"
# x y xlow xhigh type
-1  1.36866e+06 -1 -1  i
 60  1  60  60  i
 64  1  64  64  i
 65  1  65  65  i
 67  2  67  67  i
 69  7  69  69  i
 70  8  70  70  i
 71  5  71  71  i
 72  5  72  72  i
 73  4  73  73  i
 74  18  74  74  i
 75  5  75  75  i
 76  8  76  76  i
 77  15  77  77  i
 78  14  78  78  i
 79  6  79  79  i
 80  12  80  80  i
 81  8  81  81  i
 82  10  82  82  i
 83  14  83  83  i
 84  29  84  84  i
 85  28  85  85  i
 86  28  86  86  i
 87  23  87  87  i
 88  18  88  88  i
 89  22  89  89  i
 90  34  90  90  i
 91  36  91  91  i
 92  22  92  92  i
 93  25  93  93  i
 94  29  94  94  i
 95  21  95  95  i
 96  21  96  96  i
 97  22  97  97  i
 98  33  98  98  i
 99  33  99  99  i
 100  22  100  100  i
 101  27  101  101  i
 102  11  102  102  i
 103  6  103  103  i
 104  8  104  104  i
 105  17  105  105  i
 106  21  106  106  i
 107  18  107  107  i
 108  12  108  108  i
 109  16  109  109  i
 110  13  110  110  i
 111  10  111  111  i
 112  9  112  112  i
 113  4  113  113  i
 114  6  114  114  i
 115  4  115  115  i
 116  1  116  116  i
 117  3  117  117  i
 118  7  118  118  i
 119  7  119  119  i
 120  10  120  120  i
 121  5  121  121  i
 123  3  123  123  i
 124  3  124  124  i
 125  6  125  125  i
 126  8  126  126  i
 127  5  127  127  i
 128  7  128  128  i
 130  2  130  130  i
 131  5  131  131  i
 132  4  132  132  i
 133  3  133  133  i
 134  11  134  134  i
 135  3  135  135  i
 136  5  136  136  i
 137  1  137  137  i
 138  7  138  138  i
 139  3  139  139  i
 141  4  141  141  i
 142  4  142  142  i
 143  7  143  143  i
 144  1  144  144  i
 145  6  145  145  i
 146  2  146  146  i
 148  4  148  148  i
 149  2  149  149  i
 150  2  150  150  i
 151  1  151  151  i
 152  1  152  152  i
 153  7  153  153  i
 154  2  154  154  i
 155  4  155  155  i
 156  2  156  156  i
 157  3  157  157  i
 158  3  158  158  i
 159  4  159  159  i
 160  6  160  160  i
 161  4  161  161  i
 162  4  162  162  i
 163  4  163  163  i
 164  1  164  164  i
 165  2  165  165  i
 166  2  166  166  i
 167  2  167  167  i
 168  4  168  168  i
 169  7  169  169  i
 170  11  170  170  i
 171  5  171  171  i
 172  7  172  172  i
 173  4  173  173  i
 174  8  174  174  i
 175  7  175  175  i
 176  2  176  176  i
 177  7  177  177  i
 178  10  178  178  i
 179  3  179  179  i
 180  9  180  180  i
 181  6  181  181  i
 182  4  182  182  i
 183  14  183  183  i
 184  14  184  184  i
 185  4  185  185  i
 186  5  186  186  i
 187  6  187  187  i
 188  10  188  188  i
 189  5  189  189  i
 190  6  190  190  i
 191  10  191  191  i
 192  3  192  192  i
 193  3  193  193  i
 194  2  194  194  i
 195  7  195  195  i
 196  13  196  196  i
 197  8  197  197  i
 198  4  198  198  i
 199  6  199  199  i
 200  1  200  200  i
 201  10  201  201  i
 202  12  202  202  i
 203  17  203  203  i
 204  12  204  204  i
 205  16  205  205  i
 206  7  206  206  i
 207  7  207  207  i
 208  12  208  208  i
 209  10  209  209  i
 210  11  210  210  i
 211  15  211  211  i
 212  11  212  212  i
 213  6  213  213  i
 214  5  214  214  i
 215  16  215  215  i
 216  15  216  216  i
 217  19  217  217  i
 218  11  218  218  i
 219  17  219  219  i
 220  8  220  220  i
 221  11  221  221  i
 222  8  222  222  i
 223  18  223  223  i
 224  19  224  224  i
 225  23  225  225  i
 226  21  226  226  i
 227  9  227  227  i
 228  11  228  228  i
 229  8  229  229  i
 230  18  230  230  i
 231  20  231  231  i
 232  14  232  232  i
 233  26  233  233  i
 234  20  234  234  i
 235  15  235  235  i
 236  10  236  236  i
 237  32  237  237  i
 238  26  238  238  i
 239  23  239  239  i
 240  34  240  240  i
 241  25  241  241  i
 242  17  242  242  i
 243  21  243  243  i
 244  32  244  244  i
 245  41  245  245  i
 246  53  246  246  i
 247  56  247  247  i
 248  42  248  248  i
 249  28  249  249  i
 250  36  250  250  i
 251  60  251  251  i
 252  76  252  252  i
 253  79  253  253  i
 254  84  254  254  i
 255  80  255  255  i
 256  51  256  256  i
 257  53  257  257  i
 258  90  258  258  i
 259  116  259  259  i
 260  193  260  260  i
 261  133  261  261  i
 262  95  262  262  i
 263  53  263  263  i
 264  92  264  264  i
 265  140  265  265  i
 266  134  266  266  i
 267  210  267  267  i
 268  235  268  268  i
 269  127  269  269  i
 270  94  270  270  i
 271  85  271  271  i
 272  164  272  272  i
 273  241  273  273  i
 274  333  274  274  i
 275  317  275  275  i
 276  199  276  276  i
 277  183  277  277  i
 278  325  278  278  i
 279  371  279  279  i
 280  483  280  280  i
 281  477  281  281  i
 282  737  282  282  i
 283  381  283  283  i
 284  293  284  284  i
 285  394  285  285  i
 286  691  286  286  i
 287  801  287  287  i
 288  827  288  288  i
 289  1013  289  289  i
 290  779  290  290  i
 291  477  291  291  i
 292  745  292  292  i
 293  1062  293  293  i
 294  1360  294  294  i
 295  1371  295  295  i
 296  1420  296  296  i
 297  1061  297  297  i
 298  685  298  298  i
 299  998  299  299  i
 300  1487  300  300  i
 301  1261  301  301  i
 302  1222  302  302  i
 303  1364  303  303  i
 304  1216  304  304  i
 305  618  305  305  i
 306  993  306  306  i
 307  1328  307  307  i
 308  1612  308  308  i
 309  1474  309  309  i
 310  1259  310  310  i
 311  827  311  311  i
 312  427  312  312  i
 313  663  313  313  i
 314  964  314  314  i
 315  988  315  315  i
 316  850  316  316  i
 317  811  317  317  i
 318  451  318  318  i
 319  155  319  319  i
 320  560  320  320  i
 321  474  321  321  i
 322  576  322  322  i
 323  673  323  323  i
 324  597  324  324  i
 325  309  325  325  i
 326  160  326  326  i
 327  479  327  327  i
 328  600  328  328  i
 329  481  329  329  i
 330  436  330  330  i
 331  456  331  331  i
 332  263  332  332  i
 333  131  333  333  i
 334  363  334  334  i
 335  511  335  335  i
 336  457  336  336  i
 337  430  337  337  i
 338  471  338  338  i
 339  287  339  339  i
 340  116  340  340  i
 341  404  341  341  i
 342  583  342  342  i
 343  634  343  343  i
 344  553  344  344  i
 345  593  345  345  i
 346  366  346  346  i
 347  169  347  347  i
 348  555  348  348  i
 349  817  349  349  i
 350  840  350  350  i
 351  746  351  351  i
 352  886  352  352  i
 353  536  353  353  i
 354  330  354  354  i
 355  801  355  355  i
 356  1167  356  356  i
 357  1459  357  357  i
 358  404  358  358  i
 359  276  359  359  i
 360  317  360  360  i
 361  380  361  361  i
 362  1166  362  362  i
 363  1803  363  363  i
 364  1823  364  364  i
 365  1451  365  365  i
 366  373  366  366  i
 367  562  367  367  i
 368  689  368  368  i
 369  1460  369  369  i
 370  1907  370  370  i
 371  1897  371  371  i
 372  1634  372  372  i
 373  1473  373  373  i
 374  864  374  374  i
 375  447  375  375  i
 376  1091  376  376  i
 377  1195  377  377  i
 378  1198  378  378  i
 379  825  379  379  i
 380  1028  380  380  i
 381  490  381  381  i
 382  250  382  382  i
 383  792  383  383  i
 384  1034  384  384  i
 385  905  385  385  i
 386  751  386  386  i
 387  896  387  387  i
 388  402  388  388  i
 389  235  389  389  i
 390  709  390  390  i
 391  913  391  391  i
 392  881  392  392  i
 393  740  393  393  i
 394  854  394  394  i
 395  397  395  395  i
 396  228  396  396  i
 397  741  397  397  i
 398  953  398  398  i
 399  947  399  399  i
 400  833  400  400  i
 401  853  401  401  i
 402  424  402  402  i
 403  229  403  403  i
 404  819  404  404  i
 405  983  405  405  i
 406  934  406  406  i
 407  895  407  407  i
 408  846  408  408  i
 409  496  409  409  i
 410  254  410  410  i
 411  868  411  411  i
 412  1166  412  412  i
 413  1058  413  413  i
 414  1105  414  414  i
 415  1105  415  415  i
 416  657  416  416  i
 417  344  417  417  i
 418  1137  418  418  i
 419  1470  419  419  i
 420  1380  420  420  i
 421  1353  421  421  i
 422  1484  422  422  i
 423  704  423  423  i
 424  409  424  424  i
 425  1190  425  425  i
 426  1747  426  426  i
 427  1519  427  427  i
 428  1516  428  428  i
 429  1354  429  429  i
 430  891  430  430  i
 431  394  431  431  i
 432  1185  432  432  i
 433  1603  433  433  i
 434  1513  434  434  i
 435  1180  435  435  i
 436  1658  436  436  i
 437  731  437  437  i
 438  324  438  438  i
 439  1154  439  439  i
 440  1497  440  440  i
 441  1347  441  441  i
 442  1158  442  442  i
 443  1082  443  443  i
 444  585  444  444  i
 445  238  445  445  i
 446  838  446  446  i
 447  1240  447  447  i
 448  943  448  448  i
 449  886  449  449  i
 450  843  450  450  i
 451  404  451  451  i
 452  199  452  452  i
 453  756  453  453  i
 454  979  454  454  i
 455  835  455  455  i
 456  701  456  456  i
 457  397  457  457  i
 458  227  458  458  i
 459  211  459  459  i
 460  156  460  460  i
 461  597  461  461  i
 462  796  462  462  i
 463  576  463  463  i
 464  524  464  464  i
 465  252  465  465  i
 466  97  466  466  i
 467  402  467  467  i
 468  581  468  468  i
 469  392  469  469  i


