
# Curve 0 of 1, 269 points
# Curve title: "reported deaths"
# x y xlow xhigh type
-1  23641 -1 -1  i
 81  1  81  81  i
 84  2  84  84  i
 86  1  86  86  i
 88  1  88  88  i
 89  2  89  89  i
 90  2  90  90  i
 92  1  92  92  i
 93  2  93  93  i
 94  3  94  94  i
 95  3  95  95  i
 98  4  98  98  i
 99  1  99  99  i
 100  1  100  100  i
 102  2  102  102  i
 103  2  103  103  i
 107  1  107  107  i
 108  1  108  108  i
 110  2  110  110  i
 113  1  113  113  i
 118  1  118  118  i
 121  1  121  121  i
 123  2  123  123  i
 124  1  124  124  i
 126  1  126  126  i
 127  1  127  127  i
 129  1  129  129  i
 134  1  134  134  i
 136  1  136  136  i
 139  1  139  139  i
 155  1  155  155  i
 161  1  161  161  i
 162  1  162  162  i
 168  1  168  168  i
 169  2  169  169  i
 172  1  172  172  i
 175  2  175  175  i
 178  1  178  178  i
 183  1  183  183  i
 185  2  185  185  i
 186  1  186  186  i
 187  1  187  187  i
 193  1  193  193  i
 202  1  202  202  i
 204  1  204  204  i
 209  1  209  209  i
 211  1  211  211  i
 212  1  212  212  i
 213  1  213  213  i
 216  2  216  216  i
 227  1  227  227  i
 229  1  229  229  i
 235  2  235  235  i
 238  1  238  238  i
 246  1  246  246  i
 247  2  247  247  i
 248  1  248  248  i
 251  2  251  251  i
 252  1  252  252  i
 254  1  254  254  i
 255  1  255  255  i
 256  2  256  256  i
 257  2  257  257  i
 258  1  258  258  i
 260  2  260  260  i
 261  1  261  261  i
 262  2  262  262  i
 264  1  264  264  i
 266  1  266  266  i
 267  2  267  267  i
 268  1  268  268  i
 269  1  269  269  i
 270  2  270  270  i
 271  2  271  271  i
 272  1  272  272  i
 274  1  274  274  i
 275  2  275  275  i
 276  1  276  276  i
 277  5  277  277  i
 278  6  278  278  i
 279  4  279  279  i
 280  6  280  280  i
 281  4  281  281  i
 282  10  282  282  i
 283  8  283  283  i
 284  4  284  284  i
 285  10  285  285  i
 286  11  286  286  i
 287  9  287  287  i
 288  6  288  288  i
 289  9  289  289  i
 290  8  290  290  i
 291  11  291  291  i
 292  11  292  292  i
 293  15  293  293  i
 294  23  294  294  i
 295  16  295  295  i
 296  10  296  296  i
 297  17  297  297  i
 298  9  298  298  i
 299  27  299  299  i
 300  21  300  300  i
 301  19  301  301  i
 302  18  302  302  i
 303  17  303  303  i
 304  29  304  304  i
 305  24  305  305  i
 306  16  306  306  i
 307  27  307  307  i
 308  32  308  308  i
 309  19  309  309  i
 310  26  310  310  i
 311  31  311  311  i
 312  17  312  312  i
 313  24  313  313  i
 314  27  314  314  i
 315  19  315  315  i
 316  16  316  316  i
 317  23  317  317  i
 318  20  318  318  i
 319  19  319  319  i
 320  24  320  320  i
 321  18  321  321  i
 322  17  322  322  i
 323  9  323  323  i
 324  20  324  324  i
 325  24  325  325  i
 326  21  326  326  i
 327  19  327  327  i
 328  16  328  328  i
 329  18  329  329  i
 330  17  330  330  i
 331  17  331  331  i
 332  21  332  332  i
 333  20  333  333  i
 334  14  334  334  i
 335  10  335  335  i
 336  15  336  336  i
 337  14  337  337  i
 338  16  338  338  i
 339  22  339  339  i
 340  10  340  340  i
 341  13  341  341  i
 342  11  342  342  i
 343  11  343  343  i
 344  12  344  344  i
 345  12  345  345  i
 346  11  346  346  i
 347  15  347  347  i
 348  20  348  348  i
 349  18  349  349  i
 350  16  350  350  i
 351  9  351  351  i
 352  10  352  352  i
 353  4  353  353  i
 354  13  354  354  i
 355  15  355  355  i
 356  9  356  356  i
 357  18  357  357  i
 358  9  358  358  i
 359  20  359  359  i
 360  8  360  360  i
 361  14  361  361  i
 362  12  362  362  i
 363  12  363  363  i
 364  10  364  364  i
 365  12  365  365  i
 366  19  366  366  i
 367  16  367  367  i
 368  12  368  368  i
 369  18  369  369  i
 370  15  370  370  i
 371  23  371  371  i
 372  21  372  372  i
 373  20  373  373  i
 374  20  374  374  i
 375  19  375  375  i
 376  17  376  376  i
 377  16  377  377  i
 378  22  378  378  i
 379  19  379  379  i
 380  19  380  380  i
 381  18  381  381  i
 382  13  382  382  i
 383  15  383  383  i
 384  16  384  384  i
 385  18  385  385  i
 386  17  386  386  i
 387  15  387  387  i
 388  20  388  388  i
 389  22  389  389  i
 390  15  390  390  i
 391  11  391  391  i
 392  16  392  392  i
 393  17  393  393  i
 394  15  394  394  i
 395  19  395  395  i
 396  16  396  396  i
 397  17  397  397  i
 398  16  398  398  i
 399  17  399  399  i
 400  17  400  400  i
 401  11  401  401  i
 402  17  402  402  i
 403  14  403  403  i
 404  15  404  404  i
 405  13  405  405  i
 406  21  406  406  i
 407  19  407  407  i
 408  17  408  408  i
 409  10  409  409  i
 410  9  410  410  i
 411  13  411  411  i
 412  19  412  412  i
 413  10  413  413  i
 414  12  414  414  i
 415  17  415  415  i
 416  17  416  416  i
 417  8  417  417  i
 418  14  418  418  i
 419  10  419  419  i
 420  9  420  420  i
 421  13  421  421  i
 422  16  422  422  i
 423  17  423  423  i
 424  16  424  424  i
 425  13  425  425  i
 426  16  426  426  i
 427  12  427  427  i
 428  13  428  428  i
 429  18  429  429  i
 430  13  430  430  i
 431  17  431  431  i
 432  19  432  432  i
 433  19  433  433  i
 434  16  434  434  i
 435  14  435  435  i
 436  18  436  436  i
 437  19  437  437  i
 438  20  438  438  i
 439  14  439  439  i
 440  2  440  440  i
 441  9  441  441  i
 442  21  442  442  i
 443  10  443  443  i
 444  12  444  444  i
 445  12  445  445  i
 446  15  446  446  i
 447  12  447  447  i
 448  10  448  448  i
 449  12  449  449  i
 450  9  450  450  i
 451  22  451  451  i
 452  5  452  452  i
 453  17  453  453  i
 454  16  454  454  i
 455  11  455  455  i
 456  7  456  456  i
 457  9  457  457  i
 458  5  458  458  i
 459  8  459  459  i
 460  7  460  460  i
 461  10  461  461  i
 462  6  462  462  i
 463  10  463  463  i
 464  10  464  464  i
 465  5  465  465  i
 466  10  466  466  i


