
# Curve 0 of 1, 23 points
# Curve title: "reported deaths"
# x y xlow xhigh type
-1  28593 -1 -1  i
 277  1  277  277  i
 302  1  302  302  i
 306  1  306  306  i
 308  1  308  308  i
 318  1  318  318  i
 319  2  319  319  i
 350  1  350  350  i
 358  1  358  358  i
 379  1  379  379  i
 387  1  387  387  i
 396  2  396  396  i
 414  1  414  414  i
 417  1  417  417  i
 418  1  418  418  i
 430  1  430  430  i
 431  1  431  431  i
 435  1  435  435  i
 439  1  439  439  i
 444  1  444  444  i
 449  1  449  449  i
 471  1  471  471  i


