
# Curve 0 of 1, 402 points
# Curve title: "CFR predicted deaths"
# x y xlow xhigh type
-1  25809 -1 -1  i
 72  0.00052626  72  72  i
 73  0.00155811  73  73  i
 76  0.00209633  76  76  i
 77  0.000543025  77  77  i
 78  0.00118749  78  78  i
 79  0.00188187  79  79  i
 80  0.0026936  80  80  i
 81  0.00510075  81  81  i
 82  0.00437473  82  82  i
 83  0.00546107  83  83  i
 84  0.00484017  84  84  i
 85  0.0122548  85  85  i
 86  0.0108187  86  86  i
 87  0.00968232  87  87  i
 88  0.00563605  88  88  i
 89  0.00711737  89  89  i
 90  0.00908603  90  90  i
 91  0.0179227  91  91  i
 92  0.0183017  92  92  i
 93  0.0189927  93  93  i
 94  0.0149435  94  94  i
 95  0.00902096  95  95  i
 96  0.00580333  96  96  i
 97  0.0156907  97  97  i
 98  0.0123023  98  98  i
 99  0.0117727  99  99  i
 100  0.0236311  100  100  i
 101  0.0117804  101  101  i
 102  0.00549617  102  102  i
 103  0.01324  103  103  i
 104  0.00637405  104  104  i
 105  0.0135288  105  105  i
 106  0.00951798  106  106  i
 107  0.00943679  107  107  i
 108  0.00612729  108  108  i
 109  0.00382217  109  109  i
 110  0.00231597  110  110  i
 111  0.00433088  111  111  i
 112  0.00523809  112  112  i
 113  0.00355796  113  113  i
 114  0.00445867  114  114  i
 115  0.00513187  115  115  i
 116  0.00340726  116  116  i
 117  0.00633169  117  117  i
 118  0.006014  118  118  i
 119  0.00313518  119  119  i
 120  0.000980313  120  120  i
 121  0.00197772  121  121  i
 122  0.00193311  122  122  i
 123  0.00129505  123  123  i
 124  0.000814132  124  124  i
 125  0.00219269  125  125  i
 126  0.00562883  126  126  i
 127  0.00385477  127  127  i
 128  0.00129933  128  128  i
 129  0.000819897  129  129  i
 130  0.00366752  130  130  i
 131  0.00173898  131  131  i
 132  0.00448886  132  132  i
 133  0.00477182  133  133  i
 134  0.00246885  134  134  i
 135  0.00304723  135  135  i
 136  0.00139199  136  136  i
 137  0.00259247  137  137  i
 138  0.00139977  138  138  i
 139  0.00369712  139  139  i
 140  0.00403959  140  140  i
 141  0.00322328  141  141  i
 142  0.00368871  142  142  i
 143  0.00517274  143  143  i
 144  0.00111885  144  144  i
 145  0.00502223  145  145  i
 146  0.0040273  146  146  i
 147  0.00473739  147  147  i
 148  0.00249199  148  148  i
 149  0.00456463  149  149  i
 150  0.00321106  150  150  i
 151  0.00372684  151  151  i
 152  0.00113334  152  152  i
 153  0.00234363  153  153  i
 154  0.00301973  154  154  i
 155  0.00190931  155  155  i
 156  0.00434547  156  156  i
 157  0.000652751  157  157  i
 158  0.00218304  158  158  i
 159  0.00196402  159  159  i
 160  0.002153  160  160  i
 161  0.00426722  161  161  i
 162  0.00151748  162  162  i
 163  0.00244982  163  163  i
 164  0.00198749  164  164  i
 165  0.00297856  165  165  i
 166  0.00312743  166  166  i
 167  0.00318851  167  167  i
 168  0.00500259  168  168  i
 169  0.00242352  169  169  i
 170  0.00523208  170  170  i
 171  0.004047  171  171  i
 172  0.00164524  172  172  i
 173  0.00187714  173  173  i
 174  0.00282091  174  174  i
 175  0.0033248  175  175  i
 176  0.00502576  176  176  i
 177  0.00520251  177  177  i
 178  0.00113561  178  178  i
 179  0.00385864  179  179  i
 180  0.00414164  180  180  i
 181  0.00757302  181  181  i
 182  0.00749629  182  182  i
 183  0.00564873  183  183  i
 184  0.012069  184  184  i
 185  0.0120427  185  185  i
 186  0.0233378  186  186  i
 187  0.0120856  187  187  i
 188  0.00601134  188  188  i
 189  0.00717853  189  189  i
 190  0.00509511  190  190  i
 191  0.00738586  191  191  i
 192  0.00346994  192  192  i
 193  0.00455469  193  193  i
 194  0.00225387  194  194  i
 195  0.00611187  195  195  i
 196  0.00859095  196  196  i
 197  0.0073602  197  197  i
 198  0.00780103  198  198  i
 199  0.00307796  199  199  i
 200  0.001633  200  200  i
 201  0.00452424  201  201  i
 202  0.00526685  202  202  i
 203  0.00744039  203  203  i
 204  0.00798628  204  204  i
 205  0.00865639  205  205  i
 206  0.00387191  206  206  i
 207  0.00305306  207  207  i
 208  0.00583462  208  208  i
 209  0.00993284  209  209  i
 210  0.00989984  210  210  i
 211  0.0116011  211  211  i
 212  0.0108913  212  212  i
 213  0.00647395  213  213  i
 214  0.00471257  214  214  i
 215  0.00809853  215  215  i
 216  0.0153337  216  216  i
 217  0.0137425  217  217  i
 218  0.0135459  218  218  i
 219  0.0106907  219  219  i
 220  0.006436  220  220  i
 221  0.0083002  221  221  i
 222  0.0122334  222  222  i
 223  0.0162021  223  223  i
 224  0.0115772  224  224  i
 225  0.0141669  225  225  i
 226  0.0175725  226  226  i
 227  0.0131809  227  227  i
 228  0.00397936  228  228  i
 229  0.00822433  229  229  i
 230  0.0164724  230  230  i
 231  0.0123326  231  231  i
 232  0.0225629  232  232  i
 233  0.018591  233  233  i
 234  0.0113663  234  234  i
 235  0.00963353  235  235  i
 236  0.0136872  236  236  i
 237  0.0186118  237  237  i
 238  0.0151366  238  238  i
 239  0.013669  239  239  i
 240  0.0276484  240  240  i
 241  0.0137254  241  241  i
 242  0.00737908  242  242  i
 243  0.0163364  243  243  i
 244  0.0225689  244  244  i
 245  0.0259638  245  245  i
 246  0.0301985  246  246  i
 247  0.0335424  247  247  i
 248  0.0242238  248  248  i
 249  0.0181935  249  249  i
 250  0.0116954  250  250  i
 251  0.0304277  251  251  i
 252  0.0391958  252  252  i
 253  0.0475343  253  253  i
 254  0.0506813  254  254  i
 255  0.0276216  255  255  i
 256  0.0321368  256  256  i
 257  0.0363478  257  257  i
 258  0.0623916  258  258  i
 259  0.0632705  259  259  i
 260  0.0734438  260  260  i
 261  0.0820651  261  261  i
 262  0.0850014  262  262  i
 263  0.0395757  263  263  i
 264  0.0570062  264  264  i
 265  0.0877307  265  265  i
 266  0.111053  266  266  i
 267  0.154983  267  267  i
 268  0.0914027  268  268  i
 269  0.0819052  269  269  i
 270  0.043096  270  270  i
 271  0.0664823  271  271  i
 272  0.124236  272  272  i
 273  0.109054  273  273  i
 274  0.133199  274  274  i
 275  0.154793  275  275  i
 276  0.111277  276  276  i
 277  0.0616477  277  277  i
 278  0.0546565  278  278  i
 279  0.102294  279  279  i
 280  0.156687  280  280  i
 281  0.1897  281  281  i
 282  0.221336  282  282  i
 283  0.134623  283  283  i
 284  0.109026  284  284  i
 285  0.152958  285  285  i
 286  0.260225  286  286  i
 287  0.308348  287  287  i
 288  0.291151  288  288  i
 289  0.494796  289  289  i
 290  0.265972  290  290  i
 291  0.169859  291  291  i
 292  0.226802  292  292  i
 293  0.503127  293  293  i
 294  0.538431  294  294  i
 295  0.587747  295  295  i
 296  0.682516  296  296  i
 297  0.511375  297  297  i
 298  0.305145  298  298  i
 299  0.46147  299  299  i
 300  0.701295  300  300  i
 301  0.857378  301  301  i
 302  0.830006  302  302  i
 303  0.888694  303  303  i
 304  0.754284  304  304  i
 305  0.393545  305  305  i
 306  0.554175  306  306  i
 307  0.871776  307  307  i
 308  0.728724  308  308  i
 309  0.686737  309  309  i
 310  0.697202  310  310  i
 311  0.587677  311  311  i
 312  0.354996  312  312  i
 313  0.460121  313  313  i
 314  0.635152  314  314  i
 315  0.797127  315  315  i
 316  0.64571  316  316  i
 317  0.572659  317  317  i
 318  0.3657  318  318  i
 319  0.179365  319  319  i
 320  0.277832  320  320  i
 321  0.443284  321  321  i
 322  0.41017  322  322  i
 323  0.359225  323  323  i
 324  0.346706  324  324  i
 325  0.193695  325  325  i
 326  0.0945933  326  326  i
 327  0.260472  327  327  i
 328  0.209089  328  328  i
 329  0.259326  329  329  i
 330  0.332946  330  330  i
 331  0.283027  331  331  i
 332  0.147306  332  332  i
 333  0.0836444  333  333  i
 334  0.205157  334  334  i
 335  0.305104  335  335  i
 336  0.258862  336  336  i
 337  0.193215  337  337  i
 338  0.227518  338  338  i
 339  0.136155  339  339  i
 340  0.0518015  340  340  i
 341  0.188448  341  341  i
 342  0.265244  342  342  i
 343  0.255614  343  343  i
 344  0.252153  344  344  i
 345  0.242516  345  345  i
 346  0.163912  346  346  i
 347  0.0558318  347  347  i
 348  0.228443  348  348  i
 349  0.319491  349  349  i
 350  0.360169  350  350  i
 351  0.313262  351  351  i
 352  0.347394  352  352  i
 353  0.203533  353  353  i
 354  0.105064  354  354  i
 355  0.272558  355  355  i
 356  0.429739  356  356  i
 357  0.443676  357  357  i
 358  0.433022  358  358  i
 359  0.540424  359  359  i
 360  0.321092  360  360  i
 361  0.204566  361  361  i
 362  0.440619  362  362  i
 363  0.650516  363  363  i
 364  0.814695  364  364  i
 365  0.257402  365  365  i
 366  0.143273  366  366  i
 367  0.163939  367  367  i
 368  0.208235  368  368  i
 369  0.607904  369  369  i
 370  0.962791  370  370  i
 371  0.946933  371  371  i
 372  0.779249  372  372  i
 373  0.191426  373  373  i
 374  0.281184  374  374  i
 375  0.366444  375  375  i
 376  0.724593  376  376  i
 377  1.00559  377  377  i
 378  1.02919  378  378  i
 379  0.823017  379  379  i
 380  0.715692  380  380  i
 381  0.453415  381  381  i
 382  0.234324  382  382  i
 383  0.478014  383  383  i
 384  0.557792  384  384  i
 385  0.546014  385  385  i
 386  0.423057  386  386  i
 387  0.481715  387  387  i
 388  0.281453  388  388  i
 389  0.151643  389  389  i
 390  0.388584  390  390  i
 391  0.521912  391  391  i
 392  0.428768  392  392  i
 393  0.399324  393  393  i
 394  0.456543  394  394  i
 395  0.242275  395  395  i
 396  0.127308  396  396  i
 397  0.366669  397  397  i
 398  0.529733  398  398  i
 399  0.464835  399  399  i
 400  0.440534  400  400  i
 401  0.425991  401  401  i
 402  0.208249  402  402  i
 403  0.139565  403  403  i
 404  0.411268  404  404  i
 405  0.547449  405  405  i
 406  0.565889  406  406  i
 407  0.468215  407  407  i
 408  0.484009  408  408  i
 409  0.27298  409  409  i
 410  0.14282  410  410  i
 411  0.459861  411  411  i
 412  0.599102  412  412  i
 413  0.533923  413  413  i
 414  0.51475  414  414  i
 415  0.515736  415  415  i
 416  0.300622  416  416  i
 417  0.161515  417  417  i
 418  0.512202  418  418  i
 419  0.735843  419  419  i
 420  0.644672  420  420  i
 421  0.681745  421  421  i
 422  0.644232  422  422  i
 423  0.382729  423  423  i
 424  0.245948  424  424  i
 425  0.693545  425  425  i
 426  0.943599  426  426  i
 427  0.814735  427  427  i
 428  0.868658  428  428  i
 429  0.831239  429  429  i
 430  0.456053  430  430  i
 431  0.269035  431  431  i
 432  0.701344  432  432  i
 433  0.992231  433  433  i
 434  0.920526  434  434  i
 435  0.823903  435  435  i
 436  0.736036  436  436  i
 437  0.52153  437  437  i
 438  0.225536  438  438  i
 439  0.597092  439  439  i
 440  0.869085  440  440  i
 441  0.804353  441  441  i
 442  0.647108  442  442  i
 443  0.854036  443  443  i
 444  0.392401  444  444  i
 445  0.171817  445  445  i
 446  0.564214  446  446  i
 447  0.741239  447  447  i
 448  0.649973  448  448  i
 449  0.572062  449  449  i
 450  0.536863  450  450  i
 451  0.287147  451  451  i
 452  0.130812  452  452  i
 453  0.421263  453  453  i
 454  0.589237  454  454  i
 455  0.504836  455  455  i
 456  0.429089  456  456  i
 457  0.401541  457  457  i
 458  0.205868  458  458  i
 459  0.0884369  459  459  i
 460  0.361438  460  460  i
 461  0.451482  461  461  i
 462  0.419721  462  462  i
 463  0.34009  463  463  i
 464  0.209029  464  464  i
 465  0.104824  465  465  i
 466  0.085554  466  466  i
 467  0.0628639  467  467  i
 468  0.295326  468  468  i
 469  0.375691  469  469  i
 470  0.272106  470  470  i
 471  0.248836  471  471  i
 472  0.122267  472  472  i
 473  0.0462471  473  473  i


