
# Curve 0 of 1, 437 points
# Curve title: "CFR predicted deaths B.1.1.7"
# x y xlow xhigh type
-1  29258.8 -1 -1  i
 67  0.000673439  67  67  i
 71  0.00138899  71  71  i
 72  0.00313983  72  72  i
 73  0.000596895  73  73  i
 74  0.00172696  74  74  i
 75  0.00172696  75  75  i
 76  0.0042583  76  76  i
 77  0.00831727  77  77  i
 78  0.00214878  78  78  i
 79  0.00278882  79  79  i
 80  0.00675307  80  80  i
 81  0.0141585  81  81  i
 82  0.0172265  82  82  i
 83  0.0138038  83  83  i
 84  0.023613  84  84  i
 85  0.0500915  85  85  i
 86  0.0195238  86  86  i
 87  0.0297469  87  87  i
 88  0.0225172  88  88  i
 89  0.0201019  89  89  i
 90  0.0420013  90  90  i
 91  0.0577551  91  91  i
 92  0.0365134  92  92  i
 93  0.0714374  93  93  i
 94  0.0540438  94  94  i
 95  0.0233961  95  95  i
 96  0.0304952  96  96  i
 97  0.0571399  97  97  i
 98  0.0487214  98  98  i
 99  0.0533793  99  99  i
 100  0.0680969  100  100  i
 101  0.0517623  101  101  i
 102  0.0151104  102  102  i
 103  0.0416119  103  103  i
 104  0.0358461  104  104  i
 105  0.0631377  105  105  i
 106  0.0378078  106  106  i
 107  0.0317533  107  107  i
 108  0.022246  108  108  i
 109  0.0133398  109  109  i
 110  0.00901814  110  110  i
 111  0.0122217  111  111  i
 112  0.0202878  112  112  i
 113  0.0148865  113  113  i
 114  0.0136068  114  114  i
 115  0.0197192  115  115  i
 116  0.0135354  116  116  i
 117  0.0153572  117  117  i
 118  0.0207951  118  118  i
 119  0.0137064  119  119  i
 120  0.00988219  120  120  i
 121  0.0166362  121  121  i
 122  0.01558  122  122  i
 123  0.00522378  123  123  i
 124  0.00491878  124  124  i
 125  0.00775189  125  125  i
 126  0.00677669  126  126  i
 127  0.0123238  127  127  i
 128  0.00880651  128  128  i
 129  0.00369334  129  129  i
 130  0.00461432  130  130  i
 131  0.00295304  131  131  i
 132  0.014794  132  132  i
 133  0.0103817  133  133  i
 134  0.0124145  134  134  i
 135  0.00532561  135  135  i
 136  0.000857231  136  136  i
 137  0.00214878  137  137  i
 138  0.00911858  138  138  i
 139  0.00698602  139  139  i
 140  0.00700209  140  140  i
 141  0.018965  141  141  i
 142  0.00700811  142  142  i
 143  0.0101313  143  143  i
 144  0.00397855  144  144  i
 145  0.0318906  145  145  i
 146  0.017603  146  146  i
 147  0.0166826  147  147  i
 148  0.00674745  148  148  i
 149  0.00816  149  149  i
 150  0.0140273  150  150  i
 151  0.0222433  151  151  i
 152  0.0069301  152  152  i
 153  0.0125759  153  153  i
 154  0.0030821  154  154  i
 155  0.0105629  155  155  i
 156  0.00902593  156  156  i
 157  0.00493463  157  157  i
 158  0.00640236  158  158  i
 159  0.00467844  159  159  i
 160  0.0103038  160  160  i
 161  0.00855544  161  161  i
 162  0.0113468  162  162  i
 163  0.00704869  163  163  i
 164  0.00515715  164  164  i
 165  0.0146007  165  165  i
 166  0.0163748  166  166  i
 167  0.00610124  167  167  i
 168  0.0170669  168  168  i
 169  0.0137294  169  169  i
 170  0.00643797  170  170  i
 171  0.00672561  171  171  i
 172  0.00676817  172  172  i
 173  0.00717287  173  173  i
 174  0.00806635  174  174  i
 175  0.0131127  175  175  i
 176  0.0265988  176  176  i
 177  0.0172317  177  177  i
 178  0.0117761  178  178  i
 179  0.00704985  179  179  i
 180  0.00912722  180  180  i
 181  0.0193533  181  181  i
 182  0.0203302  182  182  i
 183  0.0247006  183  183  i
 184  0.0312211  184  184  i
 185  0.045482  185  185  i
 186  0.0681696  186  186  i
 187  0.0603777  187  187  i
 188  0.0348148  188  188  i
 189  0.0136959  189  189  i
 190  0.0293362  190  190  i
 191  0.0229931  191  191  i
 192  0.0270832  192  192  i
 193  0.010669  193  193  i
 194  0.00999744  194  194  i
 195  0.0294662  195  195  i
 196  0.0166575  196  196  i
 197  0.0237903  197  197  i
 198  0.0139377  198  198  i
 199  0.00963539  199  199  i
 200  0.00888107  200  200  i
 201  0.0101038  201  201  i
 202  0.0188297  202  202  i
 203  0.0293259  203  203  i
 204  0.0256225  204  204  i
 205  0.0236733  205  205  i
 206  0.0176847  206  206  i
 207  0.0114397  207  207  i
 208  0.0387997  208  208  i
 209  0.0417816  209  209  i
 210  0.0249798  210  210  i
 211  0.0335681  211  211  i
 212  0.0339725  212  212  i
 213  0.0134368  213  213  i
 214  0.014351  214  214  i
 215  0.0350593  215  215  i
 216  0.0452242  216  216  i
 217  0.046456  217  217  i
 218  0.0330884  218  218  i
 219  0.0303128  219  219  i
 220  0.0237294  220  220  i
 221  0.0120482  221  221  i
 222  0.0365269  222  222  i
 223  0.0416735  223  223  i
 224  0.0279316  224  224  i
 225  0.0319867  225  225  i
 226  0.0337494  226  226  i
 227  0.0156868  227  227  i
 228  0.0222718  228  228  i
 229  0.0131411  229  229  i
 230  0.0343234  230  230  i
 231  0.0537439  231  231  i
 232  0.0508423  232  232  i
 233  0.0379411  233  233  i
 234  0.0306097  234  234  i
 235  0.0125289  235  235  i
 236  0.0266716  236  236  i
 237  0.0414837  237  237  i
 238  0.0538544  238  238  i
 239  0.023959  239  239  i
 240  0.0686562  240  240  i
 241  0.0295513  241  241  i
 242  0.0140628  242  242  i
 243  0.0282639  243  243  i
 244  0.0537262  244  244  i
 245  0.0588154  245  245  i
 246  0.0499902  246  246  i
 247  0.0592344  247  247  i
 248  0.0465615  248  248  i
 249  0.0338044  249  249  i
 250  0.0328179  250  250  i
 251  0.0840647  251  251  i
 252  0.0943319  252  252  i
 253  0.0918412  253  253  i
 254  0.120889  254  254  i
 255  0.0969881  255  255  i
 256  0.0509864  256  256  i
 257  0.0904698  257  257  i
 258  0.177433  258  258  i
 259  0.181477  259  259  i
 260  0.214566  260  260  i
 261  0.210179  261  261  i
 262  0.202658  262  262  i
 263  0.109053  263  263  i
 264  0.1576  264  264  i
 265  0.267111  265  265  i
 266  0.34439  266  266  i
 267  0.425989  267  267  i
 268  0.297665  268  268  i
 269  0.304595  269  269  i
 270  0.135186  270  270  i
 271  0.239418  271  271  i
 272  0.329225  272  272  i
 273  0.351456  273  273  i
 274  0.437728  274  274  i
 275  0.531701  275  275  i
 276  0.34284  276  276  i
 277  0.199241  277  277  i
 278  0.228365  278  278  i
 279  0.373158  279  279  i
 280  0.526273  280  280  i
 281  0.682602  281  281  i
 282  0.706605  282  282  i
 283  0.458004  283  283  i
 284  0.322589  284  284  i
 285  0.549022  285  285  i
 286  0.8516  286  286  i
 287  0.965271  287  287  i
 288  1.05056  288  288  i
 289  1.58534  289  289  i
 290  0.860017  290  290  i
 291  0.545728  291  291  i
 292  0.77104  292  292  i
 293  1.63497  293  293  i
 294  1.91323  294  294  i
 295  1.86335  295  295  i
 296  2.09375  296  296  i
 297  1.63785  297  297  i
 298  0.945107  298  298  i
 299  1.5768  299  299  i
 300  2.46273  300  300  i
 301  3.07417  301  301  i
 302  2.7191  302  302  i
 303  2.83886  303  303  i
 304  2.47056  304  304  i
 305  1.42146  305  305  i
 306  1.96621  306  306  i
 307  3.05375  307  307  i
 308  2.41008  308  308  i
 309  2.46302  309  309  i
 310  2.58643  310  310  i
 311  2.14832  311  311  i
 312  1.21522  312  312  i
 313  1.75129  313  313  i
 314  2.26221  314  314  i
 315  2.94654  315  315  i
 316  2.32073  316  316  i
 317  1.92349  317  317  i
 318  1.3611  318  318  i
 319  0.551887  319  319  i
 320  1.06994  320  320  i
 321  1.55829  321  321  i
 322  1.5194  322  322  i
 323  1.30913  323  323  i
 324  1.19049  324  324  i
 325  0.64838  325  325  i
 326  0.330722  326  326  i
 327  0.852939  327  327  i
 328  0.73616  328  328  i
 329  0.949247  329  329  i
 330  1.08882  330  330  i
 331  0.903589  331  331  i
 332  0.505585  332  332  i
 333  0.21944  333  333  i
 334  0.70786  334  334  i
 335  1.00077  335  335  i
 336  0.787781  336  336  i
 337  0.597188  337  337  i
 338  0.746155  338  338  i
 339  0.412873  339  339  i
 340  0.163775  340  340  i
 341  0.530581  341  341  i
 342  0.945517  342  342  i
 343  0.766432  343  343  i
 344  0.801744  344  344  i
 345  0.744451  345  345  i
 346  0.531498  346  346  i
 347  0.16286  347  347  i
 348  0.698595  348  348  i
 349  1.00901  349  349  i
 350  1.06605  350  350  i
 351  0.972699  351  351  i
 352  1.01289  352  352  i
 353  0.550977  353  353  i
 354  0.326165  354  354  i
 355  0.859584  355  355  i
 356  1.34404  356  356  i
 357  1.45483  357  357  i
 358  1.36558  358  358  i
 359  1.43876  359  359  i
 360  0.903489  360  360  i
 361  0.597786  361  361  i
 362  1.36837  362  362  i
 363  2.02397  363  363  i
 364  2.55221  364  364  i
 365  0.800337  365  365  i
 366  0.480844  366  366  i
 367  0.537273  367  367  i
 368  0.683694  368  368  i
 369  2.03259  369  369  i
 370  3.11187  370  370  i
 371  3.04758  371  371  i
 372  2.29445  372  372  i
 373  0.538819  373  373  i
 374  0.816571  374  374  i
 375  1.071  375  375  i
 376  2.33503  376  376  i
 377  2.98251  377  377  i
 378  3.06998  378  378  i
 379  2.38453  379  379  i
 380  2.205  380  380  i
 381  1.3722  381  381  i
 382  0.710832  382  382  i
 383  1.56381  383  383  i
 384  1.84173  384  384  i
 385  1.8736  385  385  i
 386  1.41868  386  386  i
 387  1.55596  387  387  i
 388  0.842665  388  388  i
 389  0.399522  389  389  i
 390  1.32547  390  390  i
 391  1.72627  391  391  i
 392  1.36509  392  392  i
 393  1.24869  393  393  i
 394  1.42895  394  394  i
 395  0.730004  395  395  i
 396  0.387668  396  396  i
 397  1.20981  397  397  i
 398  1.6337  398  398  i
 399  1.45444  399  399  i
 400  1.42442  400  400  i
 401  1.3488  401  401  i
 402  0.676479  402  402  i
 403  0.440854  403  403  i
 404  1.20781  404  404  i
 405  1.62706  405  405  i
 406  1.7161  406  406  i
 407  1.35142  407  407  i
 408  1.45699  408  408  i
 409  0.820227  409  409  i
 410  0.396657  410  410  i
 411  1.41641  411  411  i
 412  1.93053  412  412  i
 413  2.84821  413  413  i
 414  2.52838  414  414  i
 415  2.50767  415  415  i
 416  1.51843  416  416  i
 417  0.886837  417  417  i
 418  2.70328  418  418  i
 419  3.82412  419  419  i
 420  3.35973  420  420  i
 421  3.55277  421  421  i
 422  3.26703  422  422  i
 423  1.90952  423  423  i
 424  1.11121  424  424  i
 425  3.37188  425  425  i
 426  5.00076  426  426  i
 427  4.15954  427  427  i
 428  4.22779  428  428  i
 429  4.30601  429  429  i
 430  2.27125  430  430  i
 431  1.26909  431  431  i
 432  3.64281  432  432  i
 433  4.9811  433  433  i
 434  4.5093  434  434  i
 435  4.5992  435  435  i
 436  3.78521  436  436  i
 437  2.78999  437  437  i
 438  1.13182  438  438  i
 439  3.21778  439  439  i
 440  4.78244  440  440  i
 441  4.38186  441  441  i
 442  3.24537  442  442  i
 443  4.48564  443  443  i
 444  2.02815  444  444  i
 445  0.98599  445  445  i
 446  3.09992  446  446  i
 447  4.23739  447  447  i
 448  3.4829  448  448  i
 449  3.2921  449  449  i
 450  2.79299  450  450  i
 451  1.5235  451  451  i
 452  0.608385  452  452  i
 453  2.33544  453  453  i
 454  3.18785  454  454  i
 455  2.52293  455  455  i
 456  2.22454  456  456  i
 457  2.11432  457  457  i
 458  1.03633  458  458  i
 459  0.406723  459  459  i
 460  1.97937  460  460  i
 461  2.54623  461  461  i
 462  1.94399  462  462  i
 463  1.74075  463  463  i
 464  1.05382  464  464  i
 465  0.530419  465  465  i
 466  0.491143  466  466  i
 467  0.386468  467  467  i
 468  1.58255  468  468  i
 469  2.06969  469  469  i
 470  1.60383  470  470  i
 471  1.34765  471  471  i
 472  0.570674  472  472  i
 473  0.267734  473  473  i
 474  1.03098  474  474  i
 475  1.39415  475  475  i
 476  1.06959  476  476  i
 477  0.896291  477  477  i
 478  0.81709  478  478  i
 479  0.405323  479  479  i
 480  0.228398  480  480  i
 481  0.924871  481  481  i
 482  1.12789  482  482  i
 483  0.847989  483  483  i
 484  0.710091  484  484  i
 485  0.693024  485  485  i
 486  0.375649  486  486  i
 487  0.221369  487  487  i
 488  0.723901  488  488  i
 489  0.946683  489  489  i
 490  0.704496  490  490  i
 491  0.633801  491  491  i
 492  0.589772  492  492  i
 493  0.294062  493  493  i
 494  0.130996  494  494  i
 495  0.623494  495  495  i
 496  0.63242  496  496  i
 497  0.541457  497  497  i
 498  0.436779  498  498  i
 499  0.420415  499  499  i
 500  0.204639  500  500  i
 501  0.123915  501  501  i
 502  0.464807  502  502  i
 503  0.490589  503  503  i
 504  0.349455  504  504  i


