
# Curve 0 of 1, 402 points
# Curve title: "CFR predicted deaths"
# x y xlow xhigh type
-1  27945.6 -1 -1  i
 67  0.00114485  67  67  i
 71  0.00236128  71  71  i
 72  0.00533771  72  72  i
 73  0.00101472  73  73  i
 74  0.00293583  74  74  i
 75  0.00293583  75  75  i
 76  0.00723911  76  76  i
 77  0.0141394  77  77  i
 78  0.00365293  78  78  i
 79  0.00474099  79  79  i
 80  0.0114802  80  80  i
 81  0.0240694  81  81  i
 82  0.0292851  82  82  i
 83  0.0234665  83  83  i
 84  0.0401421  84  84  i
 85  0.0851556  85  85  i
 86  0.0331905  86  86  i
 87  0.0505697  87  87  i
 88  0.0382793  88  88  i
 89  0.0341732  89  89  i
 90  0.0714022  90  90  i
 91  0.0981836  91  91  i
 92  0.0620728  92  92  i
 93  0.121444  93  93  i
 94  0.0918744  94  94  i
 95  0.0397733  95  95  i
 96  0.0518419  96  96  i
 97  0.0971379  97  97  i
 98  0.0828263  98  98  i
 99  0.0907448  99  99  i
 100  0.115765  100  100  i
 101  0.087996  101  101  i
 102  0.0256877  102  102  i
 103  0.0707403  103  103  i
 104  0.0609383  104  104  i
 105  0.107334  105  105  i
 106  0.0642733  106  106  i
 107  0.0539805  107  107  i
 108  0.0378182  108  108  i
 109  0.0226776  109  109  i
 110  0.0153308  110  110  i
 111  0.020777  111  111  i
 112  0.0344893  112  112  i
 113  0.025307  113  113  i
 114  0.0231315  114  114  i
 115  0.0335226  115  115  i
 116  0.0230102  116  116  i
 117  0.0261072  117  117  i
 118  0.0353517  118  118  i
 119  0.0233008  119  119  i
 120  0.0167997  120  120  i
 121  0.0282815  121  121  i
 122  0.0264861  122  122  i
 123  0.00888042  123  123  i
 124  0.00836193  124  124  i
 125  0.0131782  125  125  i
 126  0.0115204  126  126  i
 127  0.0209505  127  127  i
 128  0.0149711  128  128  i
 129  0.00627868  129  129  i
 130  0.00784434  130  130  i
 131  0.00502017  131  131  i
 132  0.0251498  132  132  i
 133  0.0176489  133  133  i
 134  0.0211046  134  134  i
 135  0.00905354  135  135  i
 136  0.00145729  136  136  i
 137  0.00365293  137  137  i
 138  0.0155016  138  138  i
 139  0.0118762  139  139  i
 140  0.0119035  140  140  i
 141  0.0322405  141  141  i
 142  0.0119138  142  142  i
 143  0.0172232  143  143  i
 144  0.00676353  144  144  i
 145  0.0542141  145  145  i
 146  0.0299251  146  146  i
 147  0.0283603  147  147  i
 148  0.0114707  148  148  i
 149  0.013872  149  149  i
 150  0.0238465  150  150  i
 151  0.0378137  151  151  i
 152  0.0117812  152  152  i
 153  0.021379  153  153  i
 154  0.0030821  154  154  i
 155  0.0105629  155  155  i
 156  0.00902593  156  156  i
 157  0.00493463  157  157  i
 158  0.00640236  158  158  i
 159  0.00467844  159  159  i
 160  0.0103038  160  160  i
 161  0.00855544  161  161  i
 162  0.0113468  162  162  i
 163  0.00704869  163  163  i
 164  0.00515715  164  164  i
 165  0.0146007  165  165  i
 166  0.0163748  166  166  i
 167  0.00610124  167  167  i
 168  0.0170669  168  168  i
 169  0.0137294  169  169  i
 170  0.00643797  170  170  i
 171  0.00672561  171  171  i
 172  0.00676817  172  172  i
 173  0.00717287  173  173  i
 174  0.00806635  174  174  i
 175  0.0131127  175  175  i
 176  0.0265988  176  176  i
 177  0.0172317  177  177  i
 178  0.0117761  178  178  i
 179  0.00704985  179  179  i
 180  0.00912722  180  180  i
 181  0.0193533  181  181  i
 182  0.0203302  182  182  i
 183  0.0247006  183  183  i
 184  0.0312211  184  184  i
 185  0.045482  185  185  i
 186  0.0681696  186  186  i
 187  0.0603777  187  187  i
 188  0.0348148  188  188  i
 189  0.0136959  189  189  i
 190  0.0293362  190  190  i
 191  0.0229931  191  191  i
 192  0.0270832  192  192  i
 193  0.010669  193  193  i
 194  0.00999744  194  194  i
 195  0.0294662  195  195  i
 196  0.0166575  196  196  i
 197  0.0237903  197  197  i
 198  0.0139377  198  198  i
 199  0.00963539  199  199  i
 200  0.00888107  200  200  i
 201  0.0101038  201  201  i
 202  0.0188297  202  202  i
 203  0.0293259  203  203  i
 204  0.0256225  204  204  i
 205  0.0236733  205  205  i
 206  0.0176847  206  206  i
 207  0.0114397  207  207  i
 208  0.0387997  208  208  i
 209  0.0417816  209  209  i
 210  0.0249798  210  210  i
 211  0.0335681  211  211  i
 212  0.0339725  212  212  i
 213  0.0134368  213  213  i
 214  0.014351  214  214  i
 215  0.0350593  215  215  i
 216  0.0452242  216  216  i
 217  0.046456  217  217  i
 218  0.0330884  218  218  i
 219  0.0303128  219  219  i
 220  0.0237294  220  220  i
 221  0.0120482  221  221  i
 222  0.0365269  222  222  i
 223  0.0416735  223  223  i
 224  0.0279316  224  224  i
 225  0.0319867  225  225  i
 226  0.0337494  226  226  i
 227  0.0156868  227  227  i
 228  0.0222718  228  228  i
 229  0.0131411  229  229  i
 230  0.0343234  230  230  i
 231  0.0537439  231  231  i
 232  0.0508423  232  232  i
 233  0.0379411  233  233  i
 234  0.0306097  234  234  i
 235  0.0125289  235  235  i
 236  0.0266716  236  236  i
 237  0.0414837  237  237  i
 238  0.0538544  238  238  i
 239  0.023959  239  239  i
 240  0.0686562  240  240  i
 241  0.0295513  241  241  i
 242  0.0140628  242  242  i
 243  0.0282639  243  243  i
 244  0.0537262  244  244  i
 245  0.0588154  245  245  i
 246  0.0499902  246  246  i
 247  0.0592344  247  247  i
 248  0.0465615  248  248  i
 249  0.0338044  249  249  i
 250  0.0328179  250  250  i
 251  0.0840647  251  251  i
 252  0.0943319  252  252  i
 253  0.0918412  253  253  i
 254  0.120889  254  254  i
 255  0.0969881  255  255  i
 256  0.0509864  256  256  i
 257  0.0904698  257  257  i
 258  0.177433  258  258  i
 259  0.181477  259  259  i
 260  0.213969  260  260  i
 261  0.210179  261  261  i
 262  0.202061  262  262  i
 263  0.109053  263  263  i
 264  0.1576  264  264  i
 265  0.267111  265  265  i
 266  0.34439  266  266  i
 267  0.425989  267  267  i
 268  0.297665  268  268  i
 269  0.304595  269  269  i
 270  0.135186  270  270  i
 271  0.239418  271  271  i
 272  0.328465  272  272  i
 273  0.351456  273  273  i
 274  0.437055  274  274  i
 275  0.531761  275  275  i
 276  0.34284  276  276  i
 277  0.199241  277  277  i
 278  0.228365  278  278  i
 279  0.373268  279  279  i
 280  0.526273  280  280  i
 281  0.682602  281  281  i
 282  0.706605  282  282  i
 283  0.458128  283  283  i
 284  0.322649  284  284  i
 285  0.547807  285  285  i
 286  0.85079  286  286  i
 287  0.965271  287  287  i
 288  1.05056  288  288  i
 289  1.58467  289  289  i
 290  0.860017  290  290  i
 291  0.545728  291  291  i
 292  0.77104  292  292  i
 293  1.6333  293  293  i
 294  1.91323  294  294  i
 295  1.86335  295  295  i
 296  2.0919  296  296  i
 297  1.63785  297  297  i
 298  0.945107  298  298  i
 299  1.57612  299  299  i
 300  2.4622  300  300  i
 301  3.0737  301  301  i
 302  2.7191  302  302  i
 303  2.83886  303  303  i
 304  2.47056  304  304  i
 305  1.42146  305  305  i
 306  1.96621  306  306  i
 307  3.05694  307  307  i
 308  2.41868  308  308  i
 309  2.46302  309  309  i
 310  2.58643  310  310  i
 311  2.14832  311  311  i
 312  1.21522  312  312  i
 313  1.75129  313  313  i
 314  2.26221  314  314  i
 315  2.94654  315  315  i
 316  2.32073  316  316  i
 317  1.92124  317  317  i
 318  1.3611  318  318  i
 319  0.551887  319  319  i
 320  1.06994  320  320  i
 321  1.55829  321  321  i
 322  1.5194  322  322  i
 323  1.30913  323  323  i
 324  1.19049  324  324  i
 325  0.64838  325  325  i
 326  0.330722  326  326  i
 327  0.852939  327  327  i
 328  0.73616  328  328  i
 329  0.949247  329  329  i
 330  1.08882  330  330  i
 331  0.903589  331  331  i
 332  0.505585  332  332  i
 333  0.21944  333  333  i
 334  0.70786  334  334  i
 335  0.999538  335  335  i
 336  0.787781  336  336  i
 337  0.597188  337  337  i
 338  0.744766  338  338  i
 339  0.412873  339  339  i
 340  0.163775  340  340  i
 341  0.530581  341  341  i
 342  0.94466  342  342  i
 343  0.765201  343  343  i
 344  0.801744  344  344  i
 345  0.744451  345  345  i
 346  0.531498  346  346  i
 347  0.16286  347  347  i
 348  0.698595  348  348  i
 349  1.00901  349  349  i
 350  1.06605  350  350  i
 351  0.972699  351  351  i
 352  1.01203  352  352  i
 353  0.550977  353  353  i
 354  0.326165  354  354  i
 355  0.858352  355  355  i
 356  1.34404  356  356  i
 357  1.45483  357  357  i
 358  1.36558  358  358  i
 359  1.43876  359  359  i
 360  0.903489  360  360  i
 361  0.597786  361  361  i
 362  1.36837  362  362  i
 363  2.02212  363  363  i
 364  2.55154  364  364  i
 365  0.800337  365  365  i
 366  0.480844  366  366  i
 367  0.537273  367  367  i
 368  0.683165  368  368  i
 369  2.03259  369  369  i
 370  3.11234  370  370  i
 371  3.04758  371  371  i
 372  2.29445  372  372  i
 373  0.539114  373  373  i
 374  0.816984  374  374  i
 375  1.06977  375  375  i
 376  2.33481  376  376  i
 377  2.98297  377  377  i
 378  3.07229  378  378  i
 379  2.38583  379  379  i
 380  2.2054  380  380  i
 381  1.3717  381  381  i
 382  0.710832  382  382  i
 383  1.56284  383  383  i
 384  1.84173  384  384  i
 385  1.87313  385  385  i
 386  1.41815  386  386  i
 387  1.55424  387  387  i
 388  0.842837  388  388  i
 389  0.399522  389  389  i
 390  1.3256  390  390  i
 391  1.72627  391  391  i
 392  1.36509  392  392  i
 393  1.24869  393  393  i
 394  1.42895  394  394  i
 395  0.730004  395  395  i
 396  0.387668  396  396  i
 397  1.20981  397  397  i
 398  1.63274  398  398  i
 399  1.45377  399  399  i
 400  1.42442  400  400  i
 401  1.34909  401  401  i
 402  0.676479  402  402  i
 403  0.440854  403  403  i
 404  1.20781  404  404  i
 405  1.62706  405  405  i
 406  1.7162  406  406  i
 407  1.35152  407  407  i
 408  1.45707  408  408  i
 409  0.820227  409  409  i
 410  0.396657  410  410  i
 411  1.41502  411  411  i
 412  1.93053  412  412  i
 413  2.84879  413  413  i
 414  2.52883  414  414  i
 415  2.50786  415  415  i
 416  1.51883  416  416  i
 417  0.88893  417  417  i
 418  2.70205  418  418  i
 419  3.82428  419  419  i
 420  3.35883  420  420  i
 421  3.55414  421  421  i
 422  3.26511  422  422  i
 423  1.90952  423  423  i
 424  1.11121  424  424  i
 425  3.3703  425  425  i
 426  5.00027  426  426  i
 427  4.16422  427  427  i
 428  4.23069  428  428  i
 429  4.30728  429  429  i
 430  2.27035  430  430  i
 431  1.26723  431  431  i
 432  3.6387  432  432  i
 433  4.97779  433  433  i
 434  4.51128  434  434  i
 435  4.60089  435  435  i
 436  3.77944  436  436  i
 437  2.78848  437  437  i
 438  1.13229  438  438  i
 439  3.21566  439  439  i
 440  4.78045  440  440  i
 441  4.37894  441  441  i
 442  3.24137  442  442  i
 443  4.48364  443  443  i
 444  2.02841  444  444  i
 445  0.986258  445  445  i
 446  3.10122  446  446  i
 447  4.23571  447  447  i
 448  3.47894  448  448  i
 449  3.29131  449  449  i
 450  2.79253  450  450  i
 451  1.52047  451  451  i
 452  0.608385  452  452  i
 453  2.33368  453  453  i
 454  3.18498  454  454  i
 455  2.52114  455  455  i
 456  2.22359  456  456  i
 457  2.11425  457  457  i
 458  1.03656  458  458  i
 459  0.403947  459  459  i
 460  1.97045  460  460  i
 461  2.54286  461  461  i
 462  1.9442  462  462  i
 463  1.73498  463  463  i
 464  1.05112  464  464  i
 465  0.527469  465  465  i
 466  0.489755  466  466  i
 467  0.383469  467  467  i
 468  1.57783  468  468  i
 469  2.05332  469  469  i


