
# Curve 0 of 1, 420 points
# Curve title: "CFR predicted deaths"
# x y xlow xhigh type
-1  25554.7 -1 -1  i
 69  0.00273287  69  69  i
 72  0.00190291  72  72  i
 73  0.00190291  73  73  i
 74  0.00581619  74  74  i
 75  0.00563662  75  75  i
 76  0.00911534  76  76  i
 77  0.0119677  77  77  i
 78  0.0189462  78  78  i
 79  0.0102558  79  79  i
 80  0.0180398  80  80  i
 81  0.0472516  81  81  i
 82  0.0510836  82  82  i
 83  0.0369758  83  83  i
 84  0.04424  84  84  i
 85  0.0765315  85  85  i
 86  0.0605455  86  86  i
 87  0.122424  87  87  i
 88  0.0825714  88  88  i
 89  0.103749  89  89  i
 90  0.115846  90  90  i
 91  0.145681  91  91  i
 92  0.180685  92  92  i
 93  0.18201  93  93  i
 94  0.122909  94  94  i
 95  0.0662813  95  95  i
 96  0.0855483  96  96  i
 97  0.161614  97  97  i
 98  0.146143  98  98  i
 99  0.139951  99  99  i
 100  0.186083  100  100  i
 101  0.116063  101  101  i
 102  0.046719  102  102  i
 103  0.102155  103  103  i
 104  0.0840295  104  104  i
 105  0.148399  105  105  i
 106  0.141607  106  106  i
 107  0.0478163  107  107  i
 108  0.103461  108  108  i
 109  0.0503803  109  109  i
 110  0.0283669  110  110  i
 111  0.0590097  111  111  i
 112  0.113754  112  112  i
 113  0.104944  113  113  i
 114  0.0546214  114  114  i
 115  0.0634299  115  115  i
 116  0.0488767  116  116  i
 117  0.0725044  117  117  i
 118  0.0570119  118  118  i
 119  0.0521267  119  119  i
 120  0.04928  120  120  i
 121  0.0371285  121  121  i
 122  0.0395101  122  122  i
 123  0.031741  123  123  i
 124  0.0236302  124  124  i
 125  0.0149155  125  125  i
 126  0.0125751  126  126  i
 127  0.0535753  127  127  i
 128  0.0241315  128  128  i
 129  0.0205849  129  129  i
 130  0.00432516  130  130  i
 131  0.0103854  131  131  i
 132  0.0354911  132  132  i
 133  0.0460874  133  133  i
 134  0.0192234  134  134  i
 135  0.0226026  135  135  i
 136  0.0110464  136  136  i
 137  0.00847468  137  137  i
 138  0.0587934  138  138  i
 139  0.0147954  139  139  i
 140  0.0300579  140  140  i
 141  0.0501836  141  141  i
 142  0.0115784  142  142  i
 143  0.00582773  143  143  i
 144  0.0125074  144  144  i
 145  0.0689941  145  145  i
 146  0.0310387  146  146  i
 147  0.0585696  147  147  i
 148  0.0186028  148  148  i
 149  0.0202698  149  149  i
 150  0.0462052  150  150  i
 151  0.0530768  151  151  i
 152  0.0435973  152  152  i
 153  0.0278377  153  153  i
 154  0.0129591  154  154  i
 155  0.0257919  155  155  i
 156  0.0129061  156  156  i
 157  0.0124977  157  157  i
 158  0.00499596  158  158  i
 159  0.0155593  159  159  i
 160  0.014862  160  160  i
 161  0.023773  161  161  i
 162  0.0279616  162  162  i
 163  0.0181233  163  163  i
 164  0.0275368  164  164  i
 165  0.0289086  165  165  i
 166  0.0504038  166  166  i
 167  0.0418653  167  167  i
 168  0.0379664  168  168  i
 169  0.024638  169  169  i
 170  0.0253326  170  170  i
 171  0.0356581  171  171  i
 172  0.0204834  172  172  i
 173  0.0121633  173  173  i
 174  0.0249262  174  174  i
 175  0.0247008  175  175  i
 176  0.0512632  176  176  i
 177  0.0570637  177  177  i
 178  0.0238074  178  178  i
 179  0.0126448  179  179  i
 180  0.0299526  180  180  i
 181  0.0322949  181  181  i
 182  0.0718461  182  182  i
 183  0.0600998  183  183  i
 184  0.130281  184  184  i
 185  0.20106  185  185  i
 186  0.199825  186  186  i
 187  0.144975  187  187  i
 188  0.0826569  188  188  i
 189  0.0450486  189  189  i
 190  0.0750254  190  190  i
 191  0.05189  191  191  i
 192  0.0551722  192  192  i
 193  0.0402105  193  193  i
 194  0.0288899  194  194  i
 195  0.0703536  195  195  i
 196  0.0645984  196  196  i
 197  0.0480105  197  197  i
 198  0.0560544  198  198  i
 199  0.0288734  199  199  i
 200  0.0365624  200  200  i
 201  0.0327798  201  201  i
 202  0.0609466  202  202  i
 203  0.0514735  203  203  i
 204  0.0641074  204  204  i
 205  0.0680966  205  205  i
 206  0.0306308  206  206  i
 207  0.0337974  207  207  i
 208  0.0658321  208  208  i
 209  0.0748415  209  209  i
 210  0.10167  210  210  i
 211  0.108743  211  211  i
 212  0.0768359  212  212  i
 213  0.0389898  213  213  i
 214  0.0262266  214  214  i
 215  0.048917  215  215  i
 216  0.131856  216  216  i
 217  0.0972099  217  217  i
 218  0.105736  218  218  i
 219  0.0835072  219  219  i
 220  0.0549067  220  220  i
 221  0.0156682  221  221  i
 222  0.042573  222  222  i
 223  0.0766712  223  223  i
 224  0.0866867  224  224  i
 225  0.0771037  225  225  i
 226  0.117339  226  226  i
 227  0.0827483  227  227  i
 228  0.0379057  228  228  i
 229  0.0512393  229  229  i
 230  0.0918837  230  230  i
 231  0.10668  231  231  i
 232  0.128271  232  232  i
 233  0.117721  233  233  i
 234  0.0798521  234  234  i
 235  0.043493  235  235  i
 236  0.0868928  236  236  i
 237  0.141562  237  237  i
 238  0.102809  238  238  i
 239  0.0778583  239  239  i
 240  0.205538  240  240  i
 241  0.0792867  241  241  i
 242  0.0443958  242  242  i
 243  0.0947083  243  243  i
 244  0.138314  244  244  i
 245  0.127222  245  245  i
 246  0.121554  246  246  i
 247  0.197145  247  247  i
 248  0.146304  248  248  i
 249  0.091462  249  249  i
 250  0.114329  250  250  i
 251  0.228256  251  251  i
 252  0.260407  252  252  i
 253  0.255575  253  253  i
 254  0.305781  254  254  i
 255  0.199867  255  255  i
 256  0.118288  256  256  i
 257  0.25439  257  257  i
 258  0.459167  258  258  i
 259  0.483612  259  259  i
 260  0.529913  260  260  i
 261  0.495944  261  261  i
 262  0.55127  262  262  i
 263  0.244206  263  263  i
 264  0.33598  264  264  i
 265  0.624895  265  265  i
 266  0.792569  266  266  i
 267  1.15569  267  267  i
 268  0.657717  268  268  i
 269  0.629272  269  269  i
 270  0.367019  270  270  i
 271  0.536571  271  271  i
 272  0.902775  272  272  i
 273  0.897627  273  273  i
 274  1.06767  274  274  i
 275  1.28741  275  275  i
 276  0.834825  276  276  i
 277  0.501163  277  277  i
 278  0.516509  278  278  i
 279  0.838337  279  279  i
 280  1.41623  280  280  i
 281  1.80644  281  281  i
 282  1.97288  282  282  i
 283  1.29795  283  283  i
 284  0.701248  284  284  i
 285  1.58429  285  285  i
 286  2.16725  286  286  i
 287  2.61209  287  287  i
 288  2.9698  288  288  i
 289  4.45596  289  289  i
 290  2.44436  290  290  i
 291  1.44903  291  291  i
 292  2.37337  292  292  i
 293  4.23279  293  293  i
 294  5.46559  294  294  i
 295  5.26144  295  295  i
 296  6.08516  296  296  i
 297  4.78085  297  297  i
 298  2.6856  298  298  i
 299  4.53916  299  299  i
 300  6.58801  300  300  i
 301  8.28254  301  301  i
 302  7.86981  302  302  i
 303  8.51783  303  303  i
 304  6.73416  304  304  i
 305  3.85191  305  305  i
 306  5.97504  306  306  i
 307  9.34322  307  307  i
 308  7.63315  308  308  i
 309  8.0324  309  309  i
 310  8.01474  310  310  i
 311  6.82916  311  311  i
 312  3.91205  312  312  i
 313  5.59989  313  313  i
 314  7.39364  314  314  i
 315  9.58099  315  315  i
 316  8.20674  316  316  i
 317  6.7407  317  317  i
 318  4.59158  318  318  i
 319  2.09081  319  319  i
 320  3.65523  320  320  i
 321  5.58494  321  321  i
 322  5.38174  322  322  i
 323  4.58342  323  323  i
 324  4.07688  324  324  i
 325  2.33187  325  325  i
 326  1.00075  326  326  i
 327  2.84451  327  327  i
 328  2.4185  328  328  i
 329  3.19472  329  329  i
 330  3.78828  330  330  i
 331  3.40352  331  331  i
 332  1.78166  332  332  i
 333  0.757176  333  333  i
 334  2.43146  334  334  i
 335  3.27175  335  335  i
 336  2.78788  336  336  i
 337  2.24282  337  337  i
 338  2.2626  338  338  i
 339  1.28564  339  339  i
 340  0.471044  340  340  i
 341  1.85703  341  341  i
 342  2.85616  342  342  i
 343  2.44941  343  343  i
 344  2.368  344  344  i
 345  2.40151  345  345  i
 346  1.56203  346  346  i
 347  0.525998  347  347  i
 348  2.30878  348  348  i
 349  3.31706  349  349  i
 350  3.32253  350  350  i
 351  3.00482  351  351  i
 352  3.14495  352  352  i
 353  1.68943  353  353  i
 354  1.00498  354  354  i
 355  2.63473  355  355  i
 356  4.42638  356  356  i
 357  4.25385  357  357  i
 358  3.88589  358  358  i
 359  4.45994  359  359  i
 360  2.65095  360  360  i
 361  1.59922  361  361  i
 362  4.25096  362  362  i
 363  5.67929  363  363  i
 364  7.39891  364  364  i
 365  2.26795  365  365  i
 366  1.23632  366  366  i
 367  1.39673  367  367  i
 368  1.9707  368  368  i
 369  6.0004  369  369  i
 370  8.93599  370  370  i
 371  9.29353  371  371  i
 372  6.94984  372  372  i
 373  1.57573  373  373  i
 374  2.57858  374  374  i
 375  3.07239  375  375  i
 376  7.11948  376  376  i
 377  9.38258  377  377  i
 378  9.41255  378  378  i
 379  8.13441  379  379  i
 380  6.95021  380  380  i
 381  4.16399  381  381  i
 382  2.11245  382  382  i
 383  4.93145  383  383  i
 384  6.04622  384  384  i
 385  6.18549  385  385  i
 386  4.56574  386  386  i
 387  5.35301  387  387  i
 388  2.70084  388  388  i
 389  1.32625  389  389  i
 390  4.41961  390  390  i
 391  5.19984  391  391  i
 392  4.81275  392  392  i
 393  4.24047  393  393  i
 394  4.68357  394  394  i
 395  2.22493  395  395  i
 396  1.19111  396  396  i
 397  3.89429  397  397  i
 398  5.21385  398  398  i
 399  4.76375  399  399  i
 400  4.38592  400  400  i
 401  4.17412  401  401  i
 402  2.07391  402  402  i
 403  1.37555  403  403  i
 404  3.84168  404  404  i
 405  4.97062  405  405  i
 406  5.14269  406  406  i
 407  4.34313  407  407  i
 408  4.5067  408  408  i
 409  2.5412  409  409  i
 410  1.19059  410  410  i
 411  4.23682  411  411  i
 412  5.46291  412  412  i
 413  5.21748  413  413  i
 414  4.97502  414  414  i
 415  4.7185  415  415  i
 416  2.49408  416  416  i
 417  1.3009  417  417  i
 418  4.85657  418  418  i
 419  7.11237  419  419  i
 420  5.95296  420  420  i
 421  6.15512  421  421  i
 422  6.03995  422  422  i
 423  3.32755  423  423  i
 424  2.06755  424  424  i
 425  6.05646  425  425  i
 426  8.14863  426  426  i
 427  7.41263  427  427  i
 428  7.79348  428  428  i
 429  7.65383  429  429  i
 430  4.10551  430  430  i
 431  2.10535  431  431  i
 432  6.64291  432  432  i
 433  8.68232  433  433  i
 434  8.50105  434  434  i
 435  7.96383  435  435  i
 436  7.17247  436  436  i
 437  4.3267  437  437  i
 438  1.82008  438  438  i
 439  5.7923  439  439  i
 440  8.29634  440  440  i
 441  8.1635  441  441  i
 442  6.69826  442  442  i
 443  8.31051  443  443  i
 444  3.74688  444  444  i
 445  1.65064  445  445  i
 446  5.79497  446  446  i
 447  7.84791  447  447  i
 448  6.78273  448  448  i
 449  5.83897  449  449  i
 450  5.31353  450  450  i
 451  2.96941  451  451  i
 452  1.05474  452  452  i
 453  4.71639  453  453  i
 454  6.03538  454  454  i
 455  5.30027  455  455  i
 456  4.32836  456  456  i
 457  4.11266  457  457  i
 458  2.07036  458  458  i
 459  0.836642  459  459  i
 460  3.8377  460  460  i
 461  4.83233  461  461  i
 462  3.82813  462  462  i
 463  3.47054  463  463  i
 464  1.97809  464  464  i
 465  1.03703  465  465  i
 466  1.02248  466  466  i
 467  0.667006  467  467  i
 468  3.02028  468  468  i
 469  4.21177  469  469  i
 470  3.06951  470  470  i
 471  2.58068  471  471  i
 472  1.13238  472  472  i
 473  0.496365  473  473  i
 474  1.9696  474  474  i
 475  2.59881  475  475  i
 476  1.91202  476  476  i
 477  1.56313  477  477  i
 478  1.54552  478  478  i
 479  0.67718  479  479  i
 480  0.406828  480  480  i
 481  1.79489  481  481  i
 482  1.86108  482  482  i
 483  1.57706  483  483  i
 484  1.30389  484  484  i
 485  1.34007  485  485  i
 486  0.66752  486  486  i
 487  0.364281  487  487  i
 488  1.38009  488  488  i


