
# Curve 0 of 1, 417 points
# Curve title: "daily incidence"
# x y xlow xhigh type
-1  1.43393e+06 -1 -1  i
 60  1  60  60  i
 64  1  64  64  i
 65  1  65  65  i
 67  2  67  67  i
 69  7  69  69  i
 70  8  70  70  i
 71  5  71  71  i
 72  5  72  72  i
 73  5  73  73  i
 74  18  74  74  i
 75  5  75  75  i
 76  8  76  76  i
 77  15  77  77  i
 78  14  78  78  i
 79  6  79  79  i
 80  12  80  80  i
 81  9  81  81  i
 82  10  82  82  i
 83  17  83  83  i
 84  29  84  84  i
 85  28  85  85  i
 86  30  86  86  i
 87  24  87  87  i
 88  19  88  88  i
 89  22  89  89  i
 90  35  90  90  i
 91  37  91  91  i
 92  23  92  92  i
 93  26  93  93  i
 94  30  94  94  i
 95  21  95  95  i
 96  24  96  96  i
 97  24  97  97  i
 98  33  98  98  i
 99  35  99  99  i
 100  22  100  100  i
 101  27  101  101  i
 102  12  102  102  i
 103  7  103  103  i
 104  9  104  104  i
 105  17  105  105  i
 106  22  106  106  i
 107  18  107  107  i
 108  13  108  108  i
 109  17  109  109  i
 110  13  110  110  i
 111  11  111  111  i
 112  13  112  112  i
 113  4  113  113  i
 114  10  114  114  i
 115  8  115  115  i
 116  5  116  116  i
 117  4  117  117  i
 118  8  118  118  i
 119  7  119  119  i
 120  11  120  120  i
 121  6  121  121  i
 123  4  123  123  i
 124  3  124  124  i
 125  10  125  125  i
 126  9  126  126  i
 127  5  127  127  i
 128  8  128  128  i
 130  2  130  130  i
 131  5  131  131  i
 132  4  132  132  i
 133  3  133  133  i
 134  11  134  134  i
 135  4  135  135  i
 136  5  136  136  i
 137  1  137  137  i
 138  7  138  138  i
 139  3  139  139  i
 140  1  140  140  i
 141  4  141  141  i
 142  4  142  142  i
 143  7  143  143  i
 144  1  144  144  i
 145  6  145  145  i
 146  2  146  146  i
 147  1  147  147  i
 148  4  148  148  i
 149  2  149  149  i
 150  2  150  150  i
 151  1  151  151  i
 152  1  152  152  i
 153  7  153  153  i
 154  2  154  154  i
 155  4  155  155  i
 156  2  156  156  i
 157  4  157  157  i
 158  3  158  158  i
 159  5  159  159  i
 160  6  160  160  i
 161  4  161  161  i
 162  4  162  162  i
 163  4  163  163  i
 164  1  164  164  i
 165  2  165  165  i
 166  2  166  166  i
 167  2  167  167  i
 168  4  168  168  i
 169  7  169  169  i
 170  11  170  170  i
 171  5  171  171  i
 172  7  172  172  i
 173  4  173  173  i
 174  8  174  174  i
 175  7  175  175  i
 176  2  176  176  i
 177  7  177  177  i
 178  10  178  178  i
 179  3  179  179  i
 180  9  180  180  i
 181  6  181  181  i
 182  4  182  182  i
 183  14  183  183  i
 184  14  184  184  i
 185  4  185  185  i
 186  5  186  186  i
 187  6  187  187  i
 188  10  188  188  i
 189  5  189  189  i
 190  6  190  190  i
 191  10  191  191  i
 192  3  192  192  i
 193  3  193  193  i
 194  2  194  194  i
 195  7  195  195  i
 196  13  196  196  i
 197  8  197  197  i
 198  4  198  198  i
 199  6  199  199  i
 200  1  200  200  i
 201  10  201  201  i
 202  12  202  202  i
 203  17  203  203  i
 204  12  204  204  i
 205  16  205  205  i
 206  7  206  206  i
 207  7  207  207  i
 208  12  208  208  i
 209  10  209  209  i
 210  11  210  210  i
 211  15  211  211  i
 212  11  212  212  i
 213  6  213  213  i
 214  5  214  214  i
 215  16  215  215  i
 216  15  216  216  i
 217  19  217  217  i
 218  12  218  218  i
 219  17  219  219  i
 220  8  220  220  i
 221  11  221  221  i
 222  8  222  222  i
 223  18  223  223  i
 224  19  224  224  i
 225  23  225  225  i
 226  21  226  226  i
 227  9  227  227  i
 228  11  228  228  i
 229  8  229  229  i
 230  18  230  230  i
 231  20  231  231  i
 232  14  232  232  i
 233  28  233  233  i
 234  20  234  234  i
 235  15  235  235  i
 236  10  236  236  i
 237  32  237  237  i
 238  27  238  238  i
 239  24  239  239  i
 240  35  240  240  i
 241  26  241  241  i
 242  17  242  242  i
 243  21  243  243  i
 244  32  244  244  i
 245  44  245  245  i
 246  57  246  246  i
 247  57  247  247  i
 248  42  248  248  i
 249  28  249  249  i
 250  36  250  250  i
 251  67  251  251  i
 252  80  252  252  i
 253  83  253  253  i
 254  87  254  254  i
 255  84  255  255  i
 256  52  256  256  i
 257  55  257  257  i
 258  97  258  258  i
 259  120  259  259  i
 260  196  260  260  i
 261  142  261  261  i
 262  98  262  262  i
 263  59  263  263  i
 264  95  264  264  i
 265  144  265  265  i
 266  136  266  266  i
 267  215  267  267  i
 268  239  268  268  i
 269  132  269  269  i
 270  95  270  270  i
 271  87  271  271  i
 272  169  272  272  i
 273  244  273  273  i
 274  339  274  274  i
 275  328  275  275  i
 276  201  276  276  i
 277  188  277  277  i
 278  335  278  278  i
 279  380  279  279  i
 280  499  280  280  i
 281  481  281  281  i
 282  750  282  282  i
 283  385  283  283  i
 284  301  284  284  i
 285  406  285  285  i
 286  706  286  286  i
 287  820  287  287  i
 288  837  288  288  i
 289  1031  289  289  i
 290  786  290  290  i
 291  494  291  291  i
 292  772  292  292  i
 293  1100  293  293  i
 294  1393  294  294  i
 295  1388  295  295  i
 296  1449  296  296  i
 297  1099  297  297  i
 298  724  298  298  i
 299  1006  299  299  i
 300  1517  300  300  i
 301  1295  301  301  i
 302  1261  302  302  i
 303  1381  303  303  i
 304  1261  304  304  i
 305  637  305  305  i
 306  997  306  306  i
 307  1375  307  307  i
 308  1644  308  308  i
 309  1519  309  309  i
 310  1270  310  310  i
 311  873  311  311  i
 312  429  312  312  i
 313  669  313  313  i
 314  1023  314  314  i
 315  991  315  315  i
 316  882  316  316  i
 317  830  317  317  i
 318  457  318  318  i
 319  158  319  319  i
 320  588  320  320  i
 321  474  321  321  i
 322  585  322  322  i
 323  683  323  323  i
 324  613  324  324  i
 325  321  325  325  i
 326  164  326  326  i
 327  496  327  327  i
 328  601  328  328  i
 329  504  329  329  i
 330  439  330  330  i
 331  468  331  331  i
 332  266  332  332  i
 333  131  333  333  i
 334  370  334  334  i
 335  518  335  335  i
 336  480  336  336  i
 337  439  337  337  i
 338  483  338  338  i
 339  302  339  339  i
 340  119  340  340  i
 341  420  341  341  i
 342  585  342  342  i
 343  660  343  343  i
 344  580  344  344  i
 345  595  345  345  i
 346  382  346  346  i
 347  182  347  347  i
 348  558  348  348  i
 349  832  349  349  i
 350  870  350  350  i
 351  782  351  351  i
 352  915  352  352  i
 353  545  353  353  i
 354  336  354  354  i
 355  832  355  355  i
 356  1204  356  356  i
 357  1474  357  357  i
 358  432  358  358  i
 359  279  359  359  i
 360  318  360  360  i
 361  382  361  361  i
 362  1201  362  362  i
 363  1834  363  363  i
 364  1895  364  364  i
 365  1501  365  365  i
 366  406  366  366  i
 367  570  367  367  i
 368  702  368  368  i
 369  1489  369  369  i
 370  1975  370  370  i
 371  1978  371  371  i
 372  1678  372  372  i
 373  1532  373  373  i
 374  935  374  374  i
 375  452  375  375  i
 376  1105  376  376  i
 377  1229  377  377  i
 378  1255  378  378  i
 379  873  379  379  i
 380  1078  380  380  i
 381  551  381  381  i
 382  251  382  382  i
 383  804  383  383  i
 384  1131  384  384  i
 385  916  385  385  i
 386  787  386  386  i
 387  956  387  387  i
 388  446  388  388  i
 389  250  389  389  i
 390  736  390  390  i
 391  970  391  391  i
 392  931  392  392  i
 393  828  393  393  i
 394  914  394  394  i
 395  456  395  395  i
 396  265  396  396  i
 397  788  397  397  i
 398  1022  398  398  i
 399  1019  399  399  i
 400  871  400  400  i
 401  930  401  401  i
 402  501  402  402  i
 403  249  403  403  i
 404  834  404  404  i
 405  1062  405  405  i
 406  1018  406  406  i
 407  947  407  407  i
 408  940  408  408  i
 409  534  409  409  i
 410  258  410  410  i
 411  896  411  411  i
 412  1279  412  412  i
 413  1116  413  413  i
 414  1193  414  414  i
 415  1151  415  415  i
 416  687  416  416  i
 417  350  417  417  i
 418  1183  418  418  i
 419  1581  419  419  i
 420  1422  420  420  i
 421  1482  421  421  i
 422  1545  422  422  i
 423  716  423  423  i
 424  416  424  424  i
 425  1250  425  425  i
 426  1802  426  426  i
 427  1592  427  427  i
 428  1563  428  428  i
 429  1401  429  429  i
 430  906  430  430  i
 431  398  431  431  i
 432  1197  432  432  i
 433  1652  433  433  i
 434  1572  434  434  i
 435  1206  435  435  i
 436  1668  436  436  i
 437  752  437  437  i
 438  339  438  438  i
 439  1160  439  439  i
 440  1533  440  440  i
 441  1367  441  441  i
 442  1189  442  442  i
 443  1088  443  443  i
 444  600  444  444  i
 445  245  445  445  i
 446  847  446  446  i
 447  1250  447  447  i
 448  968  448  448  i
 449  892  449  449  i
 450  860  450  450  i
 451  407  451  451  i
 452  203  452  452  i
 453  767  453  453  i
 454  993  454  454  i
 455  854  455  455  i
 456  699  456  456  i
 457  407  457  457  i
 458  227  458  458  i
 459  211  459  459  i
 460  161  460  460  i
 461  600  461  461  i
 462  803  462  462  i
 463  584  463  463  i
 464  537  464  464  i
 465  252  465  465  i
 466  98  466  466  i
 467  404  467  467  i
 468  586  468  468  i
 469  396  469  469  i
 470  338  470  470  i
 471  367  471  471  i
 472  174  472  472  i
 473  67  473  473  i
 474  348  474  474  i
 475  427  475  475  i
 476  324  476  476  i
 477  292  477  477  i
 478  285  478  478  i
 479  117  479  479  i
 480  61  480  480  i
 481  278  481  481  i


