
# Curve 0 of 1, 412 points
# Curve title: "CFR predicted deaths B.1.1.7"
# x y xlow xhigh type
-1  24963.8 -1 -1  i
 67  0.0278561  67  67  i
 71  0.0246899  71  71  i
 72  0.0135058  72  72  i
 74  0.0381957  74  74  i
 76  0.116887  76  76  i
 77  0.166888  77  77  i
 78  0.0950964  78  78  i
 79  0.0855559  79  79  i
 80  0.118289  80  80  i
 81  0.379758  81  81  i
 82  0.103173  82  82  i
 83  0.153076  83  83  i
 84  0.313202  84  84  i
 85  0.271  85  85  i
 86  0.136818  86  86  i
 87  0.286684  87  87  i
 88  0.209079  88  88  i
 89  0.225265  89  89  i
 90  0.324659  90  90  i
 91  0.628239  91  91  i
 92  0.558136  92  92  i
 93  0.609246  93  93  i
 94  0.549531  94  94  i
 95  0.469863  95  95  i
 96  0.491961  96  96  i
 97  0.805049  97  97  i
 98  0.783765  98  98  i
 99  0.530528  99  99  i
 100  0.612312  100  100  i
 101  0.69179  101  101  i
 102  0.49927  102  102  i
 103  0.519157  103  103  i
 104  0.450606  104  104  i
 105  0.703695  105  105  i
 106  0.78185  106  106  i
 107  0.416087  107  107  i
 108  0.570865  108  108  i
 109  0.237534  109  109  i
 110  0.14392  110  110  i
 111  0.165822  111  111  i
 112  0.391724  112  112  i
 113  0.467263  113  113  i
 114  0.373011  114  114  i
 115  0.295914  115  115  i
 116  0.355156  116  116  i
 117  0.281272  117  117  i
 118  0.234434  118  118  i
 119  0.322926  119  119  i
 120  0.0810494  120  120  i
 121  0.202733  121  121  i
 122  0.128266  122  122  i
 123  0.126966  123  123  i
 124  0.0620646  124  124  i
 125  0.185237  125  125  i
 126  0.11951  126  126  i
 127  0.265149  127  127  i
 128  0.130697  128  128  i
 130  0.0995171  130  130  i
 131  0.0751085  131  131  i
 132  0.190777  132  132  i
 133  0.193553  133  133  i
 134  0.0845499  134  134  i
 135  0.189884  135  135  i
 137  0.0353895  137  137  i
 138  0.0883856  138  138  i
 139  0.0740965  139  139  i
 140  0.0752853  140  140  i
 141  0.213393  141  141  i
 142  0.0728298  142  142  i
 143  0.117514  143  143  i
 144  0.0314282  144  144  i
 145  0.136151  145  145  i
 146  0.0677837  146  146  i
 147  0.0152377  147  147  i
 148  0.0940951  148  148  i
 149  0.0738744  149  149  i
 150  0.121821  150  150  i
 151  0.0119707  151  151  i
 152  0.0866495  152  152  i
 153  0.0287435  153  153  i
 154  0.0119707  154  154  i
 155  0.0667565  155  155  i
 156  0.0633145  156  156  i
 157  0.0465736  157  157  i
 158  0.0278561  158  158  i
 159  0.0218837  159  159  i
 160  0.152732  160  160  i
 161  0.0365881  161  161  i
 162  0.0847608  162  162  i
 163  0.0489643  163  163  i
 164  0.0963934  164  164  i
 165  0.0788574  165  165  i
 166  0.136969  166  166  i
 167  0.109951  167  167  i
 168  0.056174  168  168  i
 169  0.0752162  169  169  i
 170  0.0811068  170  170  i
 171  0.0119707  171  171  i
 172  0.044934  172  172  i
 173  0.0287435  173  173  i
 174  0.0338544  174  174  i
 175  0.0616456  175  175  i
 176  0.146027  176  176  i
 177  0.217903  177  177  i
 178  0.108635  178  178  i
 179  0.163414  179  179  i
 180  0.0784832  180  180  i
 181  0.189313  181  181  i
 182  0.134956  182  182  i
 183  0.046666  183  183  i
 184  0.123663  184  184  i
 185  0.167005  185  185  i
 186  0.0565177  186  186  i
 187  0.148524  187  187  i
 188  0.113841  188  188  i
 189  0.0841232  189  189  i
 190  0.266948  190  190  i
 191  0.269173  191  191  i
 192  0.0832257  192  192  i
 193  0.16566  193  193  i
 194  0.124524  194  194  i
 195  0.204022  195  195  i
 196  0.102595  196  196  i
 197  0.141759  197  197  i
 198  0.183632  198  198  i
 199  0.0575921  199  199  i
 200  0.0466048  200  200  i
 201  0.0440863  201  201  i
 202  0.15689  202  202  i
 203  0.24307  203  203  i
 204  0.183137  204  204  i
 205  0.0813  205  205  i
 206  0.127366  206  206  i
 207  0.0314282  207  207  i
 208  0.183583  208  208  i
 209  0.266934  209  209  i
 210  0.394848  210  210  i
 211  0.211819  211  211  i
 212  0.37704  212  212  i
 213  0.194721  213  213  i
 214  0.162871  214  214  i
 215  0.252555  215  215  i
 216  0.221316  216  216  i
 217  0.226398  217  217  i
 218  0.320556  218  218  i
 219  0.27601  219  219  i
 220  0.153388  220  220  i
 221  0.130241  221  221  i
 222  0.346022  222  222  i
 223  0.337593  223  223  i
 224  0.388753  224  224  i
 225  0.282515  225  225  i
 226  0.35556  226  226  i
 227  0.157791  227  227  i
 228  0.190608  228  228  i
 229  0.146399  229  229  i
 230  0.354913  230  230  i
 231  0.39481  231  231  i
 232  0.471397  232  232  i
 233  0.452127  233  233  i
 234  0.183077  234  234  i
 235  0.267938  235  235  i
 236  0.178551  236  236  i
 237  0.379187  237  237  i
 238  0.487672  238  238  i
 239  0.329534  239  239  i
 240  0.55712  240  240  i
 241  0.446709  241  241  i
 242  0.338342  242  242  i
 243  0.217059  243  243  i
 244  0.693177  244  244  i
 245  0.566421  245  245  i
 246  0.48906  246  246  i
 247  0.788415  247  247  i
 248  0.597311  248  248  i
 249  0.310889  249  249  i
 250  0.514062  250  250  i
 251  0.648892  251  251  i
 252  0.849835  252  252  i
 253  1.23616  253  253  i
 254  1.12785  254  254  i
 255  0.953953  255  255  i
 256  0.618384  256  256  i
 257  0.780581  257  257  i
 258  1.3788  258  258  i
 259  1.58412  259  259  i
 260  1.68221  260  260  i
 261  1.8004  261  261  i
 262  1.84325  262  262  i
 263  1.06541  263  263  i
 264  1.15187  264  264  i
 265  1.90479  265  265  i
 266  2.5366  266  266  i
 267  4.008  267  267  i
 268  2.91208  268  268  i
 269  1.99983  269  269  i
 270  1.23282  270  270  i
 271  2.0653  271  271  i
 272  2.94163  272  272  i
 273  2.83195  273  273  i
 274  4.71053  274  274  i
 275  5.07107  275  275  i
 276  2.65333  276  276  i
 277  1.924  277  277  i
 278  1.92827  278  278  i
 279  3.52633  279  279  i
 280  5.18052  280  280  i
 281  7.259  281  281  i
 282  6.95903  282  282  i
 283  4.09156  283  283  i
 284  3.95518  284  284  i
 285  7.3339  285  285  i
 286  7.95962  286  286  i
 287  10.3623  287  287  i
 288  10.013  288  288  i
 289  15.6053  289  289  i
 290  8.06752  290  290  i
 291  6.2664  291  291  i
 292  8.58735  292  292  i
 293  14.4691  293  293  i
 294  16.9128  294  294  i
 295  17.3251  295  295  i
 296  21.5238  296  296  i
 297  16.2768  297  297  i
 298  10.5472  298  298  i
 299  15.9778  299  299  i
 300  23.0625  300  300  i
 301  28.7985  301  301  i
 302  28.7092  302  302  i
 303  29.9248  303  303  i
 304  22.4086  304  304  i
 305  14.9213  305  305  i
 306  20.6286  306  306  i
 307  30.9464  307  307  i
 308  26.2665  308  308  i
 309  26.3122  309  309  i
 310  28.9987  310  310  i
 311  26.0831  311  311  i
 312  13.3835  312  312  i
 313  21.0868  313  313  i
 314  28.2464  314  314  i
 315  33.6781  315  315  i
 316  31.7407  316  316  i
 317  26.2348  317  317  i
 318  18.6096  318  318  i
 319  8.99435  319  319  i
 320  14.0638  320  320  i
 321  21.1374  321  321  i
 322  20.9494  322  322  i
 323  18.4419  323  323  i
 324  17.9479  324  324  i
 325  9.87825  325  325  i
 326  3.33424  326  326  i
 327  12.6913  327  327  i
 328  9.85404  328  328  i
 329  12.5201  329  329  i
 330  14.3247  330  330  i
 331  12.5828  331  331  i
 332  6.94218  332  332  i
 333  3.5852  333  333  i
 334  10.6267  334  334  i
 335  12.6598  335  335  i
 336  10.8379  336  336  i
 337  9.34637  337  337  i
 338  9.89546  338  338  i
 339  5.42797  339  339  i
 340  2.86683  340  340  i
 341  7.87353  341  341  i
 342  10.6836  342  342  i
 343  10.2033  343  343  i
 344  8.99322  344  344  i
 345  10.3237  345  345  i
 346  6.66176  346  346  i
 347  2.45455  347  347  i
 348  8.8981  348  348  i
 349  12.3939  349  349  i
 350  13.8414  350  350  i
 351  12.4236  351  351  i
 352  12.1585  352  352  i
 353  8.14147  353  353  i
 354  3.80073  354  354  i
 355  11.7066  355  355  i
 356  17.3548  356  356  i
 357  18.0461  357  357  i
 358  16.5829  358  358  i
 359  19.2282  359  359  i
 360  11.5451  360  360  i
 361  7.27345  361  361  i
 362  17.6733  362  362  i
 363  25.9699  363  363  i
 364  31.1352  364  364  i
 365  9.38739  365  365  i
 366  5.76571  366  366  i
 367  6.89452  367  367  i
 368  8.23912  368  368  i
 369  25.4177  369  369  i
 370  39.2517  370  370  i
 371  40.1697  371  371  i
 372  32.3836  372  372  i
 373  9.08549  373  373  i
 374  12.1877  374  374  i
 375  15.2306  375  375  i
 376  31.9811  376  376  i
 377  42.4366  377  377  i
 378  42.6098  378  378  i
 379  36.3053  379  379  i
 380  34.0342  380  380  i
 381  20.3159  381  381  i
 382  9.77211  382  382  i
 383  23.9155  383  383  i
 384  25.9675  384  384  i
 385  26.5065  385  385  i
 386  18.6144  386  386  i
 387  22.672  387  387  i
 388  11.4047  388  388  i
 389  5.32212  389  389  i
 390  16.6694  390  390  i
 391  23.5181  391  391  i
 392  19.0308  392  392  i
 393  16.4225  393  393  i
 394  20.6322  394  394  i
 395  9.71999  395  395  i
 396  5.24465  396  396  i
 397  15.355  397  397  i
 398  20.2956  398  398  i
 399  19.0467  399  399  i
 400  16.7822  400  400  i
 401  19.2229  401  401  i
 402  9.5522  402  402  i
 403  5.62457  403  403  i
 404  16.4288  404  404  i
 405  21.5995  405  405  i
 406  20.9423  406  406  i
 407  18.0117  407  407  i
 408  19.4476  408  408  i
 409  10.462  409  409  i
 410  5.19788  410  410  i
 411  17.5431  411  411  i
 412  21.9113  412  412  i
 413  30.1651  413  413  i
 414  28.4555  414  414  i
 415  27.8483  415  415  i
 416  16.0761  416  416  i
 417  8.18363  417  417  i
 418  26.3474  418  418  i
 419  38.3192  419  419  i
 420  32.7559  420  420  i
 421  35.092  421  421  i
 422  35.2223  422  422  i
 423  20.2647  423  423  i
 424  10.4755  424  424  i
 425  35.0753  425  425  i
 426  46.8761  426  426  i
 427  42.246  427  427  i
 428  44.2531  428  428  i
 429  45.7134  429  429  i
 430  21.4851  430  430  i
 431  12.3716  431  431  i
 432  37.6265  432  432  i
 433  53.8298  433  433  i
 434  48.2547  434  434  i
 435  47.6685  435  435  i
 436  41.6069  436  436  i
 437  27.4727  437  437  i
 438  12.0398  438  438  i
 439  35.9331  439  439  i
 440  49.445  440  440  i
 441  46.9121  441  441  i
 442  35.7594  442  442  i
 443  49.8238  443  443  i
 444  22.6236  444  444  i
 445  10.2549  445  445  i
 446  34.3396  446  446  i
 447  47.2058  447  447  i
 448  40.4506  448  448  i
 449  35.4402  449  449  i
 450  32.2279  450  450  i
 451  18.3476  451  451  i
 452  7.55036  452  452  i
 453  25.4226  453  453  i
 454  37.307  454  454  i
 455  28.749  455  455  i
 456  27.7316  456  456  i
 457  25.9577  457  457  i
 458  12.2493  458  458  i
 459  6.35284  459  459  i
 460  23.6457  460  460  i
 461  30.4183  461  461  i
 462  26.1532  462  462  i
 463  21.0033  463  463  i
 464  12.3447  464  464  i
 465  7.12979  465  465  i
 466  6.35177  466  466  i
 467  4.99181  467  467  i
 468  18.1003  468  468  i
 469  23.992  469  469  i
 470  17.4697  470  470  i
 471  16.4377  471  471  i
 472  7.89683  472  472  i
 473  3.29632  473  473  i
 474  12.5309  474  474  i
 475  17.6226  475  475  i
 476  12.3264  476  476  i
 477  10.0795  477  477  i
 478  11.4562  478  478  i
 479  5.46894  479  479  i
 480  2.15932  480  480  i
 481  10.8148  481  481  i
 482  12.6469  482  482  i
 483  9.68949  483  483  i


