
# Curve 0 of 1, 403 points
# Curve title: "daily incidence"
# x y xlow xhigh type
-1  1.48516e+06 -1 -1  i
 66  1  66  66  i
 69  1  69  69  i
 70  1  70  70  i
 74  6  74  74  i
 75  4  75  75  i
 76  4  76  76  i
 77  9  77  77  i
 78  10  78  78  i
 79  5  79  79  i
 80  4  80  80  i
 81  8  81  81  i
 82  10  82  82  i
 83  13  83  83  i
 84  20  84  84  i
 85  15  85  85  i
 86  29  86  86  i
 87  23  87  87  i
 88  14  88  88  i
 89  25  89  89  i
 90  27  90  90  i
 91  27  91  91  i
 92  20  92  92  i
 93  15  93  93  i
 94  21  94  94  i
 95  12  95  95  i
 96  28  96  96  i
 97  21  97  97  i
 98  21  98  98  i
 99  32  99  99  i
 100  14  100  100  i
 101  17  101  101  i
 102  6  102  102  i
 103  5  103  103  i
 104  5  104  104  i
 105  14  105  105  i
 106  11  106  106  i
 107  9  107  107  i
 108  5  108  108  i
 109  10  109  109  i
 110  17  110  110  i
 111  13  111  111  i
 112  6  112  112  i
 113  3  113  113  i
 114  6  114  114  i
 115  12  115  115  i
 116  12  116  116  i
 117  7  117  117  i
 118  4  118  118  i
 119  8  119  119  i
 120  5  120  120  i
 121  8  121  121  i
 124  2  124  124  i
 125  1  125  125  i
 126  9  126  126  i
 127  3  127  127  i
 128  3  128  128  i
 129  4  129  129  i
 131  5  131  131  i
 132  2  132  132  i
 133  1  133  133  i
 134  5  134  134  i
 135  2  135  135  i
 136  2  136  136  i
 138  7  138  138  i
 140  5  140  140  i
 142  3  142  142  i
 143  5  143  143  i
 145  2  145  145  i
 146  2  146  146  i
 147  3  147  147  i
 148  3  148  148  i
 149  1  149  149  i
 150  2  150  150  i
 151  1  151  151  i
 152  1  152  152  i
 153  1  153  153  i
 154  4  154  154  i
 155  4  155  155  i
 156  2  156  156  i
 157  4  157  157  i
 158  5  158  158  i
 159  5  159  159  i
 160  3  160  160  i
 161  3  161  161  i
 163  3  163  163  i
 165  1  165  165  i
 166  5  166  166  i
 167  1  167  167  i
 168  2  168  168  i
 169  6  169  169  i
 170  8  170  170  i
 171  1  171  171  i
 172  2  172  172  i
 173  5  173  173  i
 174  1  174  174  i
 175  4  175  175  i
 176  3  176  176  i
 177  3  177  177  i
 178  4  178  178  i
 179  2  179  179  i
 180  1  180  180  i
 181  5  181  181  i
 182  6  182  182  i
 183  2  183  183  i
 184  2  184  184  i
 185  3  185  185  i
 186  4  186  186  i
 187  2  187  187  i
 188  4  188  188  i
 189  6  189  189  i
 190  1  190  190  i
 191  6  191  191  i
 192  4  192  192  i
 193  4  193  193  i
 194  3  194  194  i
 195  8  195  195  i
 196  5  196  196  i
 197  5  197  197  i
 198  9  198  198  i
 199  1  199  199  i
 200  3  200  200  i
 201  9  201  201  i
 202  8  202  202  i
 203  11  203  203  i
 204  10  204  204  i
 205  18  205  205  i
 206  4  206  206  i
 207  6  207  207  i
 208  11  208  208  i
 209  10  209  209  i
 210  8  210  210  i
 211  8  211  211  i
 212  8  212  212  i
 213  4  213  213  i
 214  5  214  214  i
 215  8  215  215  i
 216  15  216  216  i
 217  8  217  217  i
 218  4  218  218  i
 219  17  219  219  i
 220  8  220  220  i
 221  9  221  221  i
 222  1  222  222  i
 223  7  223  223  i
 224  8  224  224  i
 225  9  225  225  i
 226  18  226  226  i
 227  12  227  227  i
 228  2  228  228  i
 229  9  229  229  i
 230  9  230  230  i
 231  17  231  231  i
 232  10  232  232  i
 233  29  233  233  i
 234  10  234  234  i
 235  11  235  235  i
 236  15  236  236  i
 237  19  237  237  i
 238  18  238  238  i
 239  24  239  239  i
 240  23  240  240  i
 241  16  241  241  i
 242  4  242  242  i
 243  12  243  243  i
 244  22  244  244  i
 245  37  245  245  i
 246  22  246  246  i
 247  33  247  247  i
 248  21  248  248  i
 249  11  249  249  i
 250  29  250  250  i
 251  52  251  251  i
 252  36  252  252  i
 253  52  253  253  i
 254  60  254  254  i
 255  65  255  255  i
 256  36  256  256  i
 257  46  257  257  i
 258  73  258  258  i
 259  76  259  259  i
 260  114  260  260  i
 261  86  261  261  i
 262  60  262  262  i
 263  40  263  263  i
 264  50  264  264  i
 265  95  265  265  i
 266  110  266  266  i
 267  136  267  267  i
 268  164  268  268  i
 269  88  269  269  i
 270  54  270  270  i
 271  81  271  271  i
 272  115  272  272  i
 273  172  273  273  i
 274  218  274  274  i
 275  235  275  275  i
 276  193  276  276  i
 277  99  277  277  i
 278  230  278  278  i
 279  261  279  279  i
 280  312  280  280  i
 281  328  281  281  i
 282  510  282  282  i
 283  266  283  283  i
 284  210  284  284  i
 285  258  285  285  i
 286  455  286  286  i
 287  504  287  287  i
 288  524  288  288  i
 289  634  289  289  i
 290  498  290  290  i
 291  341  291  291  i
 292  511  292  292  i
 293  756  293  293  i
 294  836  294  294  i
 295  816  295  295  i
 296  908  296  296  i
 297  806  297  297  i
 298  522  298  298  i
 299  697  299  299  i
 300  943  300  300  i
 301  834  301  301  i
 302  886  302  302  i
 303  988  303  303  i
 304  731  304  304  i
 305  478  305  305  i
 306  737  306  306  i
 307  880  307  307  i
 308  1098  308  308  i
 309  1024  309  309  i
 310  973  310  310  i
 311  609  311  311  i
 312  326  312  312  i
 313  503  313  313  i
 314  719  314  314  i
 315  771  315  315  i
 316  747  316  316  i
 317  668  317  317  i
 318  344  318  318  i
 319  149  319  319  i
 320  473  320  320  i
 321  326  321  321  i
 322  442  322  322  i
 323  491  323  323  i
 324  455  324  324  i
 325  286  325  325  i
 326  114  326  326  i
 327  379  327  327  i
 328  473  328  328  i
 329  411  329  329  i
 330  363  330  330  i
 331  359  331  331  i
 332  228  332  332  i
 333  108  333  333  i
 334  302  334  334  i
 335  411  335  335  i
 336  354  336  336  i
 337  355  337  337  i
 338  342  338  338  i
 339  281  339  339  i
 340  101  340  340  i
 341  346  341  341  i
 342  434  342  342  i
 343  450  343  343  i
 344  436  344  344  i
 345  442  345  345  i
 346  252  346  346  i
 347  147  347  347  i
 348  407  348  348  i
 349  514  349  349  i
 350  598  350  350  i
 351  498  351  351  i
 352  612  352  352  i
 353  316  353  353  i
 354  247  354  354  i
 355  578  355  355  i
 356  740  356  356  i
 357  893  357  357  i
 358  281  358  358  i
 359  229  359  359  i
 360  258  360  360  i
 361  291  361  361  i
 362  824  362  362  i
 363  1165  363  363  i
 364  1264  364  364  i
 365  1070  365  365  i
 366  326  366  366  i
 367  507  367  367  i
 368  510  368  368  i
 369  1129  369  369  i
 370  1445  370  370  i
 371  1434  371  371  i
 372  1352  372  372  i
 373  1173  373  373  i
 374  764  374  374  i
 375  355  375  375  i
 376  805  376  376  i
 377  937  377  377  i
 378  921  378  378  i
 379  685  379  379  i
 380  795  380  380  i
 381  431  381  381  i
 382  229  382  382  i
 383  583  383  383  i
 384  687  384  384  i
 385  646  385  385  i
 386  569  386  386  i
 387  636  387  387  i
 388  306  388  388  i
 389  177  389  389  i
 390  535  390  390  i
 391  616  391  391  i
 392  638  392  392  i
 393  583  393  393  i
 394  580  394  394  i
 395  293  395  395  i
 396  201  396  396  i
 397  538  397  397  i
 398  598  398  398  i
 399  635  399  399  i
 400  609  400  400  i
 401  648  401  401  i
 402  335  402  402  i
 403  212  403  403  i
 404  482  404  404  i
 405  654  405  405  i
 406  634  406  406  i
 407  625  407  407  i
 408  622  408  408  i
 409  331  409  409  i
 410  201  410  410  i
 411  569  411  411  i
 412  825  412  412  i
 413  683  413  413  i
 414  747  414  414  i
 415  781  415  415  i
 416  426  416  416  i
 417  267  417  417  i
 418  757  418  418  i
 419  971  419  419  i
 420  887  420  420  i
 421  939  421  421  i
 422  974  422  422  i
 423  505  423  423  i
 424  327  424  424  i
 425  902  425  425  i
 426  1103  426  426  i
 427  1016  427  427  i
 428  972  428  428  i
 429  912  429  429  i
 430  609  430  430  i
 431  285  431  431  i
 432  702  432  432  i
 433  888  433  433  i
 434  959  434  434  i
 435  770  435  435  i
 436  1081  436  436  i
 437  471  437  437  i
 438  279  438  438  i
 439  787  439  439  i
 440  973  440  440  i
 441  879  441  441  i
 442  799  442  442  i
 443  700  443  443  i
 444  393  444  444  i
 445  211  445  445  i
 446  608  446  446  i
 447  804  447  447  i
 448  660  448  448  i
 449  588  449  449  i
 450  584  450  450  i
 451  328  451  451  i
 452  167  452  452  i
 453  527  453  453  i
 454  629  454  454  i
 455  577  455  455  i
 456  484  456  456  i
 457  261  457  457  i
 458  174  458  458  i
 459  160  459  459  i
 460  127  460  460  i
 461  406  461  461  i
 462  477  462  462  i
 463  386  463  463  i
 464  338  464  464  i
 465  176  465  465  i
 466  87  466  466  i
 467  287  467  467  i
 468  315  468  468  i
 469  273  469  469  i
 470  237  470  470  i
 471  231  471  471  i
 472  109  472  472  i
 473  71  473  473  i
 474  204  474  474  i
 475  215  475  475  i
 476  183  476  476  i
 477  183  477  477  i
 478  141  478  478  i
 479  77  479  479  i
 480  68  480  480  i


