
# Curve 0 of 1, 320 points
# Curve title: "reported deaths"
# x y xlow xhigh type
-1  19824 -1 -1  i
 84  3  84  84  i
 86  1  86  86  i
 87  4  87  87  i
 88  3  88  88  i
 89  1  89  89  i
 90  3  90  90  i
 91  4  91  91  i
 92  3  92  92  i
 93  3  93  93  i
 94  4  94  94  i
 95  1  95  95  i
 96  6  96  96  i
 97  3  97  97  i
 98  5  98  98  i
 99  5  99  99  i
 100  3  100  100  i
 101  4  101  101  i
 102  5  102  102  i
 103  2  103  103  i
 104  1  104  104  i
 107  6  107  107  i
 108  2  108  108  i
 109  5  109  109  i
 110  3  110  110  i
 111  3  111  111  i
 113  4  113  113  i
 114  2  114  114  i
 115  2  115  115  i
 116  1  116  116  i
 118  1  118  118  i
 119  3  119  119  i
 120  4  120  120  i
 121  4  121  121  i
 124  1  124  124  i
 126  2  126  126  i
 128  3  128  128  i
 132  1  132  132  i
 135  1  135  135  i
 137  2  137  137  i
 139  1  139  139  i
 140  2  140  140  i
 141  1  141  141  i
 142  1  142  142  i
 143  1  143  143  i
 146  1  146  146  i
 148  2  148  148  i
 152  1  152  152  i
 154  1  154  154  i
 158  1  158  158  i
 166  1  166  166  i
 181  1  181  181  i
 198  1  198  198  i
 203  2  203  203  i
 205  2  205  205  i
 206  1  206  206  i
 207  1  207  207  i
 208  1  208  208  i
 209  1  209  209  i
 210  1  210  210  i
 211  1  211  211  i
 212  1  212  212  i
 214  1  214  214  i
 215  1  215  215  i
 218  1  218  218  i
 223  2  223  223  i
 226  1  226  226  i
 228  1  228  228  i
 229  1  229  229  i
 231  3  231  231  i
 235  1  235  235  i
 241  1  241  241  i
 242  1  242  242  i
 246  1  246  246  i
 248  2  248  248  i
 249  1  249  249  i
 250  1  250  250  i
 252  1  252  252  i
 253  2  253  253  i
 255  3  255  255  i
 256  2  256  256  i
 257  1  257  257  i
 258  3  258  258  i
 259  4  259  259  i
 260  5  260  260  i
 261  3  261  261  i
 262  2  262  262  i
 263  4  263  263  i
 264  8  264  264  i
 265  4  265  265  i
 266  9  266  266  i
 267  5  267  267  i
 268  3  268  268  i
 269  5  269  269  i
 270  8  270  270  i
 271  3  271  271  i
 272  5  272  272  i
 273  9  273  273  i
 274  12  274  274  i
 275  6  275  275  i
 276  6  276  276  i
 277  13  277  277  i
 278  13  278  278  i
 279  12  279  279  i
 280  22  280  280  i
 281  13  281  281  i
 282  21  282  282  i
 283  19  283  283  i
 284  21  284  284  i
 285  25  285  285  i
 286  19  286  286  i
 287  22  287  287  i
 288  20  288  288  i
 289  37  289  289  i
 290  39  290  290  i
 291  30  291  291  i
 292  54  292  292  i
 293  49  293  293  i
 294  53  294  294  i
 295  47  295  295  i
 296  48  296  296  i
 297  49  297  297  i
 298  68  298  298  i
 299  59  299  299  i
 300  85  300  300  i
 301  44  301  301  i
 302  64  302  302  i
 303  76  303  303  i
 304  77  304  304  i
 305  85  305  305  i
 306  93  306  306  i
 307  108  307  307  i
 308  96  308  308  i
 309  80  309  309  i
 310  84  310  310  i
 311  81  311  311  i
 312  75  312  312  i
 313  63  313  313  i
 314  81  314  314  i
 315  71  315  315  i
 316  70  316  316  i
 317  60  317  317  i
 318  71  318  318  i
 319  53  319  319  i
 320  56  320  320  i
 321  57  321  321  i
 322  59  322  322  i
 323  53  323  323  i
 324  34  324  324  i
 325  42  325  325  i
 326  44  326  326  i
 327  47  327  327  i
 328  57  328  328  i
 329  50  329  329  i
 330  46  330  330  i
 331  53  331  331  i
 332  33  332  332  i
 333  34  333  333  i
 334  36  334  334  i
 335  36  335  335  i
 336  41  336  336  i
 337  36  337  337  i
 338  31  338  338  i
 339  36  339  339  i
 340  30  340  340  i
 341  35  341  341  i
 342  30  342  342  i
 343  31  343  343  i
 344  55  344  344  i
 345  40  345  345  i
 346  34  346  346  i
 347  44  347  347  i
 348  58  348  348  i
 349  28  349  349  i
 350  38  350  350  i
 351  43  351  351  i
 352  37  352  352  i
 353  47  353  353  i
 354  36  354  354  i
 355  30  355  355  i
 356  36  356  356  i
 357  39  357  357  i
 358  37  358  358  i
 359  38  359  359  i
 360  48  360  360  i
 361  33  361  361  i
 362  53  362  362  i
 363  50  363  363  i
 364  57  364  364  i
 365  50  365  365  i
 366  66  366  366  i
 367  71  367  367  i
 368  64  368  368  i
 369  59  369  369  i
 370  73  370  370  i
 371  52  371  371  i
 372  80  372  372  i
 373  77  373  373  i
 374  53  374  374  i
 375  68  375  375  i
 376  57  376  376  i
 377  63  377  377  i
 378  60  378  378  i
 379  68  379  379  i
 380  67  380  380  i
 381  59  381  381  i
 382  67  382  382  i
 383  56  383  383  i
 384  53  384  384  i
 385  49  385  385  i
 386  60  386  386  i
 387  39  387  387  i
 388  43  388  388  i
 389  54  389  389  i
 390  53  390  390  i
 391  46  391  391  i
 392  62  392  392  i
 393  42  393  393  i
 394  51  394  394  i
 395  44  395  395  i
 396  42  396  396  i
 397  44  397  397  i
 398  49  398  398  i
 399  45  399  399  i
 400  47  400  400  i
 401  34  401  401  i
 402  41  402  402  i
 403  38  403  403  i
 404  45  404  404  i
 405  48  405  405  i
 406  37  406  406  i
 407  43  407  407  i
 408  39  408  408  i
 409  46  409  409  i
 410  35  410  410  i
 411  38  411  411  i
 412  42  412  412  i
 413  38  413  413  i
 414  54  414  414  i
 415  55  415  415  i
 416  60  416  416  i
 417  45  417  417  i
 418  40  418  418  i
 419  46  419  419  i
 420  44  420  420  i
 421  62  421  421  i
 422  54  422  422  i
 423  64  423  423  i
 424  62  424  424  i
 425  57  425  425  i
 426  50  426  426  i
 427  60  427  427  i
 428  65  428  428  i
 429  47  429  429  i
 430  79  430  430  i
 431  61  431  431  i
 432  58  432  432  i
 433  79  433  433  i
 434  65  434  434  i
 435  68  435  435  i
 436  63  436  436  i
 437  45  437  437  i
 438  53  438  438  i
 439  59  439  439  i
 440  74  440  440  i
 441  57  441  441  i
 442  68  442  442  i
 443  39  443  443  i
 444  48  444  444  i
 445  56  445  445  i
 446  47  446  446  i
 447  46  447  447  i
 448  49  448  448  i
 449  39  449  449  i
 450  31  450  450  i
 451  47  451  451  i
 452  29  452  452  i
 453  41  453  453  i
 454  46  454  454  i
 455  41  455  455  i
 456  38  456  456  i
 457  24  457  457  i
 458  27  458  458  i
 459  41  459  459  i
 460  29  460  460  i
 461  31  461  461  i
 462  29  462  462  i
 463  35  463  463  i
 464  20  464  464  i
 465  31  465  465  i
 466  23  466  466  i
 467  16  467  467  i
 468  15  468  468  i
 469  21  469  469  i
 470  19  470  470  i
 471  12  471  471  i
 472  23  472  472  i
 473  25  473  473  i
 474  16  474  474  i
 475  10  475  475  i
 476  20  476  476  i
 477  11  477  477  i
 478  14  478  478  i
 479  16  479  479  i
 480  12  480  480  i
 481  16  481  481  i
 482  9  482  482  i
 483  10  483  483  i
 484  9  484  484  i
 485  12  485  485  i
 486  7  486  486  i
 487  9  487  487  i
 488  10  488  488  i
 489  3  489  489  i
 490  9  490  490  i
 491  11  491  491  i
 492  6  492  492  i
 493  2  493  493  i
 494  9  494  494  i


