
# Curve 0 of 1, 139 points
# Curve title: "1st dose"
# x y xlow xhigh type
-1  2.69968e+06 -1 -1  i
 361  228  361  361  i
 362  444  362  362  i
 363  598  363  363  i
 364  575  364  364  i
 365  223  365  365  i
 366  44  366  366  i
 367  235  367  367  i
 368  175  368  368  i
 369  642  369  369  i
 370  832  370  370  i
 371  1007  371  371  i
 372  1291  372  372  i
 373  1528  373  373  i
 374  286  374  374  i
 375  269  375  375  i
 376  1537  376  376  i
 377  1960  377  377  i
 378  1895  378  378  i
 379  1911  379  379  i
 380  1653  380  380  i
 381  206  381  381  i
 382  119  382  382  i
 383  1089  383  383  i
 384  879  384  384  i
 385  884  385  385  i
 386  888  386  386  i
 387  717  387  387  i
 388  88  388  388  i
 389  38  389  389  i
 390  486  390  390  i
 391  468  391  391  i
 392  476  392  392  i
 393  398  393  393  i
 394  243  394  394  i
 395  16  395  395  i
 396  11  396  396  i
 397  224  397  397  i
 398  216  398  398  i
 399  229  399  399  i
 400  216  400  400  i
 401  231  401  401  i
 402  6  402  402  i
 403  10  403  403  i
 404  197  404  404  i
 405  245  405  405  i
 406  344  406  406  i
 407  382  407  407  i
 408  329  408  408  i
 409  68  409  409  i
 410  31  410  410  i
 411  349  411  411  i
 412  366  412  412  i
 413  520  413  413  i
 414  538  414  414  i
 415  654  415  415  i
 416  112  416  416  i
 417  35  417  417  i
 418  549  418  418  i
 419  860  419  419  i
 420  879  420  420  i
 421  1105  421  421  i
 422  953  422  422  i
 423  139  423  423  i
 424  133  424  424  i
 425  1253  425  425  i
 426  1481  426  426  i
 427  1603  427  427  i
 428  1419  428  428  i
 429  1393  429  429  i
 430  590  430  430  i
 431  581  431  431  i
 432  1343  432  432  i
 433  1549  433  433  i
 434  1663  434  434  i
 435  1984  435  435  i
 436  1598  436  436  i
 437  567  437  437  i
 438  428  438  438  i
 439  1135  439  439  i
 440  1681  440  440  i
 441  1421  441  441  i
 442  1329  442  442  i
 443  1543  443  443  i
 444  643  444  444  i
 445  307  445  445  i
 446  834  446  446  i
 447  1035  447  447  i
 448  1125  448  448  i
 449  1145  449  449  i
 450  1540  450  450  i
 451  407  451  451  i
 452  332  452  452  i
 453  812  453  453  i
 454  1025  454  454  i
 455  1062  455  455  i
 456  1303  456  456  i
 457  374  457  457  i
 458  252  458  458  i
 459  90  459  459  i
 460  114  460  460  i
 461  577  461  461  i
 462  893  462  462  i
 463  1623  463  463  i
 464  2124  464  464  i
 465  982  465  465  i
 466  431  466  466  i
 467  1433  467  467  i
 468  1351  468  468  i
 469  1430  469  469  i
 470  2086  470  470  i
 471  2620  471  471  i
 472  1176  472  472  i
 473  1015  473  473  i
 474  2326  474  474  i
 475  2006  475  475  i
 476  2155  476  476  i
 477  2230  477  477  i
 478  3169  478  478  i
 479  851  479  479  i
 480  715  480  480  i
 481  1769  481  481  i
 482  1471  482  482  i
 483  1759  483  483  i
 484  1855  484  484  i
 485  2402  485  485  i
 486  618  486  486  i
 487  588  487  487  i
 488  1910  488  488  i
 489  2131  489  489  i
 490  2469  490  490  i
 491  2883  491  491  i
 492  3361  492  492  i
 493  1337  493  493  i
 494  989  494  494  i
 495  2675  495  495  i
 496  2743  496  496  i
 497  2227  497  497  i


