
# Curve 0 of 1, 139 points
# Curve title: "1st dose"
# x y xlow xhigh type
-1  2.56671e+06 -1 -1  i
 361  345  361  361  i
 362  620  362  362  i
 363  887  363  363  i
 364  935  364  364  i
 365  319  365  365  i
 366  86  366  366  i
 367  397  367  367  i
 368  287  368  368  i
 369  1093  369  369  i
 370  1340  370  370  i
 371  1766  371  371  i
 372  2151  372  372  i
 373  2747  373  373  i
 374  477  374  374  i
 375  427  375  375  i
 376  2772  376  376  i
 377  3402  377  377  i
 378  3161  378  378  i
 379  3456  379  379  i
 380  3002  380  380  i
 381  423  381  381  i
 382  182  382  382  i
 383  2044  383  383  i
 384  1856  384  384  i
 385  1718  385  385  i
 386  1837  386  386  i
 387  1553  387  387  i
 388  166  388  388  i
 389  81  389  389  i
 390  835  390  390  i
 391  928  391  391  i
 392  890  392  392  i
 393  652  393  393  i
 394  617  394  394  i
 395  26  395  395  i
 396  25  396  396  i
 397  324  397  397  i
 398  389  398  398  i
 399  443  399  399  i
 400  383  400  400  i
 401  479  401  401  i
 402  15  402  402  i
 403  13  403  403  i
 404  332  404  404  i
 405  524  405  405  i
 406  694  406  406  i
 407  710  407  407  i
 408  677  408  408  i
 409  132  409  409  i
 410  56  410  410  i
 411  599  411  411  i
 412  675  412  412  i
 413  836  413  413  i
 414  1005  414  414  i
 415  1126  415  415  i
 416  175  416  416  i
 417  74  417  417  i
 418  850  418  418  i
 419  1249  419  419  i
 420  1299  420  420  i
 421  1803  421  421  i
 422  1587  422  422  i
 423  267  423  423  i
 424  257  424  424  i
 425  2327  425  425  i
 426  3160  426  426  i
 427  3531  427  427  i
 428  3158  428  428  i
 429  2922  429  429  i
 430  1185  430  430  i
 431  1387  431  431  i
 432  2776  432  432  i
 433  3637  433  433  i
 434  3012  434  434  i
 435  3587  435  435  i
 436  3575  436  436  i
 437  1552  437  437  i
 438  1019  438  438  i
 439  2404  439  439  i
 440  3615  440  440  i
 441  2881  441  441  i
 442  2762  442  442  i
 443  3073  443  443  i
 444  1160  444  444  i
 445  538  445  445  i
 446  2014  446  446  i
 447  2080  447  447  i
 448  2156  448  448  i
 449  2300  449  449  i
 450  2752  450  450  i
 451  582  451  451  i
 452  703  452  452  i
 453  1714  453  453  i
 454  2456  454  454  i
 455  2063  455  455  i
 456  2285  456  456  i
 457  614  457  457  i
 458  369  458  458  i
 459  202  459  459  i
 460  136  460  460  i
 461  1160  461  461  i
 462  1938  462  462  i
 463  2887  463  463  i
 464  3765  464  464  i
 465  1933  465  465  i
 466  1018  466  466  i
 467  2962  467  467  i
 468  3149  468  468  i
 469  3088  469  469  i
 470  4057  470  470  i
 471  5715  471  471  i
 472  2197  472  472  i
 473  1683  473  473  i
 474  4444  474  474  i
 475  3983  475  475  i
 476  3978  476  476  i
 477  4380  477  477  i
 478  5500  478  478  i
 479  1725  479  479  i
 480  1182  480  480  i
 481  3006  481  481  i
 482  2602  482  482  i
 483  3298  483  483  i
 484  3640  484  484  i
 485  4628  485  485  i
 486  1226  486  486  i
 487  1081  487  487  i
 488  3877  488  488  i
 489  4360  489  489  i
 490  4574  490  490  i
 491  5776  491  491  i
 492  6171  492  492  i
 493  2220  493  493  i
 494  1574  494  494  i
 495  4678  495  495  i
 496  6222  496  496  i
 497  12722  497  497  i


