
# Curve 0 of 1, 133 points
# Curve title: "2nd dose"
# x y xlow xhigh type
-1  909773 -1 -1  i
 361  0  361  361  i
 362  0  362  362  i
 363  0  363  363  i
 364  0  364  364  i
 365  0  365  365  i
 366  0  366  366  i
 367  0  367  367  i
 368  0  368  368  i
 369  0  369  369  i
 370  0  370  370  i
 371  0  371  371  i
 372  0  372  372  i
 373  0  373  373  i
 374  0  374  374  i
 375  0  375  375  i
 376  0  376  376  i
 377  0  377  377  i
 378  0  378  378  i
 379  0  379  379  i
 380  0  380  380  i
 381  0  381  381  i
 382  188  382  382  i
 383  474  383  383  i
 384  694  384  384  i
 385  689  385  385  i
 386  479  386  386  i
 387  282  387  387  i
 388  265  388  388  i
 389  262  389  389  i
 390  946  390  390  i
 391  1217  391  391  i
 392  1391  392  392  i
 393  1719  393  393  i
 394  2240  394  394  i
 395  265  395  395  i
 396  261  396  396  i
 397  2226  397  397  i
 398  2747  398  398  i
 399  2809  399  399  i
 400  3099  400  400  i
 401  2505  401  401  i
 402  332  402  402  i
 403  270  403  403  i
 404  2156  404  404  i
 405  1987  405  405  i
 406  1844  406  406  i
 407  2087  407  407  i
 408  1845  408  408  i
 409  205  409  409  i
 410  45  410  410  i
 411  1075  411  411  i
 412  917  412  412  i
 413  899  413  413  i
 414  941  414  414  i
 415  729  415  415  i
 416  34  416  416  i
 417  35  417  417  i
 418  500  418  418  i
 419  626  419  419  i
 420  597  420  420  i
 421  558  421  421  i
 422  585  422  422  i
 423  14  423  423  i
 424  14  424  424  i
 425  287  425  425  i
 426  351  426  426  i
 427  522  427  427  i
 428  454  428  428  i
 429  509  429  429  i
 430  24  430  430  i
 431  16  431  431  i
 432  415  432  432  i
 433  601  433  433  i
 434  730  434  434  i
 435  923  435  435  i
 436  971  436  436  i
 437  54  437  437  i
 438  69  438  438  i
 439  775  439  439  i
 440  853  440  440  i
 441  915  441  441  i
 442  1081  442  442  i
 443  1305  443  443  i
 444  148  444  444  i
 445  95  445  445  i
 446  1297  446  446  i
 447  1319  447  447  i
 448  1617  448  448  i
 449  1729  449  449  i
 450  1901  450  450  i
 451  340  451  451  i
 452  343  452  452  i
 453  2093  453  453  i
 454  2329  454  454  i
 455  2591  455  455  i
 456  2978  456  456  i
 457  1179  457  457  i
 458  1028  458  458  i
 459  957  459  459  i
 460  684  460  460  i
 461  3065  461  461  i
 462  2078  462  462  i
 463  2602  463  463  i
 464  3069  464  464  i
 465  1129  465  465  i
 466  692  466  466  i
 467  2270  467  467  i
 468  2857  468  468  i
 469  2551  469  469  i
 470  2418  470  470  i
 471  3424  471  471  i
 472  837  472  472  i
 473  419  473  473  i
 474  1525  474  474  i
 475  1472  475  475  i
 476  1475  476  476  i
 477  1971  477  477  i
 478  1425  478  478  i
 479  429  479  479  i
 480  599  480  480  i
 481  734  481  481  i
 482  1452  482  482  i
 483  1547  483  483  i
 484  1750  484  484  i
 485  1242  485  485  i
 486  320  486  486  i
 487  254  487  487  i
 488  403  488  488  i
 489  661  489  489  i
 490  655  490  490  i
 491  820  491  491  i


