
# Curve 0 of 1, 168 points
# Curve title: "2nd dose"
# x y xlow xhigh type
-1  1.69368e+06 -1 -1  i
 361  0  361  361  i
 362  0  362  362  i
 363  0  363  363  i
 364  0  364  364  i
 365  0  365  365  i
 366  0  366  366  i
 367  0  367  367  i
 368  0  368  368  i
 369  0  369  369  i
 370  0  370  370  i
 371  0  371  371  i
 372  0  372  372  i
 373  0  373  373  i
 374  0  374  374  i
 375  0  375  375  i
 376  0  376  376  i
 377  0  377  377  i
 378  0  378  378  i
 379  0  379  379  i
 380  0  380  380  i
 381  1  381  381  i
 382  126  382  382  i
 383  347  383  383  i
 384  535  384  384  i
 385  543  385  385  i
 386  373  386  386  i
 387  219  387  387  i
 388  209  388  388  i
 389  202  389  389  i
 390  667  390  390  i
 391  977  391  391  i
 392  1119  392  392  i
 393  1366  393  393  i
 394  1774  394  394  i
 395  227  395  395  i
 396  226  396  396  i
 397  1703  397  397  i
 398  2128  398  398  i
 399  2367  399  399  i
 400  2682  400  400  i
 401  2262  401  401  i
 402  281  402  402  i
 403  244  403  403  i
 404  1837  404  404  i
 405  1708  405  405  i
 406  1822  406  406  i
 407  1890  407  407  i
 408  1613  408  408  i
 409  239  409  409  i
 410  54  410  410  i
 411  980  411  411  i
 412  951  412  412  i
 413  965  413  413  i
 414  922  414  414  i
 415  751  415  415  i
 416  27  416  416  i
 417  39  417  417  i
 418  558  418  418  i
 419  640  419  419  i
 420  521  420  420  i
 421  468  421  421  i
 422  521  422  422  i
 423  19  423  423  i
 424  20  424  424  i
 425  238  425  425  i
 426  322  426  426  i
 427  447  427  427  i
 428  396  428  428  i
 429  469  429  429  i
 430  20  430  430  i
 431  23  431  431  i
 432  370  432  432  i
 433  487  433  433  i
 434  688  434  434  i
 435  908  435  435  i
 436  959  436  436  i
 437  72  437  437  i
 438  159  438  438  i
 439  737  439  439  i
 440  772  440  440  i
 441  916  441  441  i
 442  1015  442  442  i
 443  1159  443  443  i
 444  120  444  444  i
 445  87  445  445  i
 446  1582  446  446  i
 447  1641  447  447  i
 448  1931  448  448  i
 449  2000  449  449  i
 450  2113  450  450  i
 451  632  451  451  i
 452  538  452  452  i
 453  2424  453  453  i
 454  2790  454  454  i
 455  2850  455  455  i
 456  3300  456  456  i
 457  1270  457  457  i
 458  1193  458  458  i
 459  972  459  459  i
 460  719  460  460  i
 461  3436  461  461  i
 462  2594  462  462  i
 463  2622  463  463  i
 464  3179  464  464  i
 465  1230  465  465  i
 466  945  466  466  i
 467  2323  467  467  i
 468  2831  468  468  i
 469  2632  469  469  i
 470  2387  470  470  i
 471  3243  471  471  i
 472  1406  472  472  i
 473  382  473  473  i
 474  1471  474  474  i
 475  1572  475  475  i
 476  1340  476  476  i
 477  1923  477  477  i
 478  1284  478  478  i
 479  372  479  479  i
 480  528  480  480  i
 481  710  481  481  i
 482  1324  482  482  i
 483  1420  483  483  i
 484  1559  484  484  i
 485  1178  485  485  i
 486  405  486  486  i
 487  336  487  487  i
 488  442  488  488  i
 489  628  489  489  i
 490  752  490  490  i
 491  887  491  491  i
 492  1022  492  492  i
 493  190  493  493  i
 494  210  494  494  i
 495  574  495  495  i
 496  533  496  496  i
 497  631  497  497  i
 498  640  498  498  i
 499  834  499  499  i
 500  273  500  500  i
 501  86  501  501  i
 502  625  502  502  i
 503  1269  503  503  i
 504  1703  504  504  i
 505  2332  505  505  i
 506  2959  506  506  i
 507  1285  507  507  i
 508  789  508  508  i
 509  3347  509  509  i
 510  4623  510  510  i
 511  4025  511  511  i
 512  5199  512  512  i
 513  5778  513  513  i
 514  2554  514  514  i
 515  1800  515  515  i
 516  5357  516  516  i
 517  5278  517  517  i
 518  5009  518  518  i
 519  5348  519  519  i
 520  6325  520  520  i
 521  1633  521  521  i
 522  1219  522  522  i
 523  3892  523  523  i
 524  3546  524  524  i
 525  4093  525  525  i
 526  5703  526  526  i


