
# Curve 0 of 1, 133 points
# Curve title: "2nd dose"
# x y xlow xhigh type
-1  941651 -1 -1  i
 361  0  361  361  i
 362  0  362  362  i
 363  0  363  363  i
 364  0  364  364  i
 365  0  365  365  i
 366  0  366  366  i
 367  0  367  367  i
 368  0  368  368  i
 369  0  369  369  i
 370  0  370  370  i
 371  0  371  371  i
 372  0  372  372  i
 373  0  373  373  i
 374  0  374  374  i
 375  0  375  375  i
 376  0  376  376  i
 377  0  377  377  i
 378  0  378  378  i
 379  0  379  379  i
 380  0  380  380  i
 381  0  381  381  i
 382  82  382  382  i
 383  265  383  383  i
 384  344  384  384  i
 385  360  385  385  i
 386  220  386  386  i
 387  108  387  387  i
 388  114  388  388  i
 389  105  389  389  i
 390  371  390  390  i
 391  479  391  391  i
 392  566  392  392  i
 393  762  393  393  i
 394  989  394  394  i
 395  189  395  395  i
 396  191  396  396  i
 397  1062  397  397  i
 398  1349  398  398  i
 399  1411  399  399  i
 400  1694  400  400  i
 401  1492  401  401  i
 402  233  402  402  i
 403  170  403  403  i
 404  1336  404  404  i
 405  1253  405  405  i
 406  1331  406  406  i
 407  1450  407  407  i
 408  1164  408  408  i
 409  182  409  409  i
 410  56  410  410  i
 411  706  411  411  i
 412  709  412  412  i
 413  646  413  413  i
 414  702  414  414  i
 415  502  415  415  i
 416  30  416  416  i
 417  23  417  417  i
 418  387  418  418  i
 419  548  419  419  i
 420  391  420  420  i
 421  356  421  421  i
 422  350  422  422  i
 423  23  423  423  i
 424  17  424  424  i
 425  194  425  425  i
 426  237  426  426  i
 427  311  427  427  i
 428  281  428  428  i
 429  420  429  429  i
 430  11  430  430  i
 431  20  431  431  i
 432  259  432  432  i
 433  368  433  433  i
 434  452  434  434  i
 435  768  435  435  i
 436  715  436  436  i
 437  93  437  437  i
 438  124  438  438  i
 439  586  439  439  i
 440  648  440  440  i
 441  746  441  441  i
 442  771  442  442  i
 443  956  443  443  i
 444  87  444  444  i
 445  69  445  445  i
 446  1362  446  446  i
 447  1492  447  447  i
 448  1876  448  448  i
 449  1930  449  449  i
 450  1639  450  450  i
 451  356  451  451  i
 452  332  452  452  i
 453  2069  453  453  i
 454  2276  454  454  i
 455  2147  455  455  i
 456  2654  456  456  i
 457  767  457  457  i
 458  817  458  458  i
 459  557  459  459  i
 460  522  460  460  i
 461  2251  461  461  i
 462  1571  462  462  i
 463  1685  463  463  i
 464  2033  464  464  i
 465  625  465  465  i
 466  411  466  466  i
 467  1325  467  467  i
 468  1438  468  468  i
 469  1572  469  469  i
 470  1482  470  470  i
 471  2295  471  471  i
 472  655  472  472  i
 473  428  473  473  i
 474  1489  474  474  i
 475  1437  475  475  i
 476  1729  476  476  i
 477  1998  477  477  i
 478  1358  478  478  i
 479  395  479  479  i
 480  379  480  480  i
 481  995  481  481  i
 482  1316  482  482  i
 483  1512  483  483  i
 484  1465  484  484  i
 485  880  485  485  i
 486  369  486  486  i
 487  252  487  487  i
 488  418  488  488  i
 489  944  489  489  i
 490  1067  490  490  i
 491  1399  491  491  i


