
# Curve 0 of 1, 130 points
# Curve title: "2nd dose"
# x y xlow xhigh type
-1  673112 -1 -1  i
 361  0  361  361  i
 362  0  362  362  i
 363  0  363  363  i
 364  0  364  364  i
 365  0  365  365  i
 366  0  366  366  i
 367  0  367  367  i
 368  0  368  368  i
 369  0  369  369  i
 370  0  370  370  i
 371  0  371  371  i
 372  0  372  372  i
 373  0  373  373  i
 374  0  374  374  i
 375  0  375  375  i
 376  0  376  376  i
 377  0  377  377  i
 378  0  378  378  i
 379  0  379  379  i
 380  0  380  380  i
 381  0  381  381  i
 382  18  382  382  i
 383  74  383  383  i
 384  142  384  384  i
 385  131  385  385  i
 386  91  386  386  i
 387  61  387  387  i
 388  29  388  388  i
 389  27  389  389  i
 390  77  390  390  i
 391  105  391  391  i
 392  115  392  392  i
 393  259  393  393  i
 394  379  394  394  i
 395  107  395  395  i
 396  118  396  396  i
 397  391  397  397  i
 398  632  398  398  i
 399  908  399  399  i
 400  1040  400  400  i
 401  802  401  401  i
 402  129  402  402  i
 403  126  403  403  i
 404  673  404  404  i
 405  776  405  405  i
 406  1003  406  406  i
 407  1194  407  407  i
 408  893  408  408  i
 409  265  409  409  i
 410  49  410  410  i
 411  547  411  411  i
 412  642  412  412  i
 413  602  413  413  i
 414  557  414  414  i
 415  506  415  415  i
 416  16  416  416  i
 417  15  417  417  i
 418  329  418  418  i
 419  376  419  419  i
 420  343  420  420  i
 421  298  421  421  i
 422  195  422  422  i
 423  21  423  423  i
 424  22  424  424  i
 425  166  425  425  i
 426  224  426  426  i
 427  257  427  427  i
 428  297  428  428  i
 429  417  429  429  i
 430  14  430  430  i
 431  30  431  431  i
 432  316  432  432  i
 433  338  433  433  i
 434  378  434  434  i
 435  587  435  435  i
 436  662  436  436  i
 437  81  437  437  i
 438  72  438  438  i
 439  544  439  439  i
 440  619  440  440  i
 441  694  441  441  i
 442  661  442  442  i
 443  1055  443  443  i
 444  72  444  444  i
 445  74  445  445  i
 446  1236  446  446  i
 447  2033  447  447  i
 448  3309  448  448  i
 449  3701  449  449  i
 450  4482  450  450  i
 451  1847  451  451  i
 452  1563  452  452  i
 453  7449  453  453  i
 454  8658  454  454  i
 455  12179  455  455  i
 456  15129  456  456  i
 457  7261  457  457  i
 458  5782  458  458  i
 459  4444  459  459  i
 460  3883  460  460  i
 461  14431  461  461  i
 462  11548  462  462  i
 463  18480  463  463  i
 464  16272  464  464  i
 465  10039  465  465  i
 466  6636  466  466  i
 467  15635  467  467  i
 468  14940  468  468  i
 469  16875  469  469  i
 470  15250  470  470  i
 471  12073  471  471  i
 472  4819  472  472  i
 473  2976  473  473  i
 474  8374  474  474  i
 475  8760  475  475  i
 476  7089  476  476  i
 477  8366  477  477  i
 478  5149  478  478  i
 479  3116  479  479  i
 480  1898  480  480  i
 481  3172  481  481  i
 482  5392  482  482  i
 483  5707  483  483  i
 484  6393  484  484  i
 485  3224  485  485  i
 486  1796  486  486  i
 487  1043  487  487  i
 488  1769  488  488  i


