
# Curve 0 of 1, 133 points
# Curve title: "1st dose"
# x y xlow xhigh type
-1  1.73583e+06 -1 -1  i
 361  67  361  361  i
 362  105  362  362  i
 363  153  363  363  i
 364  158  364  364  i
 365  111  365  365  i
 366  8  366  366  i
 367  39  367  367  i
 368  29  368  368  i
 369  128  369  369  i
 370  147  370  370  i
 371  233  371  371  i
 372  450  372  372  i
 373  501  373  373  i
 374  179  374  374  i
 375  148  375  375  i
 376  451  376  376  i
 377  900  377  377  i
 378  1198  378  378  i
 379  1417  379  379  i
 380  1232  380  380  i
 381  352  381  381  i
 382  211  382  382  i
 383  923  383  383  i
 384  848  384  384  i
 385  993  385  385  i
 386  1057  386  386  i
 387  802  387  387  i
 388  182  388  388  i
 389  107  389  389  i
 390  459  390  390  i
 391  534  391  391  i
 392  475  392  392  i
 393  344  393  393  i
 394  269  394  394  i
 395  26  395  395  i
 396  29  396  396  i
 397  226  397  397  i
 398  222  398  398  i
 399  231  399  399  i
 400  287  400  400  i
 401  337  401  401  i
 402  28  402  402  i
 403  41  403  403  i
 404  270  404  404  i
 405  349  405  405  i
 406  304  406  406  i
 407  520  407  407  i
 408  566  408  408  i
 409  68  409  409  i
 410  37  410  410  i
 411  401  411  411  i
 412  570  412  412  i
 413  663  413  413  i
 414  794  414  414  i
 415  768  415  415  i
 416  116  416  416  i
 417  48  417  417  i
 418  535  418  418  i
 419  665  419  419  i
 420  1070  420  420  i
 421  1370  421  421  i
 422  1765  422  422  i
 423  292  423  423  i
 424  122  424  424  i
 425  2486  425  425  i
 426  5171  426  426  i
 427  8936  427  427  i
 428  12137  428  428  i
 429  11698  429  429  i
 430  4917  430  430  i
 431  4625  431  431  i
 432  13864  432  432  i
 433  17223  433  433  i
 434  22375  434  434  i
 435  24417  435  435  i
 436  21792  436  436  i
 437  10445  437  437  i
 438  7580  438  438  i
 439  17253  439  439  i
 440  22202  440  440  i
 441  22593  441  441  i
 442  23017  442  442  i
 443  18690  443  443  i
 444  9217  444  444  i
 445  4787  445  445  i
 446  14493  446  446  i
 447  15533  447  447  i
 448  15460  448  448  i
 449  14785  449  449  i
 450  11826  450  450  i
 451  5194  451  451  i
 452  2635  452  452  i
 453  9592  453  453  i
 454  12308  454  454  i
 455  11238  455  455  i
 456  12621  456  456  i
 457  3057  457  457  i
 458  1578  458  458  i
 459  1356  459  459  i
 460  1286  460  460  i
 461  8518  461  461  i
 462  11823  462  462  i
 463  20205  463  463  i
 464  18926  464  464  i
 465  7193  465  465  i
 466  5376  466  466  i
 467  19737  467  467  i
 468  17891  468  468  i
 469  19214  469  469  i
 470  20156  470  470  i
 471  15822  471  471  i
 472  4748  472  472  i
 473  4659  473  473  i
 474  11842  474  474  i
 475  10673  475  475  i
 476  9674  476  476  i
 477  10706  477  477  i
 478  8564  478  478  i
 479  2807  479  479  i
 480  1899  480  480  i
 481  7331  481  481  i
 482  7140  482  482  i
 483  7660  483  483  i
 484  7691  484  484  i
 485  6208  485  485  i
 486  1687  486  486  i
 487  1432  487  487  i
 488  5497  488  488  i
 489  6159  489  489  i
 490  6564  490  490  i
 491  6442  491  491  i


