
# Curve 0 of 1, 139 points
# Curve title: "2nd dose"
# x y xlow xhigh type
-1  815497 -1 -1  i
 361  0  361  361  i
 362  0  362  362  i
 363  0  363  363  i
 364  0  364  364  i
 365  0  365  365  i
 366  0  366  366  i
 367  0  367  367  i
 368  0  368  368  i
 369  0  369  369  i
 370  0  370  370  i
 371  0  371  371  i
 372  0  372  372  i
 373  0  373  373  i
 374  0  374  374  i
 375  0  375  375  i
 376  0  376  376  i
 377  0  377  377  i
 378  0  378  378  i
 379  0  379  379  i
 380  0  380  380  i
 381  0  381  381  i
 382  4  382  382  i
 383  72  383  383  i
 384  275  384  384  i
 385  153  385  385  i
 386  40  386  386  i
 387  80  387  387  i
 388  9  388  388  i
 389  0  389  389  i
 390  20  390  390  i
 391  11  391  391  i
 392  20  392  392  i
 393  288  393  393  i
 394  440  394  394  i
 395  66  395  395  i
 396  81  396  396  i
 397  454  397  397  i
 398  830  398  398  i
 399  964  399  399  i
 400  1554  400  400  i
 401  1310  401  401  i
 402  1044  402  402  i
 403  1378  403  403  i
 404  3443  404  404  i
 405  4561  405  405  i
 406  5643  406  406  i
 407  7870  407  407  i
 408  7669  408  408  i
 409  1912  409  409  i
 410  1124  410  410  i
 411  5048  411  411  i
 412  4919  412  412  i
 413  4346  413  413  i
 414  4059  414  414  i
 415  4120  415  415  i
 416  1023  416  416  i
 417  873  417  417  i
 418  3688  418  418  i
 419  4212  419  419  i
 420  3687  420  420  i
 421  3280  421  421  i
 422  3165  422  422  i
 423  455  423  423  i
 424  451  424  424  i
 425  2156  425  425  i
 426  2060  426  426  i
 427  2488  427  427  i
 428  2824  428  428  i
 429  3075  429  429  i
 430  746  430  430  i
 431  724  431  431  i
 432  3038  432  432  i
 433  4010  433  433  i
 434  3901  434  434  i
 435  4304  435  435  i
 436  4226  436  436  i
 437  919  437  437  i
 438  609  438  438  i
 439  5187  439  439  i
 440  6649  440  440  i
 441  6122  441  441  i
 442  7681  442  442  i
 443  7724  443  443  i
 444  1397  444  444  i
 445  1105  445  445  i
 446  5687  446  446  i
 447  5567  447  447  i
 448  5621  448  448  i
 449  7174  449  449  i
 450  5652  450  450  i
 451  1304  451  451  i
 452  1055  452  452  i
 453  4796  453  453  i
 454  3995  454  454  i
 455  4695  455  455  i
 456  5010  456  456  i
 457  1396  457  457  i
 458  1235  458  458  i
 459  1179  459  459  i
 460  762  460  460  i
 461  2946  461  461  i
 462  2307  462  462  i
 463  2995  463  463  i
 464  2497  464  464  i
 465  1026  465  465  i
 466  628  466  466  i
 467  1486  467  467  i
 468  1672  468  468  i
 469  1742  469  469  i
 470  2146  470  470  i
 471  1905  471  471  i
 472  419  472  472  i
 473  273  473  473  i
 474  1319  474  474  i
 475  1235  475  475  i
 476  1049  476  476  i
 477  1158  477  477  i
 478  712  478  478  i
 479  284  479  479  i
 480  144  480  480  i
 481  585  481  481  i
 482  640  482  482  i
 483  845  483  483  i
 484  1075  484  484  i
 485  556  485  485  i
 486  135  486  486  i
 487  111  487  487  i
 488  295  488  488  i
 489  689  489  489  i
 490  739  490  490  i
 491  869  491  491  i
 492  781  492  492  i
 493  90  493  493  i
 494  162  494  494  i
 495  1034  495  495  i
 496  1463  496  496  i
 497  1451  497  497  i


