
# Curve 0 of 1, 104 points
# Curve title: "1st dose"
# x y xlow xhigh type
-1  980804 -1 -1  i
 361  25  361  361  i
 362  98  362  362  i
 363  280  363  363  i
 364  184  364  364  i
 365  118  365  365  i
 366  3  366  366  i
 367  12  367  367  i
 368  3  368  368  i
 369  31  369  369  i
 370  41  370  370  i
 371  67  371  371  i
 372  399  372  372  i
 373  856  373  373  i
 374  186  374  374  i
 375  107  375  375  i
 376  633  376  376  i
 377  1650  377  377  i
 378  1689  378  378  i
 379  2281  379  379  i
 380  2279  380  380  i
 381  1507  381  381  i
 382  1638  382  382  i
 383  4671  383  383  i
 384  5369  384  384  i
 385  6367  385  385  i
 386  8212  386  386  i
 387  8827  387  387  i
 388  2453  388  388  i
 389  1830  389  389  i
 390  6121  390  390  i
 391  6335  391  391  i
 392  5455  392  392  i
 393  4348  393  393  i
 394  3891  394  394  i
 395  562  395  395  i
 396  577  396  396  i
 397  2476  397  397  i
 398  2495  398  398  i
 399  2627  399  399  i
 400  3213  400  400  i
 401  3427  401  401  i
 402  733  402  402  i
 403  727  403  403  i
 404  2608  404  404  i
 405  3005  405  405  i
 406  3078  406  406  i
 407  3302  407  407  i
 408  3702  408  408  i
 409  997  409  409  i
 410  664  410  410  i
 411  3825  411  411  i
 412  5629  412  412  i
 413  5796  413  413  i
 414  7677  414  414  i
 415  6949  415  415  i
 416  1150  416  416  i
 417  749  417  417  i
 418  6288  418  418  i
 419  7711  419  419  i
 420  7436  420  420  i
 421  9988  421  421  i
 422  8144  422  422  i
 423  1751  423  423  i
 424  1197  424  424  i
 425  7706  425  425  i
 426  7604  426  426  i
 427  7601  427  427  i
 428  7563  428  428  i
 429  5389  429  429  i
 430  1700  430  430  i
 431  1453  431  431  i
 432  4461  432  432  i
 433  5160  433  433  i
 434  5961  434  434  i
 435  6038  435  435  i
 436  3999  436  436  i
 437  1374  437  437  i
 438  989  438  438  i
 439  2240  439  439  i
 440  3218  440  440  i
 441  3244  441  441  i
 442  3546  442  442  i
 443  3023  443  443  i
 444  935  444  444  i
 445  488  445  445  i
 446  1937  446  446  i
 447  2210  447  447  i
 448  2230  448  448  i
 449  2456  449  449  i
 450  1989  450  450  i
 451  524  451  451  i
 452  273  452  452  i
 453  1645  453  453  i
 454  2261  454  454  i
 455  2123  455  455  i
 456  2079  456  456  i
 457  614  457  457  i
 458  233  458  458  i
 459  149  459  459  i
 460  138  460  460  i
 461  1336  461  461  i
 462  1733  462  462  i


