
# Curve 0 of 1, 168 points
# Curve title: "1st dose"
# x y xlow xhigh type
-1  4.05164e+06 -1 -1  i
 361  26  361  361  i
 362  98  362  362  i
 363  280  363  363  i
 364  191  364  364  i
 365  118  365  365  i
 366  3  366  366  i
 367  12  367  367  i
 368  3  368  368  i
 369  31  369  369  i
 370  41  370  370  i
 371  67  371  371  i
 372  400  372  372  i
 373  858  373  373  i
 374  185  374  374  i
 375  107  375  375  i
 376  634  376  376  i
 377  1652  377  377  i
 378  1695  378  378  i
 379  2278  379  379  i
 380  2286  380  380  i
 381  1507  381  381  i
 382  1643  382  382  i
 383  4672  383  383  i
 384  5427  384  384  i
 385  6430  385  385  i
 386  8254  386  386  i
 387  8867  387  387  i
 388  2460  388  388  i
 389  1836  389  389  i
 390  6120  390  390  i
 391  6343  391  391  i
 392  5469  392  392  i
 393  4349  393  393  i
 394  3895  394  394  i
 395  562  395  395  i
 396  578  396  396  i
 397  2483  397  397  i
 398  2494  398  398  i
 399  2632  399  399  i
 400  3218  400  400  i
 401  3432  401  401  i
 402  735  402  402  i
 403  728  403  403  i
 404  2625  404  404  i
 405  3031  405  405  i
 406  3032  406  406  i
 407  3323  407  407  i
 408  3699  408  408  i
 409  997  409  409  i
 410  664  410  410  i
 411  3830  411  411  i
 412  5646  412  412  i
 413  5803  413  413  i
 414  7692  414  414  i
 415  6991  415  415  i
 416  1157  416  416  i
 417  752  417  417  i
 418  6296  418  418  i
 419  7735  419  419  i
 420  7455  420  420  i
 421  10011  421  421  i
 422  8179  422  422  i
 423  1752  423  423  i
 424  1203  424  424  i
 425  7722  425  425  i
 426  7672  426  426  i
 427  7674  427  427  i
 428  7689  428  428  i
 429  5445  429  429  i
 430  1708  430  430  i
 431  1448  431  431  i
 432  4508  432  432  i
 433  5215  433  433  i
 434  5994  434  434  i
 435  6069  435  435  i
 436  4032  436  436  i
 437  1387  437  437  i
 438  998  438  438  i
 439  2264  439  439  i
 440  3291  440  440  i
 441  3280  441  441  i
 442  3608  442  442  i
 443  3073  443  443  i
 444  944  444  444  i
 445  491  445  445  i
 446  1952  446  446  i
 447  2227  447  447  i
 448  2245  448  448  i
 449  2480  449  449  i
 450  2012  450  450  i
 451  544  451  451  i
 452  272  452  452  i
 453  1647  453  453  i
 454  2286  454  454  i
 455  2189  455  455  i
 456  2165  456  456  i
 457  634  457  457  i
 458  242  458  458  i
 459  148  459  459  i
 460  139  460  460  i
 461  1412  461  461  i
 462  2041  462  462  i
 463  3052  463  463  i
 464  2456  464  464  i
 465  740  465  465  i
 466  429  466  466  i
 467  1899  467  467  i
 468  1885  468  468  i
 469  1636  469  469  i
 470  1874  470  470  i
 471  1380  471  471  i
 472  291  472  472  i
 473  260  473  473  i
 474  979  474  474  i
 475  1167  475  475  i
 476  1218  476  476  i
 477  1427  477  477  i
 478  1136  478  478  i
 479  279  479  479  i
 480  194  480  480  i
 481  904  481  481  i
 482  1025  482  482  i
 483  1088  483  483  i
 484  1199  484  484  i
 485  864  485  485  i
 486  216  486  486  i
 487  233  487  487  i
 488  854  488  488  i
 489  1048  489  489  i
 490  1120  490  490  i
 491  1402  491  491  i
 492  1016  492  492  i
 493  276  493  493  i
 494  194  494  494  i
 495  943  495  495  i
 496  1142  496  496  i
 497  1037  497  497  i
 498  1002  498  498  i
 499  803  499  499  i
 500  252  500  500  i
 501  230  501  501  i
 502  596  502  502  i
 503  686  503  503  i
 504  846  504  504  i
 505  863  505  505  i
 506  611  506  506  i
 507  193  507  507  i
 508  155  508  508  i
 509  478  509  509  i
 510  596  510  510  i
 511  642  511  511  i
 512  639  512  512  i
 513  483  513  513  i
 514  136  514  514  i
 515  111  515  515  i
 516  392  516  516  i
 517  481  517  517  i
 518  557  518  518  i
 519  588  519  519  i
 520  463  520  520  i
 521  133  521  521  i
 522  92  522  522  i
 523  443  523  523  i
 524  573  524  524  i
 525  505  525  525  i
 526  372  526  526  i


