
# Curve 0 of 1, 138 points
# Curve title: "1st dose"
# x y xlow xhigh type
 361  1250  361  361  i
 362  2296  362  362  i
 363  3445  363  363  i
 364  3474  364  364  i
 365  1306  365  365  i
 366  261  366  366  i
 367  1264  367  367  i
 368  914  368  368  i
 369  3566  369  369  i
 370  4492  370  370  i
 371  5812  371  371  i
 372  7933  372  372  i
 373  9928  373  373  i
 374  2013  374  374  i
 375  1749  375  375  i
 376  9787  376  376  i
 377  13348  377  377  i
 378  13473  378  378  i
 379  15154  379  379  i
 380  13924  380  380  i
 381  3373  381  381  i
 382  2595  382  382  i
 383  12447  383  383  i
 384  12502  384  384  i
 385  13547  385  385  i
 386  15545  386  386  i
 387  14735  387  387  i
 388  3275  388  388  i
 389  2244  389  389  i
 390  9595  390  390  i
 391  10492  391  391  i
 392  8985  392  392  i
 393  7030  393  393  i
 394  6174  394  394  i
 395  718  395  395  i
 396  701  396  396  i
 397  3938  397  397  i
 398  4116  398  398  i
 399  4381  399  399  i
 400  4873  400  400  i
 401  5431  401  401  i
 402  836  402  402  i
 403  845  403  403  i
 404  4013  404  404  i
 405  5059  405  405  i
 406  5519  406  406  i
 407  6280  407  407  i
 408  6694  408  408  i
 409  1568  409  409  i
 410  988  410  410  i
 411  6340  411  411  i
 412  8610  412  412  i
 413  9657  413  413  i
 414  12240  414  414  i
 415  11744  415  415  i
 416  1921  416  416  i
 417  1023  417  417  i
 418  10063  418  418  i
 419  12835  419  419  i
 420  13765  420  420  i
 421  17855  421  421  i
 422  16028  422  422  i
 423  2928  423  423  i
 424  2327  424  424  i
 425  19275  425  425  i
 426  26806  426  426  i
 427  30354  427  427  i
 428  32821  428  428  i
 429  28492  429  429  i
 430  11959  430  430  i
 431  11351  431  431  i
 432  29468  432  432  i
 433  35966  433  433  i
 434  40884  434  434  i
 435  44378  435  435  i
 436  38348  436  436  i
 437  16962  437  437  i
 438  12029  438  438  i
 439  28059  439  439  i
 440  38547  440  440  i
 441  37149  441  441  i
 442  37522  442  442  i
 443  33982  443  443  i
 444  14961  444  444  i
 445  7334  445  445  i
 446  24073  446  446  i
 447  26254  447  447  i
 448  26503  448  448  i
 449  26041  449  449  i
 450  24477  450  450  i
 451  8334  451  451  i
 452  5474  452  452  i
 453  18823  453  453  i
 454  24411  454  454  i
 455  22806  455  455  i
 456  25255  456  456  i
 457  6709  457  457  i
 458  3461  458  458  i
 459  2453  459  459  i
 460  2289  460  460  i
 461  15900  461  461  i
 462  23060  462  462  i
 463  37815  463  463  i
 464  38380  464  464  i
 465  15244  465  465  i
 466  9650  466  466  i
 467  37417  467  467  i
 468  35431  468  468  i
 469  38164  469  469  i
 470  47117  470  470  i
 471  44029  471  471  i
 472  16437  472  472  i
 473  12876  473  473  i
 474  43428  474  474  i
 475  41736  475  475  i
 476  47072  476  476  i
 477  53827  477  477  i
 478  49350  478  478  i
 479  17545  479  479  i
 480  14467  480  480  i
 481  48931  481  481  i
 482  48304  482  482  i
 483  58150  483  483  i
 484  64673  484  484  i
 485  61434  485  485  i
 486  19092  486  486  i
 487  18658  487  487  i
 488  66435  488  488  i
 489  65511  489  489  i
 490  72078  490  490  i
 491  79170  491  491  i
 492  76147  492  492  i
 493  29170  493  493  i
 494  23998  494  494  i
 495  70789  495  495  i
 496  73575  496  496  i
 497  74982  497  497  i


