
# Curve 0 of 1, 129 points
# Curve title: "2nd dose"
# x y xlow xhigh type
 361  0  361  361  i
 362  0  362  362  i
 363  0  363  363  i
 364  0  364  364  i
 365  0  365  365  i
 366  0  366  366  i
 367  0  367  367  i
 368  0  368  368  i
 369  0  369  369  i
 370  0  370  370  i
 371  0  371  371  i
 372  0  372  372  i
 373  0  373  373  i
 374  0  374  374  i
 375  0  375  375  i
 376  0  376  376  i
 377  0  377  377  i
 378  0  378  378  i
 379  0  379  379  i
 380  0  380  380  i
 381  2  381  381  i
 382  632  382  382  i
 383  1726  383  383  i
 384  2697  384  384  i
 385  2619  385  385  i
 386  1719  386  386  i
 387  1033  387  387  i
 388  865  388  388  i
 389  861  389  389  i
 390  2940  390  390  i
 391  3952  391  391  i
 392  4486  392  392  i
 393  6077  393  393  i
 394  7796  394  394  i
 395  1081  395  395  i
 396  1167  396  396  i
 397  7864  397  397  i
 398  10157  398  398  i
 399  10938  399  399  i
 400  12890  400  400  i
 401  10601  401  401  i
 402  2330  402  402  i
 403  2470  403  403  i
 404  11321  404  404  i
 405  11835  405  405  i
 406  13083  406  406  i
 407  16059  407  407  i
 408  14599  408  408  i
 409  2957  409  409  i
 410  1365  410  410  i
 411  9294  411  411  i
 412  8982  412  412  i
 413  8174  413  413  i
 414  7973  414  414  i
 415  7217  415  415  i
 416  1162  416  416  i
 417  1006  417  417  i
 418  5975  418  418  i
 419  6919  419  419  i
 420  5983  420  420  i
 421  5503  421  421  i
 422  5306  422  422  i
 423  548  423  423  i
 424  539  424  424  i
 425  3376  425  425  i
 426  3509  426  426  i
 427  4465  427  427  i
 428  4613  428  428  i
 429  5330  429  429  i
 430  822  430  430  i
 431  823  431  431  i
 432  4788  432  432  i
 433  6313  433  433  i
 434  6891  434  434  i
 435  8292  435  435  i
 436  8342  436  436  i
 437  1272  437  437  i
 438  1123  438  438  i
 439  8702  439  439  i
 440  10420  440  440  i
 441  10428  441  441  i
 442  12328  442  442  i
 443  13492  443  443  i
 444  1999  444  444  i
 445  1522  445  445  i
 446  12340  446  446  i
 447  13217  447  447  i
 448  15561  448  448  i
 449  17765  449  449  i
 450  17371  450  450  i
 451  4750  451  451  i
 452  4092  452  452  i
 453  20487  453  453  i
 454  21987  454  454  i
 455  26788  455  455  i
 456  31736  456  456  i
 457  12678  457  457  i
 458  10859  458  458  i
 459  8719  459  459  i
 460  7121  460  460  i
 461  28993  461  461  i
 462  21942  462  462  i
 463  30712  463  463  i
 464  29782  464  464  i
 465  15124  465  465  i
 466  9973  466  466  i
 467  24599  467  467  i
 468  25682  468  468  i
 469  27149  469  469  i
 470  25443  470  470  i
 471  25450  471  471  i
 472  8950  472  472  i
 473  4934  473  473  i
 474  15253  474  474  i
 475  15649  475  475  i
 476  14035  476  476  i
 477  17158  477  477  i
 478  11661  478  478  i
 479  5155  479  479  i
 480  3940  480  480  i
 481  6873  481  481  i
 482  11084  482  482  i
 483  12267  483  483  i
 484  13868  484  484  i
 485  8155  485  485  i
 486  3248  486  486  i
 487  2177  487  487  i
 488  3651  488  488  i


