
# Curve 0 of 1, 394 points
# Curve title: "CFR predicted deaths"
# x y xlow xhigh type
-1  3365.9 -1 -1  i
 77  0.000259683  77  77  i
 78  8.77183e-05  78  78  i
 80  0.000241098  80  80  i
 81  8.47094e-05  81  81  i
 82  0.000275225  82  82  i
 83  8.77183e-05  83  83  i
 84  0.000191827  84  84  i
 85  0.00053018  85  85  i
 86  0.000534567  86  86  i
 87  0.000125977  87  87  i
 88  0.000286532  88  88  i
 89  0.000265691  89  89  i
 90  0.000165795  90  90  i
 91  0.000405282  91  91  i
 92  0.000284276  92  92  i
 93  0.000784936  93  93  i
 94  0.000447806  94  94  i
 95  4.68257e-05  95  95  i
 96  0.000178684  96  96  i
 97  0.00041891  97  97  i
 98  0.000375635  98  98  i
 99  0.000112117  99  99  i
 100  0.000243389  100  100  i
 101  0.000920352  101  101  i
 102  0.000164588  102  102  i
 103  0.000209933  103  103  i
 104  0.00060774  104  104  i
 105  0.000661417  105  105  i
 106  0.000556264  106  106  i
 107  0.000429219  107  107  i
 108  0.000227593  108  108  i
 109  0.000112292  109  109  i
 110  0.000146428  110  110  i
 111  0.000125414  111  111  i
 112  0.000478234  112  112  i
 113  0.000151275  113  113  i
 114  0.000172709  114  114  i
 115  4.84719e-06  115  115  i
 117  0.000172519  117  117  i
 118  0.000322244  118  118  i
 119  5.41365e-05  119  119  i
 121  3.21254e-05  121  121  i
 122  0.000147485  122  122  i
 123  4.25295e-05  123  123  i
 125  0.000282771  125  125  i
 126  0.000220599  126  126  i
 127  6.89112e-05  127  127  i
 130  6.89112e-05  130  130  i
 131  0.000124384  131  131  i
 132  0.000288578  132  132  i
 133  9.65832e-05  133  133  i
 134  0.000213164  134  134  i
 137  4.79833e-05  137  137  i
 138  0.000131936  138  138  i
 139  9.87743e-05  139  139  i
 140  0.000124537  140  140  i
 141  0.000330419  141  141  i
 142  0.000820902  142  142  i
 143  5.46877e-06  143  143  i
 144  0.000142131  144  144  i
 145  6.5416e-05  145  145  i
 146  4.25295e-05  146  146  i
 147  9.99747e-06  147  147  i
 148  1.82764e-05  148  148  i
 150  9.05128e-05  150  150  i
 151  0.000142131  151  151  i
 155  0.000149985  155  155  i
 156  4.79833e-05  156  156  i
 160  0.000111658  160  160  i
 161  0.000234315  161  161  i
 162  0.000184866  162  162  i
 164  0.00011229  164  164  i
 165  4.29625e-06  165  165  i
 166  0.000241098  166  166  i
 168  0.000111658  168  168  i
 169  0.000125977  169  169  i
 170  0.000176592  170  170  i
 171  0.000109283  171  171  i
 172  3.10023e-05  172  172  i
 173  5.84327e-05  173  173  i
 178  8.90519e-05  178  178  i
 179  1.27259e-05  179  179  i
 180  0.000251953  180  180  i
 181  1.43579e-05  181  181  i
 182  0.000408657  182  182  i
 183  1.43579e-05  183  183  i
 184  4.84719e-06  184  184  i
 185  6.89112e-05  185  185  i
 186  4.79833e-05  186  186  i
 187  0.000152224  187  187  i
 188  0.000245564  188  188  i
 189  8.86115e-06  189  189  i
 190  5.41365e-05  190  190  i
 191  0.000165588  191  191  i
 192  0.000278625  192  192  i
 193  0.000167943  193  193  i
 194  8.90276e-05  194  194  i
 195  0.000135974  195  195  i
 196  0.000436956  196  196  i
 197  0.000567001  197  197  i
 198  8.32411e-05  198  198  i
 199  8.86115e-06  199  199  i
 200  2.32643e-05  200  200  i
 201  0.000272121  201  201  i
 202  0.00024574  202  202  i
 203  0.000372197  203  203  i
 204  0.000170897  204  204  i
 205  0.000418977  205  205  i
 206  0.000252299  206  206  i
 207  0.000656065  207  207  i
 208  0.000523442  208  208  i
 209  0.000699387  209  209  i
 210  0.00133434  210  210  i
 211  0.000448159  211  211  i
 212  0.000947254  212  212  i
 213  0.000415188  213  213  i
 214  0.000492179  214  214  i
 215  0.000675395  215  215  i
 216  0.00108699  216  216  i
 217  0.000860862  217  217  i
 218  0.000890388  218  218  i
 219  0.000498977  219  219  i
 220  0.000298429  220  220  i
 221  0.000240649  221  221  i
 222  0.000495949  222  222  i
 223  0.000417964  223  223  i
 224  0.000991637  224  224  i
 225  0.00124724  225  225  i
 226  0.00184507  226  226  i
 227  0.00106561  227  227  i
 228  0.000490976  228  228  i
 229  0.000749016  229  229  i
 230  0.00103303  230  230  i
 231  0.00145759  231  231  i
 232  0.00082059  232  232  i
 233  0.000410674  233  233  i
 234  0.00030645  234  234  i
 235  0.00020702  235  235  i
 236  0.000490924  236  236  i
 237  0.000880448  237  237  i
 238  0.000740603  238  238  i
 239  0.000913526  239  239  i
 240  0.00100766  240  240  i
 241  0.00046745  241  241  i
 242  0.000303894  242  242  i
 243  0.000515106  243  243  i
 244  0.000832045  244  244  i
 245  0.00142741  245  245  i
 246  0.00108234  246  246  i
 247  0.00206233  247  247  i
 248  0.000415369  248  248  i
 249  0.00158153  249  249  i
 250  0.000479799  250  250  i
 251  0.00135907  251  251  i
 252  0.00205931  252  252  i
 253  0.00184793  253  253  i
 254  0.00346591  254  254  i
 255  0.00145992  255  255  i
 256  0.00149026  256  256  i
 257  0.00116509  257  257  i
 258  0.00485272  258  258  i
 259  0.0029495  259  259  i
 260  0.00526652  260  260  i
 261  0.00503083  261  261  i
 262  0.0064065  262  262  i
 263  0.00312316  263  263  i
 264  0.00371117  264  264  i
 265  0.00406285  265  265  i
 266  0.00577991  266  266  i
 267  0.010412  267  267  i
 268  0.00688145  268  268  i
 269  0.00406758  269  269  i
 270  0.00354264  270  270  i
 271  0.0031215  271  271  i
 272  0.0049099  272  272  i
 273  0.00456275  273  273  i
 274  0.00668463  274  274  i
 275  0.00754376  275  275  i
 276  0.00505659  276  276  i
 277  0.00412449  277  277  i
 278  0.00365261  278  278  i
 279  0.00366753  279  279  i
 280  0.00683481  280  280  i
 281  0.0086258  281  281  i
 282  0.00693786  282  282  i
 283  0.00521316  283  283  i
 284  0.00443752  284  284  i
 285  0.00376475  285  285  i
 286  0.00990855  286  286  i
 287  0.0105186  287  287  i
 288  0.00930492  288  288  i
 289  0.0167244  289  289  i
 290  0.0110115  290  290  i
 291  0.00739527  291  291  i
 292  0.00809335  292  292  i
 293  0.0160659  293  293  i
 294  0.0141403  294  294  i
 295  0.0181674  295  295  i
 296  0.0208489  296  296  i
 297  0.0158641  297  297  i
 298  0.0100081  298  298  i
 299  0.0151432  299  299  i
 300  0.0215898  300  300  i
 301  0.0279729  301  301  i
 302  0.0249061  302  302  i
 303  0.0265462  303  303  i
 304  0.0255839  304  304  i
 305  0.0117444  305  305  i
 306  0.0184779  306  306  i
 307  0.026153  307  307  i
 308  0.0239487  308  308  i
 309  0.0193139  309  309  i
 310  0.0221467  310  310  i
 311  0.0206374  311  311  i
 312  0.0102348  312  312  i
 313  0.0130271  313  313  i
 314  0.0168073  314  314  i
 315  0.0216367  315  315  i
 316  0.0222342  316  316  i
 317  0.0160838  317  317  i
 318  0.00952208  318  318  i
 319  0.0042411  319  319  i
 320  0.00712323  320  320  i
 321  0.0117043  321  321  i
 322  0.0162763  322  322  i
 323  0.0114296  323  323  i
 324  0.00967493  324  324  i
 325  0.00428129  325  325  i
 326  0.00282331  326  326  i
 327  0.0063761  327  327  i
 328  0.00564258  328  328  i
 329  0.00773871  329  329  i
 330  0.00993938  330  330  i
 331  0.00947562  331  331  i
 332  0.00491591  332  332  i
 333  0.00203685  333  333  i
 334  0.00589886  334  334  i
 335  0.00997396  335  335  i
 336  0.00824555  336  336  i
 337  0.00637758  337  337  i
 338  0.00555071  338  338  i
 339  0.00452401  339  339  i
 340  0.00100255  340  340  i
 341  0.00397948  341  341  i
 342  0.0116753  342  342  i
 343  0.00618203  343  343  i
 344  0.00779268  344  344  i
 345  0.00709825  345  345  i
 346  0.00432801  346  346  i
 347  0.00213828  347  347  i
 348  0.00713574  348  348  i
 349  0.011791  349  349  i
 350  0.0130017  350  350  i
 351  0.0129893  351  351  i
 352  0.0112926  352  352  i
 353  0.00723991  353  353  i
 354  0.00222725  354  354  i
 355  0.0108598  355  355  i
 356  0.0147426  356  356  i
 357  0.0140427  357  357  i
 358  0.0160782  358  358  i
 359  0.0150584  359  359  i
 360  0.00997267  360  360  i
 361  0.00391057  361  361  i
 362  0.0133819  362  362  i
 363  0.0208123  363  363  i
 364  0.0246483  364  364  i
 365  0.00913823  365  365  i
 366  0.00509118  366  366  i
 367  0.0060285  367  367  i
 368  0.00648359  368  368  i
 369  0.0207748  369  369  i
 370  0.0317783  370  370  i
 371  0.0317109  371  371  i
 372  0.0311131  372  372  i
 373  0.00507327  373  373  i
 374  0.00835288  374  374  i
 375  0.0121647  375  375  i
 376  0.0234613  376  376  i
 377  0.0386167  377  377  i
 378  0.0355636  378  378  i
 379  0.0267801  379  379  i
 380  0.0212803  380  380  i
 381  0.0119245  381  381  i
 382  0.00518293  382  382  i
 383  0.0128631  383  383  i
 384  0.0170405  384  384  i
 385  0.0192627  385  385  i
 386  0.0124224  386  386  i
 387  0.0153862  387  387  i
 388  0.00861563  388  388  i
 389  0.00198991  389  389  i
 390  0.0129775  390  390  i
 391  0.0157708  391  391  i
 392  0.0142209  392  392  i
 393  0.0130656  393  393  i
 394  0.015079  394  394  i
 395  0.00731218  395  395  i
 396  0.00283016  396  396  i
 397  0.0123438  397  397  i
 398  0.0165138  398  398  i
 399  0.0155269  399  399  i
 400  0.0122581  400  400  i
 401  0.0153371  401  401  i
 402  0.00697896  402  402  i
 403  0.00336763  403  403  i
 404  0.0109311  404  404  i
 405  0.0163903  405  405  i
 406  0.0172177  406  406  i
 407  0.0161827  407  407  i
 408  0.0183539  408  408  i
 409  0.00914637  409  409  i
 410  0.0034067  410  410  i
 411  0.0156919  411  411  i
 412  0.0180889  412  412  i
 413  0.0200077  413  413  i
 414  0.0187021  414  414  i
 415  0.0156639  415  415  i
 416  0.014018  416  416  i
 417  0.00414292  417  417  i
 418  0.0151743  418  418  i
 419  0.0298247  419  419  i
 420  0.0228218  420  420  i
 421  0.0252616  421  421  i
 422  0.0245668  422  422  i
 423  0.0170043  423  423  i
 424  0.00824778  424  424  i
 425  0.0257102  425  425  i
 426  0.0324821  426  426  i
 427  0.0319835  427  427  i
 428  0.0318352  428  428  i
 429  0.0319005  429  429  i
 430  0.0237893  430  430  i
 431  0.0108425  431  431  i
 432  0.0237905  432  432  i
 433  0.0376665  433  433  i
 434  0.0324221  434  434  i
 435  0.0381246  435  435  i
 436  0.0297947  436  436  i
 437  0.0269012  437  437  i
 438  0.00875321  438  438  i
 439  0.0215779  439  439  i
 440  0.0386174  440  440  i
 441  0.0324296  441  441  i
 442  0.0230247  442  442  i
 443  0.0347008  443  443  i
 444  0.0192723  444  444  i
 445  0.00765995  445  445  i
 446  0.0190888  446  446  i
 447  0.0327362  447  447  i
 448  0.0272152  448  448  i
 449  0.0252369  449  449  i
 450  0.0211179  450  450  i
 451  0.0109908  451  451  i
 452  0.00540561  452  452  i
 453  0.01821  453  453  i
 454  0.02287  454  454  i
 455  0.0182497  455  455  i
 456  0.0141905  456  456  i
 457  0.0161689  457  457  i
 458  0.0093782  458  458  i
 459  0.00392825  459  459  i
 460  0.0129929  460  460  i
 461  0.0200431  461  461  i
 462  0.0115427  462  462  i
 463  0.00923852  463  463  i
 464  0.00766727  464  464  i
 465  0.0044007  465  465  i
 466  0.0039231  466  466  i
 467  0.00293831  467  467  i
 468  0.0123328  468  468  i
 469  0.0156991  469  469  i
 470  0.00720093  470  470  i
 471  0.00802839  471  471  i
 472  0.00425641  472  472  i
 473  0.00166461  473  473  i
 474  0.0061437  474  474  i
 475  0.0067752  475  475  i
 476  0.00694778  476  476  i
 477  0.00545857  477  477  i
 478  0.00600702  478  478  i
 479  0.00261904  479  479  i
 480  0.00129597  480  480  i
 481  0.00537884  481  481  i
 482  0.00659435  482  482  i
 483  0.00376954  483  483  i
 484  0.00439487  484  484  i
 485  0.00268959  485  485  i
 486  0.00284479  486  486  i
 487  0.00123784  487  487  i
 488  0.00483801  488  488  i
 489  0.00568991  489  489  i


