
# Curve 0 of 1, 413 points
# Curve title: "CFR predicted deaths B.1.1.7"
# x y xlow xhigh type
-1  3768.95 -1 -1  i
 78  0.00118749  78  78  i
 80  0.000366438  80  80  i
 82  0.000918748  82  82  i
 83  0.000851048  83  83  i
 84  0.000613875  84  84  i
 85  0.0027189  85  85  i
 86  0.00406014  86  86  i
 87  0.00137361  87  87  i
 88  0.00199988  88  88  i
 89  0.00105252  89  89  i
 90  0.000988028  90  90  i
 91  0.00215037  91  91  i
 92  0.00255423  92  92  i
 93  0.00439219  93  93  i
 94  0.00253997  94  94  i
 96  0.00123332  96  96  i
 97  0.00121749  97  97  i
 98  0.00142663  98  98  i
 99  0.00106019  99  99  i
 100  0.00241657  100  100  i
 101  0.00139984  101  101  i
 103  0.00309427  103  103  i
 104  0.000939688  104  104  i
 105  0.00243436  105  105  i
 106  0.00227575  106  106  i
 107  0.000794192  107  107  i
 108  0.000666892  108  108  i
 109  0.000366438  109  109  i
 110  0.000324788  110  110  i
 112  0.00128519  112  112  i
 113  0.000366438  113  113  i
 114  0.00175975  114  114  i
 115  0.000917377  115  115  i
 118  0.00147362  118  118  i
 120  0.000413428  120  120  i
 123  0.000413428  123  123  i
 125  0.000466445  125  125  i
 133  0.000226152  133  133  i
 134  0.000593745  134  134  i
 135  0.000593745  135  135  i
 139  0.00112  139  139  i
 140  0.000466445  140  140  i
 141  0.000324788  141  141  i
 142  0.0011379  142  142  i
 143  0.00118749  143  143  i
 144  0.00052626  144  144  i
 146  0.000593745  146  146  i
 148  0.000593745  148  148  i
 149  0.000324788  149  149  i
 150  0.000324788  150  150  i
 153  0.00052626  153  153  i
 154  0.000226152  154  154  i
 155  0.000413428  155  155  i
 156  0.000819897  156  156  i
 160  0.000324788  160  160  i
 165  0.000287872  165  165  i
 167  0.000593745  167  167  i
 168  0.00161429  168  168  i
 169  0.00143081  169  169  i
 170  0.000613875  170  170  i
 171  0.00138121  171  171  i
 172  0.000726707  172  172  i
 173  0.000287872  173  173  i
 174  0.00062159  174  174  i
 176  0.000721597  176  176  i
 177  0.000366438  177  177  i
 181  0.000992704  181  181  i
 183  0.000287872  183  183  i
 184  0.000879873  184  184  i
 186  0.000413428  186  186  i
 188  0.000593745  188  188  i
 189  0.00101738  189  189  i
 191  0.000592589  191  191  i
 192  0.00138245  192  192  i
 193  0.000200447  193  193  i
 195  0.000226152  195  195  i
 196  0.00155959  196  196  i
 197  0.00158733  197  197  i
 198  0.000366438  198  198  i
 199  0.000200447  199  199  i
 200  0.000287872  200  200  i
 202  0.000366438  202  202  i
 203  0.00126272  203  203  i
 205  0.00148644  205  205  i
 206  0.000324788  206  206  i
 207  0.000366438  207  207  i
 209  0.000400894  209  209  i
 210  0.000200447  210  210  i
 211  0.00158529  211  211  i
 212  0.000200447  212  212  i
 213  0.00148644  213  213  i
 214  0.000226152  214  214  i
 215  0.000200447  215  215  i
 216  0.00238233  216  216  i
 217  0.00249458  217  217  i
 218  0.00265995  218  218  i
 219  0.00106019  219  219  i
 220  0.000413428  220  220  i
 221  0.000848898  221  221  i
 222  0.000681752  222  222  i
 223  0.000287872  223  223  i
 224  0.00106618  224  224  i
 225  0.00166128  225  225  i
 226  0.0034605  226  226  i
 227  0.001214  227  227  i
 228  0.000939688  228  228  i
 229  0.000998625  229  229  i
 230  0.000400894  230  230  i
 231  0.00253548  231  231  i
 232  0.00223181  232  232  i
 233  0.00191893  233  233  i
 234  0.000649576  234  234  i
 235  0.000779866  235  235  i
 236  0.000893044  236  236  i
 237  0.00410879  237  237  i
 238  0.00280831  238  238  i
 239  0.00433384  239  239  i
 240  0.00424647  240  240  i
 241  0.00282808  241  241  i
 242  0.00141578  242  242  i
 243  0.00245156  243  243  i
 244  0.00320236  244  244  i
 245  0.00411823  245  245  i
 246  0.00629023  246  246  i
 247  0.00936739  247  247  i
 248  0.00490614  248  248  i
 249  0.00332915  249  249  i
 250  0.00179528  250  250  i
 251  0.00811743  251  251  i
 252  0.0056675  252  252  i
 253  0.0111891  253  253  i
 254  0.0106188  254  254  i
 255  0.0069657  255  255  i
 256  0.00443636  256  256  i
 257  0.00582135  257  257  i
 258  0.00984225  258  258  i
 259  0.00892557  259  259  i
 260  0.0103296  260  260  i
 261  0.011174  261  261  i
 262  0.0151265  262  262  i
 263  0.00614095  263  263  i
 264  0.00418409  264  264  i
 265  0.0104785  265  265  i
 266  0.0175316  266  266  i
 267  0.0214611  267  267  i
 268  0.0110762  268  268  i
 269  0.0135697  269  269  i
 270  0.00384767  270  270  i
 271  0.00823746  271  271  i
 272  0.0134061  272  272  i
 273  0.0141731  273  273  i
 274  0.0194816  274  274  i
 275  0.0238044  275  275  i
 276  0.0154735  276  276  i
 277  0.0124205  277  277  i
 278  0.0129934  278  278  i
 279  0.0148185  279  279  i
 280  0.020531  280  280  i
 281  0.0365121  281  281  i
 282  0.0279742  282  282  i
 283  0.0189339  283  283  i
 284  0.0174112  284  284  i
 285  0.0202457  285  285  i
 286  0.0284001  286  286  i
 287  0.0427986  287  287  i
 288  0.0273412  288  288  i
 289  0.0656368  289  289  i
 290  0.0385206  290  290  i
 291  0.0208639  291  291  i
 292  0.0293328  292  292  i
 293  0.0680817  293  293  i
 294  0.0641558  294  294  i
 295  0.0754165  295  295  i
 296  0.0885613  296  296  i
 297  0.0735823  297  297  i
 298  0.0415102  298  298  i
 299  0.0724663  299  299  i
 300  0.0870885  300  300  i
 301  0.117125  301  301  i
 302  0.109132  302  302  i
 303  0.106041  303  303  i
 304  0.113739  304  304  i
 305  0.0470661  305  305  i
 306  0.0693016  306  306  i
 307  0.110611  307  307  i
 308  0.100799  308  308  i
 309  0.0828186  309  309  i
 310  0.0900163  310  310  i
 311  0.0921706  311  311  i
 312  0.0578291  312  312  i
 313  0.0521162  313  313  i
 314  0.0801932  314  314  i
 315  0.102682  315  315  i
 316  0.0859349  316  316  i
 317  0.0686943  317  317  i
 318  0.0492714  318  318  i
 319  0.0166562  319  319  i
 320  0.0266723  320  320  i
 321  0.0541552  321  321  i
 322  0.058491  322  322  i
 323  0.0437547  323  323  i
 324  0.0411129  324  324  i
 325  0.0212827  325  325  i
 326  0.00896103  326  326  i
 327  0.0240659  327  327  i
 328  0.0266979  328  328  i
 329  0.0348116  329  329  i
 330  0.0404583  330  330  i
 331  0.0433428  331  331  i
 332  0.0181406  332  332  i
 333  0.0110667  333  333  i
 334  0.0267217  334  334  i
 335  0.0432831  335  335  i
 336  0.0291032  336  336  i
 337  0.0282893  337  337  i
 338  0.0265994  338  338  i
 339  0.0193673  339  339  i
 340  0.00440684  340  340  i
 341  0.0235273  341  341  i
 342  0.0445243  342  342  i
 343  0.0294352  343  343  i
 344  0.0336336  344  344  i
 345  0.0334646  345  345  i
 346  0.0223895  346  346  i
 347  0.00938192  347  347  i
 348  0.0347496  348  348  i
 349  0.0470794  349  349  i
 350  0.0502513  350  350  i
 351  0.0456173  351  351  i
 352  0.0389187  352  352  i
 353  0.0375613  353  353  i
 354  0.00915695  354  354  i
 355  0.0381002  355  355  i
 356  0.0690389  356  356  i
 357  0.0565799  357  357  i
 358  0.0655348  358  358  i
 359  0.0694709  359  359  i
 360  0.0494552  360  360  i
 361  0.0171404  361  361  i
 362  0.0604605  362  362  i
 363  0.101487  363  363  i
 364  0.103442  364  364  i
 365  0.0388498  365  365  i
 366  0.0185651  366  366  i
 367  0.0202733  367  367  i
 368  0.0294026  368  368  i
 369  0.0876855  369  369  i
 370  0.148301  370  370  i
 371  0.13744  371  371  i
 372  0.139688  372  372  i
 373  0.020446  373  373  i
 374  0.0416899  374  374  i
 375  0.0485332  375  375  i
 376  0.0876649  376  376  i
 377  0.163005  377  377  i
 378  0.149245  378  378  i
 379  0.113731  379  379  i
 380  0.0887706  380  380  i
 381  0.0622253  381  381  i
 382  0.0215312  382  382  i
 383  0.0581165  383  383  i
 384  0.0799716  384  384  i
 385  0.0819494  385  385  i
 386  0.0559501  386  386  i
 387  0.0723357  387  387  i
 388  0.0384063  388  388  i
 389  0.0138443  389  389  i
 390  0.0540366  390  390  i
 391  0.0690212  391  391  i
 392  0.0554114  392  392  i
 393  0.0559511  393  393  i
 394  0.0590642  394  394  i
 395  0.0359385  395  395  i
 396  0.0127661  396  396  i
 397  0.0555695  397  397  i
 398  0.0733574  398  398  i
 399  0.0606785  399  399  i
 400  0.046442  400  400  i
 401  0.0611955  401  401  i
 402  0.0251074  402  402  i
 403  0.0157172  403  403  i
 404  0.0659208  404  404  i
 405  0.0878346  405  405  i
 406  0.0727296  406  406  i
 407  0.0653214  407  407  i
 408  0.0783784  408  408  i
 409  0.0472341  409  409  i
 410  0.0201315  410  410  i
 411  0.0748124  411  411  i
 412  0.0862263  412  412  i
 413  0.119137  413  413  i
 414  0.113773  414  414  i
 415  0.0980064  415  415  i
 416  0.0800428  416  416  i
 417  0.0346288  417  417  i
 418  0.104257  418  418  i
 419  0.17381  419  419  i
 420  0.157148  420  420  i
 421  0.157962  421  421  i
 422  0.163931  422  422  i
 423  0.0979353  423  423  i
 424  0.0641323  424  424  i
 425  0.1575  425  425  i
 426  0.202848  426  426  i
 427  0.190111  427  427  i
 428  0.187775  428  428  i
 429  0.165815  429  429  i
 430  0.131157  430  430  i
 431  0.0766638  431  431  i
 432  0.141687  432  432  i
 433  0.229911  433  433  i
 434  0.204221  434  434  i
 435  0.206047  435  435  i
 436  0.153845  436  436  i
 437  0.138501  437  437  i
 438  0.0588312  438  438  i
 439  0.119725  439  439  i
 440  0.214304  440  440  i
 441  0.192797  441  441  i
 442  0.14073  442  442  i
 443  0.20318  443  443  i
 444  0.108125  444  444  i
 445  0.037247  445  445  i
 446  0.116065  446  446  i
 447  0.162604  447  447  i
 448  0.14884  448  448  i
 449  0.126574  449  449  i
 450  0.120894  450  450  i
 451  0.0655727  451  451  i
 452  0.0275896  452  452  i
 453  0.075796  453  453  i
 454  0.124312  454  454  i
 455  0.0865094  455  455  i
 456  0.0850715  456  456  i
 457  0.0846392  457  457  i
 458  0.0493133  458  458  i
 459  0.0227193  459  459  i
 460  0.0716537  460  460  i
 461  0.0861293  461  461  i
 462  0.0752251  462  462  i
 463  0.056484  463  463  i
 464  0.037456  464  464  i
 465  0.0194748  465  465  i
 466  0.0202321  466  466  i
 467  0.0122178  467  467  i
 468  0.0547378  468  468  i
 469  0.0713291  469  469  i
 470  0.0393598  470  470  i
 471  0.0310249  471  471  i
 472  0.0227203  472  472  i
 473  0.0102304  473  473  i
 474  0.0275907  474  474  i
 475  0.0414322  475  475  i
 476  0.0270789  476  476  i
 477  0.0303322  477  477  i
 478  0.0237993  478  478  i
 479  0.0103614  479  479  i
 480  0.00613967  480  480  i
 481  0.0293318  481  481  i
 482  0.0441129  482  482  i
 483  0.0220251  483  483  i
 484  0.026588  484  484  i
 485  0.0210515  485  485  i
 486  0.0115  486  486  i
 487  0.0121853  487  487  i
 488  0.0244757  488  488  i
 489  0.0251182  489  489  i
 490  0.0195676  490  490  i
 491  0.020394  491  491  i
 492  0.0174895  492  492  i
 493  0.0114576  493  493  i
 494  0.00583546  494  494  i
 495  0.0199417  495  495  i
 496  0.0214466  496  496  i
 497  0.0201565  497  497  i
 498  0.0110671  498  498  i
 499  0.0127053  499  499  i
 500  0.00594166  500  500  i
 501  0.00221755  501  501  i
 502  0.0102149  502  502  i
 503  0.0120795  503  503  i
 504  0.0117  504  504  i
 505  0.0118455  505  505  i
 506  0.0126154  506  506  i
 507  0.00685748  507  507  i
 508  0.00211324  508  508  i
 509  0.00932541  509  509  i
 510  0.0111965  510  510  i
 511  0.00255673  511  511  i
 512  0.00596905  512  512  i
 513  0.00699553  513  513  i
 514  0.00328265  514  514  i
 515  0.00145601  515  515  i
 516  0.00592638  516  516  i
 517  0.00333194  517  517  i
 518  0.00252126  518  518  i
 519  0.00360997  519  519  i
 520  0.00654951  520  520  i
 521  0.00472981  521  521  i
 522  0.00156067  522  522  i
 523  0.00391378  523  523  i
 524  0.0038222  524  524  i
 525  0.00248458  525  525  i
 526  0.00387343  526  526  i
 527  0.00218911  527  527  i
 528  0.000422224  528  528  i
 529  0.00135485  529  529  i
 530  0.00321964  530  530  i
 531  0.00320014  531  531  i
 532  0.00145698  532  532  i
 533  0.000900375  533  533  i


