
# Curve 0 of 1, 352 points
# Curve title: "daily incidence"
# x y xlow xhigh type
-1  190927 -1 -1  i
 71  2  71  71  i
 73  1  73  73  i
 75  3  75  75  i
 76  2  76  76  i
 77  2  77  77  i
 78  7  78  78  i
 79  10  79  79  i
 80  3  80  80  i
 81  4  81  81  i
 82  2  82  82  i
 83  3  83  83  i
 84  5  84  84  i
 85  7  85  85  i
 86  12  86  86  i
 87  7  87  87  i
 89  3  89  89  i
 90  3  90  90  i
 91  3  91  91  i
 92  2  92  92  i
 93  7  93  93  i
 94  4  94  94  i
 96  8  96  96  i
 97  2  97  97  i
 98  7  98  98  i
 99  7  99  99  i
 100  2  100  100  i
 101  2  101  101  i
 102  1  102  102  i
 103  1  103  103  i
 105  4  105  105  i
 106  1  106  106  i
 107  4  107  107  i
 108  3  108  108  i
 111  3  111  111  i
 113  1  113  113  i
 116  1  116  116  i
 118  1  118  118  i
 126  1  126  126  i
 127  1  127  127  i
 128  1  128  128  i
 132  2  132  132  i
 133  1  133  133  i
 134  1  134  134  i
 135  4  135  135  i
 136  2  136  136  i
 137  1  137  137  i
 139  1  139  139  i
 141  1  141  141  i
 142  1  142  142  i
 143  1  143  143  i
 146  1  146  146  i
 147  1  147  147  i
 148  1  148  148  i
 149  2  149  149  i
 158  1  158  158  i
 160  1  160  160  i
 161  4  161  161  i
 162  4  162  162  i
 163  2  163  163  i
 164  5  164  164  i
 165  2  165  165  i
 166  1  166  166  i
 167  2  167  167  i
 169  2  169  169  i
 170  1  170  170  i
 174  2  174  174  i
 176  1  176  176  i
 177  2  177  177  i
 179  1  179  179  i
 181  1  181  181  i
 182  3  182  182  i
 184  2  184  184  i
 185  4  185  185  i
 186  1  186  186  i
 188  1  188  188  i
 189  4  189  189  i
 190  5  190  190  i
 191  1  191  191  i
 192  1  192  192  i
 193  1  193  193  i
 195  1  195  195  i
 196  4  196  196  i
 198  3  198  198  i
 199  1  199  199  i
 200  1  200  200  i
 202  2  202  202  i
 203  1  203  203  i
 204  4  204  204  i
 205  1  205  205  i
 206  3  206  206  i
 207  1  207  207  i
 208  1  208  208  i
 209  5  209  209  i
 210  8  210  210  i
 211  6  211  211  i
 212  2  212  212  i
 213  1  213  213  i
 214  2  214  214  i
 215  3  215  215  i
 216  1  216  216  i
 217  4  217  217  i
 218  4  218  218  i
 219  9  219  219  i
 220  5  220  220  i
 221  2  221  221  i
 222  4  222  222  i
 223  2  223  223  i
 224  7  224  224  i
 225  7  225  225  i
 226  6  226  226  i
 227  2  227  227  i
 228  2  228  228  i
 229  3  229  229  i
 230  11  230  230  i
 231  8  231  231  i
 232  10  232  232  i
 233  11  233  233  i
 234  7  234  234  i
 235  4  235  235  i
 236  7  236  236  i
 237  9  237  237  i
 238  9  238  238  i
 239  15  239  239  i
 240  27  240  240  i
 241  13  241  241  i
 242  10  242  242  i
 243  5  243  243  i
 244  22  244  244  i
 245  16  245  245  i
 246  32  246  246  i
 247  28  247  247  i
 248  18  248  248  i
 249  15  249  249  i
 250  16  250  250  i
 251  28  251  251  i
 252  25  252  252  i
 253  30  253  253  i
 254  30  254  254  i
 255  38  255  255  i
 256  18  256  256  i
 257  12  257  257  i
 258  30  258  258  i
 259  45  259  259  i
 260  56  260  260  i
 261  30  261  261  i
 262  36  262  262  i
 263  10  263  263  i
 264  20  264  264  i
 265  37  265  265  i
 266  37  266  266  i
 267  56  267  267  i
 268  69  268  268  i
 269  43  269  269  i
 270  32  270  270  i
 271  31  271  271  i
 272  41  272  272  i
 273  54  273  273  i
 274  93  274  274  i
 275  75  275  275  i
 276  55  276  276  i
 277  44  277  277  i
 278  51  278  278  i
 279  80  279  279  i
 280  117  280  280  i
 281  79  281  281  i
 282  171  282  282  i
 283  103  283  283  i
 284  60  284  284  i
 285  79  285  285  i
 286  188  286  286  i
 287  176  287  287  i
 288  196  288  288  i
 289  241  289  289  i
 290  197  290  290  i
 291  108  291  291  i
 292  189  292  292  i
 293  229  293  293  i
 294  312  294  294  i
 295  287  295  295  i
 296  281  296  296  i
 297  301  297  297  i
 298  124  298  298  i
 299  185  299  299  i
 300  296  300  300  i
 301  273  301  301  i
 302  225  302  302  i
 303  240  303  303  i
 304  236  304  304  i
 305  153  305  305  i
 306  143  306  306  i
 307  214  307  307  i
 308  279  308  308  i
 309  224  309  309  i
 310  180  310  310  i
 311  132  311  311  i
 312  43  312  312  i
 313  76  313  313  i
 314  141  314  314  i
 315  158  315  315  i
 316  116  316  316  i
 317  111  317  317  i
 318  54  318  318  i
 319  25  319  319  i
 320  64  320  320  i
 321  71  321  321  i
 322  93  322  322  i
 323  107  323  323  i
 324  112  324  324  i
 325  53  325  325  i
 326  28  326  326  i
 327  76  327  327  i
 328  116  328  328  i
 329  81  329  329  i
 330  74  330  330  i
 331  67  331  331  i
 332  50  332  332  i
 333  13  333  333  i
 334  64  334  334  i
 335  117  335  335  i
 336  79  336  336  i
 337  93  337  337  i
 338  90  338  338  i
 339  57  339  339  i
 340  24  340  340  i
 341  86  341  341  i
 342  127  342  342  i
 343  129  343  343  i
 344  122  344  344  i
 345  111  345  345  i
 346  105  346  346  i
 347  21  347  347  i
 348  96  348  348  i
 349  182  349  349  i
 350  153  350  350  i
 351  174  351  351  i
 352  184  352  352  i
 353  132  353  353  i
 354  42  354  354  i
 355  157  355  355  i
 356  267  356  356  i
 357  268  357  357  i
 358  102  358  358  i
 359  49  359  359  i
 360  49  360  360  i
 361  74  361  361  i
 362  233  362  362  i
 363  397  363  363  i
 364  370  364  364  i
 365  370  365  365  i
 366  55  366  366  i
 367  109  367  367  i
 368  128  368  368  i
 369  242  369  369  i
 370  436  370  370  i
 371  416  371  371  i
 372  304  372  372  i
 373  245  373  373  i
 374  165  374  374  i
 375  58  375  375  i
 376  161  376  376  i
 377  210  377  377  i
 378  220  378  378  i
 379  142  379  379  i
 380  193  380  380  i
 381  103  381  381  i
 382  35  382  382  i
 383  142  383  383  i
 384  184  384  384  i
 385  148  385  385  i
 386  148  386  386  i
 387  154  387  387  i
 388  92  388  388  i
 389  34  389  389  i
 390  148  390  390  i
 391  196  391  391  i
 392  159  392  392  i
 393  117  393  393  i
 394  169  394  394  i
 395  72  395  395  i
 396  40  396  396  i
 397  171  397  397  i
 398  231  398  398  i
 399  195  399  399  i
 400  178  400  400  i
 401  203  401  401  i
 402  125  402  402  i
 403  50  403  403  i
 404  192  404  404  i
 405  220  405  405  i
 406  241  406  406  i
 407  228  407  407  i
 408  205  408  408  i
 409  169  409  409  i
 410  65  410  410  i
 411  210  411  411  i
 412  342  412  412  i
 413  314  413  413  i
 414  325  414  414  i
 415  341  415  415  i
 416  200  416  416  i
 417  134  417  417  i
 418  314  418  418  i
 419  416  419  419  i
 420  384  420  420  i
 421  379  421  421  i
 422  339  422  422  i
 423  277  423  423  i
 424  157  424  424  i
 425  292  425  425  i
 426  473  426  426  i
 427  420  427  427  i
 428  431  428  428  i
 429  324  429  429  i
 430  281  430  430  i
 431  122  431  431  i
 432  242  432  432  i
 433  432  433  433  i
 434  392  434  434  i
 435  290  435  435  i
 436  417  436  436  i
 437  218  437  437  i
 438  76  438  438  i
 439  237  439  439  i
 440  331  440  440  i
 441  307  441  441  i
 442  254  442  442  i
 443  253  443  443  i
 444  140  444  444  i
 445  57  445  445  i
 446  164  446  446  i
 447  265  447  447  i
 448  184  448  448  i
 449  172  449  449  i
 450  176  450  450  i
 451  101  451  451  i
 452  44  452  452  i
 453  147  453  453  i
 454  184  454  454  i
 455  164  455  455  i
 456  114  456  456  i
 457  79  457  457  i
 458  47  458  458  i
 459  40  459  459  i
 460  27  460  460  i
 461  111  461  461  i
 462  148  462  462  i
 463  85  463  463  i
 464  67  464  464  i
 465  46  465  465  i
 466  21  466  466  i


