
# Curve 0 of 1, 399 points
# Curve title: "CFR predicted deaths"
# x y xlow xhigh type
-1  3285.31 -1 -1  i
 77  0.00633103  77  77  i
 80  0.00499596  80  80  i
 81  0.00190291  81  81  i
 82  0.0181126  82  82  i
 83  0.00190291  83  83  i
 84  0.00190291  84  84  i
 85  0.00621159  85  85  i
 86  0.0136003  86  86  i
 87  0.00273287  87  87  i
 88  0.011769  88  88  i
 89  0.00432516  89  89  i
 90  0.0206529  90  90  i
 91  0.0156188  91  91  i
 92  0.0315041  92  92  i
 93  0.0371864  93  93  i
 94  0.0171946  94  94  i
 96  0.0117084  96  96  i
 97  0.00713317  97  97  i
 98  0.0198173  98  98  i
 99  0.0165226  99  99  i
 100  0.0185587  100  100  i
 101  0.0103102  101  101  i
 102  0.00963355  102  102  i
 103  0.018144  103  103  i
 104  0.0112826  104  104  i
 105  0.00955046  105  105  i
 106  0.0249687  106  106  i
 107  0.00700813  107  107  i
 108  0.00823844  108  108  i
 109  0.00190291  109  109  i
 110  0.00392481  110  110  i
 111  0.00538163  111  111  i
 112  0.0214697  112  112  i
 113  0.0139786  113  113  i
 115  0.0117084  115  115  i
 117  0.0136774  117  117  i
 118  0.011571  118  118  i
 121  0.00998219  121  121  i
 122  0.0112732  122  122  i
 123  0.00242225  123  123  i
 125  0.00499596  125  125  i
 126  0.00190291  126  126  i
 127  0.00700813  127  127  i
 129  0.00392481  129  129  i
 138  0.0107752  138  138  i
 140  0.00714289  140  140  i
 141  0.0192198  141  141  i
 142  0.00214694  142  142  i
 145  0.00581619  145  145  i
 146  0.00442812  146  146  i
 147  0.00214694  147  147  i
 152  0.0126666  152  152  i
 162  0.00308332  162  162  i
 168  0.0048798  168  168  i
 169  0.00456918  169  169  i
 172  0.00700813  172  172  i
 173  0.00392481  173  173  i
 179  0.00563662  179  179  i
 180  0.00190291  180  180  i
 181  0.00273287  181  181  i
 182  0.00678272  182  182  i
 184  0.00590097  184  184  i
 185  0.00665768  185  185  i
 187  0.00190291  187  187  i
 190  0.00784963  190  190  i
 191  0.0150134  191  191  i
 192  0.00442812  192  192  i
 193  0.0108669  193  193  i
 197  0.00563662  197  197  i
 200  0.00308332  200  200  i
 201  0.00582773  201  201  i
 202  0.00499596  202  202  i
 203  0.0123559  203  203  i
 206  0.00523026  206  206  i
 209  0.00308332  209  209  i
 210  0.020532  210  210  i
 211  0.00463578  211  211  i
 212  0.00889951  212  212  i
 213  0.00563662  213  213  i
 214  0.00242225  214  214  i
 215  0.00404985  215  215  i
 216  0.0336431  216  216  i
 217  0.0235437  217  217  i
 218  0.019648  218  218  i
 219  0.0140349  219  219  i
 220  0.00432516  220  220  i
 221  0.00190291  221  221  i
 222  0.00930644  222  222  i
 223  0.0106229  223  223  i
 224  0.0158975  224  224  i
 225  0.00920497  225  225  i
 226  0.0168954  226  226  i
 227  0.0160275  227  227  i
 228  0.00700813  228  228  i
 229  0.0111422  229  229  i
 230  0.0156188  230  230  i
 231  0.0191872  231  231  i
 232  0.0139951  232  232  i
 233  0.0100174  233  233  i
 234  0.0168276  234  234  i
 235  0.00590097  235  235  i
 236  0.00847796  236  236  i
 237  0.0312648  237  237  i
 238  0.0136816  238  238  i
 239  0.00656204  239  239  i
 240  0.0503808  240  240  i
 241  0.0198695  241  241  i
 242  0.00214694  242  242  i
 243  0.00910437  243  243  i
 244  0.00538163  244  244  i
 245  0.0219981  245  245  i
 246  0.0115891  246  246  i
 247  0.0371336  247  247  i
 248  0.00898429  248  248  i
 249  0.039802  249  249  i
 250  0.00242225  250  250  i
 251  0.0297804  251  251  i
 252  0.0303481  252  252  i
 253  0.0602213  253  253  i
 254  0.0579549  254  254  i
 255  0.0293149  255  255  i
 256  0.0229798  256  256  i
 257  0.0338907  257  257  i
 258  0.0553433  258  258  i
 259  0.0677742  259  259  i
 260  0.0786122  260  260  i
 261  0.0731486  261  261  i
 262  0.0640358  262  262  i
 263  0.0534755  263  263  i
 264  0.0642154  264  264  i
 265  0.063447  265  265  i
 266  0.0755864  266  266  i
 267  0.139814  267  267  i
 268  0.114074  268  268  i
 269  0.0684729  269  269  i
 270  0.0828865  270  270  i
 271  0.0722024  271  271  i
 272  0.13304  272  272  i
 273  0.0998769  273  273  i
 274  0.15804  274  274  i
 275  0.210895  275  275  i
 276  0.0886582  276  276  i
 277  0.104321  277  277  i
 278  0.108045  278  278  i
 279  0.119699  279  279  i
 280  0.19524  280  280  i
 281  0.294062  281  281  i
 282  0.321254  282  282  i
 283  0.12348  283  283  i
 284  0.119436  284  284  i
 285  0.172949  285  285  i
 286  0.261045  286  286  i
 287  0.437964  287  287  i
 288  0.396171  288  288  i
 289  0.525583  289  289  i
 290  0.423971  290  290  i
 291  0.195329  291  291  i
 292  0.338458  292  292  i
 293  0.521344  293  293  i
 294  0.625625  294  294  i
 295  0.608593  295  295  i
 296  0.70945  296  296  i
 297  0.479739  297  297  i
 298  0.364396  298  298  i
 299  0.636337  299  299  i
 300  0.804937  300  300  i
 301  1.03627  301  301  i
 302  0.953335  302  302  i
 303  0.947035  303  303  i
 304  0.973058  304  304  i
 305  0.371936  305  305  i
 306  0.860008  306  306  i
 307  1.15786  307  307  i
 308  0.96927  308  308  i
 309  0.904345  309  309  i
 310  1.04912  310  310  i
 311  0.943281  311  311  i
 312  0.500504  312  312  i
 313  0.553271  313  313  i
 314  0.86736  314  314  i
 315  1.13164  315  315  i
 316  0.897239  316  316  i
 317  0.784304  317  317  i
 318  0.472117  318  318  i
 319  0.185023  319  319  i
 320  0.298707  320  320  i
 321  0.536434  321  321  i
 322  0.624346  322  322  i
 323  0.476302  323  323  i
 324  0.352755  324  324  i
 325  0.202051  325  325  i
 326  0.0843039  326  326  i
 327  0.266986  327  327  i
 328  0.355585  328  328  i
 329  0.385894  329  329  i
 330  0.424195  330  330  i
 331  0.414904  331  331  i
 332  0.162475  332  332  i
 333  0.0762667  333  333  i
 334  0.331153  334  334  i
 335  0.416203  335  335  i
 336  0.335323  336  336  i
 337  0.266123  337  337  i
 338  0.297576  338  338  i
 339  0.175909  339  339  i
 340  0.0417456  340  340  i
 341  0.195104  341  341  i
 342  0.464214  342  342  i
 343  0.20578  343  343  i
 344  0.29541  344  344  i
 345  0.250742  345  345  i
 346  0.213704  346  346  i
 347  0.058781  347  347  i
 348  0.306353  348  348  i
 349  0.479259  349  349  i
 350  0.337992  350  350  i
 351  0.363048  351  351  i
 352  0.419349  352  352  i
 353  0.285379  353  353  i
 354  0.076235  354  354  i
 355  0.404396  355  355  i
 356  0.529261  356  356  i
 357  0.438728  357  357  i
 358  0.587202  358  358  i
 359  0.46449  359  359  i
 360  0.383554  360  360  i
 361  0.110424  361  361  i
 362  0.565756  362  362  i
 363  0.776663  363  363  i
 364  0.80007  364  364  i
 365  0.347452  365  365  i
 366  0.129297  366  366  i
 367  0.209573  367  367  i
 368  0.237368  368  368  i
 369  0.833494  369  369  i
 370  1.28614  370  370  i
 371  1.16024  371  371  i
 372  1.05312  372  372  i
 373  0.16962  373  373  i
 374  0.31067  374  374  i
 375  0.428653  375  375  i
 376  0.867653  376  376  i
 377  1.32951  377  377  i
 378  1.10462  378  378  i
 379  0.975677  379  379  i
 380  0.800489  380  380  i
 381  0.49674  381  381  i
 382  0.17053  382  382  i
 383  0.632518  383  383  i
 384  0.772113  384  384  i
 385  0.761576  385  385  i
 386  0.52386  386  386  i
 387  0.584166  387  387  i
 388  0.398218  388  388  i
 389  0.105526  389  389  i
 390  0.571276  390  390  i
 391  0.628506  391  391  i
 392  0.658516  392  392  i
 393  0.560568  393  393  i
 394  0.52279  394  394  i
 395  0.28514  395  395  i
 396  0.123315  396  396  i
 397  0.607801  397  397  i
 398  0.770958  398  398  i
 399  0.597766  399  399  i
 400  0.547878  400  400  i
 401  0.411127  401  401  i
 402  0.260785  402  402  i
 403  0.149309  403  403  i
 404  0.599143  404  404  i
 405  0.814043  405  405  i
 406  0.643917  406  406  i
 407  0.611401  407  407  i
 408  0.608351  408  408  i
 409  0.376774  409  409  i
 410  0.157931  410  410  i
 411  0.653125  411  411  i
 412  0.681581  412  412  i
 413  0.781669  413  413  i
 414  0.698229  414  414  i
 415  0.652869  415  415  i
 416  0.436877  416  416  i
 417  0.226779  417  417  i
 418  0.693123  418  418  i
 419  1.03275  419  419  i
 420  0.891606  420  420  i
 421  0.923571  421  421  i
 422  1.02575  422  422  i
 423  0.66544  423  423  i
 424  0.315182  424  424  i
 425  0.931515  425  425  i
 426  1.33468  426  426  i
 427  1.16072  427  427  i
 428  1.33352  428  428  i
 429  1.22884  429  429  i
 430  0.78063  430  430  i
 431  0.386714  431  431  i
 432  1.02001  432  432  i
 433  1.63705  433  433  i
 434  1.25773  434  434  i
 435  1.27679  435  435  i
 436  1.22714  436  436  i
 437  0.794357  437  437  i
 438  0.276487  438  438  i
 439  0.863562  439  439  i
 440  1.33749  440  440  i
 441  1.27292  441  441  i
 442  0.916696  442  442  i
 443  1.40883  443  443  i
 444  0.606815  444  444  i
 445  0.273004  445  445  i
 446  0.626977  446  446  i
 447  1.22211  447  447  i
 448  1.02672  448  448  i
 449  0.823292  449  449  i
 450  0.843577  450  450  i
 451  0.514879  451  451  i
 452  0.157773  452  452  i
 453  0.736484  453  453  i
 454  0.975755  454  454  i
 455  0.659525  455  455  i
 456  0.566685  456  456  i
 457  0.699532  457  457  i
 458  0.272268  458  458  i
 459  0.0937503  459  459  i
 460  0.542172  460  460  i
 461  0.640637  461  461  i
 462  0.432603  462  462  i
 463  0.330577  463  463  i
 464  0.269279  464  464  i
 465  0.172026  465  465  i
 466  0.152034  466  466  i
 467  0.0951348  467  467  i
 468  0.343531  468  468  i
 469  0.536604  469  469  i
 470  0.2683  470  470  i
 471  0.261609  471  471  i
 472  0.119543  472  472  i
 473  0.08489  473  473  i
 474  0.235318  474  474  i
 475  0.309642  475  475  i
 476  0.183566  476  476  i
 477  0.158742  477  477  i
 478  0.0989378  478  478  i
 479  0.075474  479  479  i
 480  0.0381831  480  480  i
 481  0.19771  481  481  i
 482  0.236262  482  482  i
 483  0.161245  483  483  i
 484  0.158199  484  484  i
 485  0.139494  485  485  i
 486  0.121877  486  486  i
 487  0.0565761  487  487  i
 488  0.168701  488  488  i
 489  0.192622  489  489  i
 490  0.139447  490  490  i
 491  0.125844  491  491  i
 492  0.119782  492  492  i
 493  0.0575902  493  493  i
 494  0.0163928  494  494  i
 495  0.113264  495  495  i
 496  0.145854  496  496  i
 497  0.0728105  497  497  i
 498  0.0725874  498  498  i
 499  0.0881868  499  499  i
 500  0.0373963  500  500  i
 501  0.0165529  501  501  i
 502  0.0450969  502  502  i
 503  0.0852998  503  503  i
 504  0.0581259  504  504  i
 505  0.0630976  505  505  i
 506  0.0436237  506  506  i
 507  0.0292981  507  507  i
 508  0.00751144  508  508  i
 509  0.0520686  509  509  i
 510  0.0636511  510  510  i
 511  0.0384818  511  511  i
 512  0.00581619  512  512  i
 513  0.0156585  513  513  i
 514  0.00716099  514  514  i
 515  0.00347872  515  515  i
 516  0.014915  516  516  i
 517  0.0199672  517  517  i
 518  0.012054  518  518  i
 519  0.0207883  519  519  i
 520  0.00619678  520  520  i
 521  0.00538163  521  521  i
 523  0.0123995  523  523  i
 524  0.0149296  524  524  i
 525  0.00741821  525  525  i
 526  0.00685037  526  526  i
 527  0.00347872  527  527  i
 528  0.0119396  528  528  i
 530  0.0118366  530  530  i
 531  0.020673  531  531  i
 532  0.0165259  532  532  i
 533  0.00773064  533  533  i


