
# Curve 0 of 1, 306 points
# Curve title: "daily incidence"
# x y xlow xhigh type
-1  217197 -1 -1  i
 77  1  77  77  i
 78  3  78  78  i
 79  1  79  79  i
 80  1  80  80  i
 84  2  84  84  i
 85  3  85  85  i
 86  3  86  86  i
 87  2  87  87  i
 90  2  90  90  i
 91  1  91  91  i
 92  1  92  92  i
 93  3  93  93  i
 94  2  94  94  i
 95  1  95  95  i
 96  2  96  96  i
 98  2  98  98  i
 99  3  99  99  i
 100  2  100  100  i
 101  1  101  101  i
 102  1  102  102  i
 103  1  103  103  i
 105  2  105  105  i
 106  4  106  106  i
 110  1  110  110  i
 114  1  114  114  i
 115  1  115  115  i
 117  1  117  117  i
 120  1  120  120  i
 126  1  126  126  i
 131  1  131  131  i
 136  2  136  136  i
 140  2  140  140  i
 142  1  142  142  i
 145  1  145  145  i
 146  1  146  146  i
 151  1  151  151  i
 165  1  165  165  i
 184  1  184  184  i
 186  1  186  186  i
 191  1  191  191  i
 197  1  197  197  i
 200  1  200  200  i
 203  1  203  203  i
 204  1  204  204  i
 205  3  205  205  i
 206  1  206  206  i
 230  2  230  230  i
 231  1  231  231  i
 232  1  232  232  i
 233  4  233  233  i
 234  1  234  234  i
 235  1  235  235  i
 236  2  236  236  i
 238  3  238  238  i
 239  2  239  239  i
 240  2  240  240  i
 241  4  241  241  i
 242  1  242  242  i
 244  2  244  244  i
 245  7  245  245  i
 246  2  246  246  i
 247  11  247  247  i
 248  3  248  248  i
 250  6  250  250  i
 251  7  251  251  i
 252  2  252  252  i
 253  4  253  253  i
 254  10  254  254  i
 255  9  255  255  i
 256  6  256  256  i
 257  6  257  257  i
 258  6  258  258  i
 259  7  259  259  i
 260  18  260  260  i
 261  15  261  261  i
 262  8  262  262  i
 263  5  263  263  i
 264  3  264  264  i
 265  18  265  265  i
 266  14  266  266  i
 267  16  267  267  i
 268  18  268  268  i
 269  10  269  269  i
 270  13  270  270  i
 271  18  271  271  i
 272  13  272  272  i
 273  31  273  273  i
 274  26  274  274  i
 275  45  275  275  i
 276  25  276  276  i
 277  13  277  277  i
 278  30  278  278  i
 279  31  279  279  i
 280  38  280  280  i
 281  44  281  281  i
 282  71  282  282  i
 283  46  283  283  i
 284  20  284  284  i
 285  21  285  285  i
 286  72  286  286  i
 287  48  287  287  i
 288  64  288  288  i
 289  74  289  289  i
 290  61  290  290  i
 291  20  291  291  i
 292  69  292  292  i
 293  83  293  293  i
 294  117  294  294  i
 295  96  295  295  i
 296  108  296  296  i
 297  117  297  297  i
 298  54  298  298  i
 299  67  299  299  i
 300  114  300  300  i
 301  142  301  301  i
 302  104  302  302  i
 303  130  303  303  i
 304  108  304  304  i
 305  48  305  305  i
 306  75  306  306  i
 307  97  307  307  i
 308  174  308  308  i
 309  146  309  309  i
 310  127  310  310  i
 311  56  311  311  i
 312  35  312  312  i
 313  33  313  313  i
 314  70  314  314  i
 315  112  315  315  i
 316  98  316  316  i
 317  78  317  317  i
 318  40  318  318  i
 319  7  319  319  i
 320  49  320  320  i
 321  35  321  321  i
 322  75  322  322  i
 323  57  323  323  i
 324  60  324  324  i
 325  28  325  325  i
 326  12  326  326  i
 327  46  327  327  i
 328  61  328  328  i
 329  48  329  329  i
 330  73  330  330  i
 331  53  331  331  i
 332  24  332  332  i
 333  7  333  333  i
 334  36  334  334  i
 335  58  335  335  i
 336  36  336  336  i
 337  57  337  337  i
 338  42  338  338  i
 339  40  339  339  i
 340  14  340  340  i
 341  38  341  341  i
 342  66  342  342  i
 343  54  343  343  i
 344  50  344  344  i
 345  70  345  345  i
 346  33  346  346  i
 347  8  347  347  i
 348  46  348  348  i
 349  73  349  349  i
 350  67  350  350  i
 351  72  351  351  i
 352  84  352  352  i
 353  34  353  353  i
 354  24  354  354  i
 355  65  355  355  i
 356  96  356  356  i
 357  111  357  357  i
 358  36  358  358  i
 359  18  359  359  i
 360  26  360  360  i
 361  40  361  361  i
 362  106  362  362  i
 363  159  363  363  i
 364  182  364  364  i
 365  175  365  365  i
 366  41  366  366  i
 367  44  367  367  i
 368  53  368  368  i
 369  137  369  369  i
 370  181  370  370  i
 371  182  371  371  i
 372  197  372  372  i
 373  137  373  373  i
 374  108  374  374  i
 375  20  375  375  i
 376  93  376  376  i
 377  133  377  377  i
 378  116  378  378  i
 379  72  379  379  i
 380  97  380  380  i
 381  49  381  381  i
 382  16  382  382  i
 383  63  383  383  i
 384  88  384  384  i
 385  91  385  385  i
 386  75  386  386  i
 387  72  387  387  i
 388  44  388  388  i
 389  20  389  389  i
 390  74  390  390  i
 391  76  391  391  i
 392  93  392  392  i
 393  60  393  393  i
 394  68  394  394  i
 395  35  395  395  i
 396  12  396  396  i
 397  81  397  397  i
 398  89  398  398  i
 399  91  399  399  i
 400  92  400  400  i
 401  89  401  401  i
 402  56  402  402  i
 403  23  403  403  i
 404  65  404  404  i
 405  89  405  405  i
 406  96  406  406  i
 407  80  407  407  i
 408  66  408  408  i
 409  56  409  409  i
 410  17  410  410  i
 411  90  411  411  i
 412  120  412  412  i
 413  109  413  413  i
 414  92  414  414  i
 415  129  415  415  i
 416  60  416  416  i
 417  30  417  417  i
 418  96  418  418  i
 419  113  419  419  i
 420  122  420  420  i
 421  143  421  421  i
 422  135  422  422  i
 423  80  423  423  i
 424  40  424  424  i
 425  131  425  425  i
 426  184  426  426  i
 427  131  427  427  i
 428  153  428  428  i
 429  134  429  429  i
 430  90  430  430  i
 431  33  431  431  i
 432  100  432  432  i
 433  138  433  433  i
 434  150  434  434  i
 435  115  435  435  i
 436  151  436  436  i
 437  68  437  437  i
 438  34  438  438  i
 439  97  439  439  i
 440  158  440  440  i
 441  121  441  441  i
 442  100  442  442  i
 443  127  443  443  i
 444  46  444  444  i
 445  26  445  445  i
 446  79  446  446  i
 447  110  447  447  i
 448  76  448  448  i
 449  76  449  449  i
 450  85  450  450  i
 451  38  451  451  i
 452  11  452  452  i
 453  62  453  453  i
 454  74  454  454  i
 455  62  455  455  i
 456  52  456  456  i
 457  16  457  457  i
 458  16  458  458  i
 459  12  459  459  i
 460  19  460  460  i
 461  31  461  461  i
 462  46  462  462  i
 463  35  463  463  i
 464  26  464  464  i
 465  17  465  465  i
 466  9  466  466  i
 467  34  467  467  i
 468  26  468  468  i
 469  28  469  469  i
 470  15  470  470  i
 471  18  471  471  i
 472  12  472  472  i
 473  8  473  473  i
 474  14  474  474  i
 475  18  475  475  i
 476  9  476  476  i
 477  12  477  477  i
 478  20  478  478  i
 479  11  479  479  i
 480  4  480  480  i
 481  15  481  481  i
 482  12  482  482  i
 483  14  483  483  i
 484  12  484  484  i
 485  11  485  485  i
 486  8  486  486  i
 487  6  487  487  i
 488  6  488  488  i
 489  22  489  489  i
 490  6  490  490  i


