
# Curve 0 of 1, 220 points
# Curve title: "CFR predicted deaths"
# x y xlow xhigh type
-1  3012.54 -1 -1  i
 89  0.145212  89  89  i
 93  0.381244  93  93  i
 99  0.39339  99  99  i
 100  0.498971  100  100  i
 102  0.163834  102  102  i
 107  0.23529  107  107  i
 128  0.23529  128  128  i
 158  0.145212  158  158  i
 174  0.163834  174  174  i
 231  0.184843  231  231  i
 234  0.163834  234  234  i
 240  0.337912  240  240  i
 241  0.337912  241  241  i
 248  0.163834  248  248  i
 255  0.184843  255  255  i
 259  0.353759  259  259  i
 268  0.47288  268  268  i
 270  0.39339  270  270  i
 271  0.208547  271  271  i
 272  0.47288  272  272  i
 274  0.410675  274  274  i
 275  0.145212  275  275  i
 279  0.872003  279  279  i
 280  2.35  280  280  i
 281  0.755005  281  281  i
 282  0.989795  282  282  i
 283  0.327667  283  283  i
 285  1.12439  285  285  i
 286  0.882248  286  286  i
 287  1.0196  287  287  i
 288  0.583967  288  288  i
 289  0.53352  289  289  i
 290  1.20668  290  290  i
 292  1.02035  292  292  i
 293  2.07437  293  293  i
 294  2.28006  294  294  i
 295  0.604976  295  295  i
 296  1.25169  296  296  i
 297  1.34141  297  297  i
 298  0.37238  298  298  i
 299  0.309046  299  299  i
 300  2.65197  300  300  i
 301  3.71113  301  301  i
 302  3.16725  302  302  i
 303  0.948147  303  303  i
 304  2.80421  304  304  i
 305  0.517593  305  305  i
 306  1.77261  306  306  i
 307  5.17855  307  307  i
 308  5.27529  308  308  i
 309  2.36674  309  309  i
 310  3.27907  310  310  i
 311  4.53696  311  311  i
 312  0.208547  312  312  i
 313  1.887  313  313  i
 314  3.99446  314  314  i
 315  15.2927  315  315  i
 316  4.42748  316  316  i
 317  8.54252  317  317  i
 318  2.72752  318  318  i
 319  0.353759  319  319  i
 320  0.948147  320  320  i
 321  3.66624  321  321  i
 322  5.21007  322  322  i
 323  4.56772  323  323  i
 324  3.99553  324  324  i
 325  3.21072  325  325  i
 326  0.330055  326  326  i
 327  1.95442  327  327  i
 328  1.29682  328  328  i
 329  4.1275  329  329  i
 330  6.21442  330  330  i
 331  4.10926  331  331  i
 332  1.28879  332  332  i
 333  0.145212  333  333  i
 334  2.63971  334  334  i
 335  2.78043  335  335  i
 336  1.35248  336  336  i
 337  5.68588  337  337  i
 338  1.14715  338  338  i
 339  0.514899  339  339  i
 341  2.50225  341  341  i
 342  1.56871  342  342  i
 343  2.16775  343  343  i
 344  1.69539  344  344  i
 345  2.23573  345  345  i
 346  1.30429  346  346  i
 347  0.589049  347  347  i
 348  1.93884  348  348  i
 349  2.51282  349  349  i
 350  2.14738  350  350  i
 351  1.24544  351  351  i
 352  5.50233  352  352  i
 355  1.20403  355  355  i
 356  0.47058  356  356  i
 357  2.87086  357  357  i
 358  0.729179  358  358  i
 359  1.07482  359  359  i
 360  1.20049  360  360  i
 361  0.463338  361  361  i
 362  1.09167  362  362  i
 363  2.11245  363  363  i
 364  2.53311  364  364  i
 365  0.85577  365  365  i
 366  0.299504  366  366  i
 367  0.23529  367  367  i
 368  0.791177  368  368  i
 369  1.37983  369  369  i
 370  1.53997  370  370  i
 371  4.55378  371  371  i
 372  1.1894  372  372  i
 373  1.35448  373  373  i
 374  0.208547  374  374  i
 375  1.0301  375  375  i
 376  1.65003  376  376  i
 377  4.33283  377  377  i
 378  3.72063  378  378  i
 379  6.36296  379  379  i
 380  2.66441  380  380  i
 381  2.43965  381  381  i
 382  0.595518  382  382  i
 383  2.17488  383  383  i
 384  2.57135  384  384  i
 385  1.54628  385  385  i
 386  2.49326  386  386  i
 387  1.79826  387  387  i
 388  1.07748  388  388  i
 389  0.163834  389  389  i
 390  2.67445  390  390  i
 391  2.11148  391  391  i
 392  7.0557  392  392  i
 393  2.48273  393  393  i
 394  3.04562  394  394  i
 395  1.07398  395  395  i
 396  0.630505  396  396  i
 397  2.47201  397  397  i
 398  1.0301  398  398  i
 399  8.88735  399  399  i
 400  1.73715  400  400  i
 401  1.0196  401  401  i
 402  0.163834  402  402  i
 403  0.299504  403  403  i
 404  1.04842  404  404  i
 405  1.47394  405  405  i
 406  4.30926  406  406  i
 407  2.18217  407  407  i
 408  1.327  408  408  i
 409  2.97868  409  409  i
 410  0.337912  410  410  i
 411  0.678732  411  411  i
 412  1.86612  412  412  i
 413  2.67101  413  413  i
 414  3.87092  414  414  i
 415  1.30452  415  415  i
 416  1.00879  416  416  i
 418  1.51349  418  418  i
 419  1.70355  419  419  i
 420  2.60073  420  420  i
 421  1.77991  421  421  i
 422  1.33758  422  422  i
 423  1.05738  423  423  i
 424  0.998133  424  424  i
 425  1.73966  425  425  i
 426  1.8107  426  426  i
 427  1.43653  427  427  i
 428  1.31884  428  428  i
 429  2.76446  429  429  i
 430  0.145212  430  430  i
 431  0.23529  431  431  i
 432  1.52907  432  432  i
 433  1.17262  433  433  i
 434  0.683814  434  434  i
 435  1.13625  435  435  i
 436  1.66483  436  436  i
 437  0.330055  437  437  i
 438  0.485292  438  438  i
 439  0.937726  439  439  i
 440  0.843696  440  440  i
 441  1.52458  441  441  i
 442  0.826639  442  442  i
 443  2.05263  443  443  i
 444  0.265463  444  444  i
 445  0.381244  445  445  i
 446  0.875133  446  446  i
 447  1.0263  447  447  i
 448  1.09648  448  448  i
 449  1.05897  449  449  i
 450  1.20418  450  450  i
 451  0.667967  451  451  i
 452  0.855392  452  452  i
 453  0.163834  453  453  i
 454  1.04603  454  454  i
 455  0.601937  455  455  i
 456  1.05886  456  456  i
 457  1.22576  457  457  i
 460  0.23529  460  460  i
 461  0.37238  461  461  i
 462  0.454258  462  462  i
 463  0.493889  463  463  i
 465  0.337912  465  465  i
 466  0.163834  466  466  i
 467  0.299504  467  467  i
 468  0.983181  468  468  i
 469  0.265463  469  469  i
 471  0.580927  471  471  i
 472  0.337912  472  472  i
 474  0.381244  474  474  i
 475  0.208547  475  475  i
 476  1.22559  476  476  i
 477  0.608551  477  477  i
 478  0.145212  478  478  i
 479  0.163834  479  479  i
 483  0.163834  483  483  i
 484  0.299504  484  484  i
 485  0.775717  485  485  i
 486  0.485292  486  486  i
 487  0.485292  487  487  i
 488  0.429296  488  488  i


