
# Curve 0 of 1, 103 points
# Curve title: "2nd dose"
# x y xlow xhigh type
-1  83181 -1 -1  i
 365  0  365  365  i
 367  0  367  367  i
 369  0  369  369  i
 370  0  370  370  i
 371  0  371  371  i
 372  0  372  372  i
 373  0  373  373  i
 374  0  374  374  i
 375  0  375  375  i
 376  0  376  376  i
 377  0  377  377  i
 378  0  378  378  i
 379  0  379  379  i
 380  0  380  380  i
 383  0  383  383  i
 384  0  384  384  i
 385  0  385  385  i
 386  2  386  386  i
 387  0  387  387  i
 388  20  388  388  i
 390  14  390  390  i
 391  11  391  391  i
 392  57  392  392  i
 393  36  393  393  i
 394  140  394  394  i
 395  7  395  395  i
 396  11  396  396  i
 397  94  397  397  i
 398  194  398  398  i
 399  160  399  399  i
 400  158  400  400  i
 401  229  401  401  i
 402  8  402  402  i
 404  215  404  404  i
 405  141  405  405  i
 406  156  406  406  i
 407  144  407  407  i
 408  162  408  408  i
 409  0  409  409  i
 410  0  410  410  i
 411  74  411  411  i
 412  112  412  412  i
 413  56  413  413  i
 414  78  414  414  i
 415  46  415  415  i
 416  0  416  416  i
 417  0  417  417  i
 418  45  418  418  i
 419  26  419  419  i
 420  43  420  420  i
 421  56  421  421  i
 422  57  422  422  i
 423  0  423  423  i
 424  0  424  424  i
 425  28  425  425  i
 426  14  426  426  i
 427  24  427  427  i
 428  40  428  428  i
 429  52  429  429  i
 430  0  430  430  i
 431  4  431  431  i
 432  14  432  432  i
 433  43  433  433  i
 434  46  434  434  i
 435  51  435  435  i
 436  80  436  436  i
 437  7  437  437  i
 438  9  438  438  i
 439  24  439  439  i
 440  58  440  440  i
 441  17  441  441  i
 442  41  442  442  i
 443  63  443  443  i
 444  3  444  444  i
 445  1  445  445  i
 446  216  446  446  i
 447  212  447  447  i
 448  165  448  448  i
 449  207  449  449  i
 450  229  450  450  i
 451  30  451  451  i
 452  61  452  452  i
 453  337  453  453  i
 454  301  454  454  i
 455  183  455  455  i
 456  329  456  456  i
 457  161  457  457  i
 458  80  458  458  i
 459  58  459  459  i
 460  93  460  460  i
 461  215  461  461  i
 462  113  462  462  i
 463  133  463  463  i
 464  208  464  464  i
 465  24  465  465  i
 466  6  466  466  i
 467  154  467  467  i
 468  156  468  468  i
 469  133  469  469  i
 470  89  470  470  i
 471  153  471  471  i


