
# Curve 0 of 1, 100 points
# Curve title: "2nd dose"
# x y xlow xhigh type
-1  54664 -1 -1  i
 365  0  365  365  i
 367  0  367  367  i
 369  0  369  369  i
 370  0  370  370  i
 371  0  371  371  i
 372  0  372  372  i
 373  0  373  373  i
 374  0  374  374  i
 375  0  375  375  i
 376  0  376  376  i
 377  0  377  377  i
 378  0  378  378  i
 379  0  379  379  i
 380  0  380  380  i
 383  0  383  383  i
 384  0  384  384  i
 385  0  385  385  i
 386  2  386  386  i
 387  0  387  387  i
 388  4  388  388  i
 390  3  390  390  i
 391  3  391  391  i
 392  7  392  392  i
 393  12  393  393  i
 394  43  394  394  i
 395  4  395  395  i
 396  3  396  396  i
 397  17  397  397  i
 398  43  398  398  i
 399  33  399  399  i
 400  45  400  400  i
 401  61  401  401  i
 402  2  402  402  i
 403  0  403  403  i
 404  92  404  404  i
 405  53  405  405  i
 406  67  406  406  i
 407  93  407  407  i
 408  111  408  408  i
 409  0  409  409  i
 410  0  410  410  i
 411  34  411  411  i
 412  55  412  412  i
 413  32  413  413  i
 414  51  414  414  i
 415  54  415  415  i
 416  2  416  416  i
 417  0  417  417  i
 418  60  418  418  i
 419  26  419  419  i
 420  38  420  420  i
 421  50  421  421  i
 422  21  422  422  i
 423  0  423  423  i
 424  0  424  424  i
 425  54  425  425  i
 426  16  426  426  i
 427  16  427  427  i
 428  34  428  428  i
 429  59  429  429  i
 430  0  430  430  i
 431  14  431  431  i
 432  19  432  432  i
 433  38  433  433  i
 434  33  434  434  i
 435  45  435  435  i
 436  101  436  436  i
 437  9  437  437  i
 438  2  438  438  i
 439  55  439  439  i
 440  48  440  440  i
 441  14  441  441  i
 442  46  442  442  i
 443  88  443  443  i
 444  11  444  444  i
 445  3  445  445  i
 446  167  446  446  i
 447  261  447  447  i
 448  209  448  448  i
 449  519  449  449  i
 450  800  450  450  i
 451  119  451  451  i
 452  107  452  452  i
 453  1300  453  453  i
 454  1492  454  454  i
 455  1546  455  455  i
 456  2633  456  456  i
 457  1208  457  457  i
 458  574  458  458  i
 459  320  459  459  i
 460  1018  460  460  i
 461  2082  461  461  i
 462  1218  462  462  i
 463  2105  463  463  i
 464  1930  464  464  i
 465  513  465  465  i
 466  199  466  466  i
 467  1663  467  467  i


