
# Curve 0 of 1, 159 points
# Curve title: "1st dose"
# x y xlow xhigh type
-1  362421 -1 -1  i
 365  2  365  365  i
 367  3  367  367  i
 369  5  369  369  i
 370  3  370  370  i
 371  7  371  371  i
 372  19  372  372  i
 373  39  373  373  i
 374  4  374  374  i
 375  3  375  375  i
 376  23  376  376  i
 377  59  377  377  i
 378  50  378  378  i
 379  48  379  379  i
 380  67  380  380  i
 383  91  383  383  i
 384  40  384  384  i
 385  79  385  385  i
 386  103  386  386  i
 387  132  387  387  i
 388  0  388  388  i
 390  50  390  390  i
 391  80  391  391  i
 392  51  392  392  i
 393  43  393  393  i
 394  35  394  394  i
 395  7  395  395  i
 396  11  396  396  i
 397  59  397  397  i
 398  18  398  398  i
 399  31  399  399  i
 400  64  400  400  i
 401  52  401  401  i
 402  0  402  402  i
 403  6  403  403  i
 404  52  404  404  i
 405  59  405  405  i
 406  37  406  406  i
 407  103  407  407  i
 408  106  408  408  i
 409  18  409  409  i
 410  13  410  410  i
 411  89  411  411  i
 412  70  412  412  i
 413  131  413  413  i
 414  119  414  414  i
 415  236  415  415  i
 416  30  416  416  i
 417  3  417  417  i
 418  119  418  418  i
 419  143  419  419  i
 420  152  420  420  i
 421  230  421  421  i
 422  336  422  422  i
 423  119  423  423  i
 424  8  424  424  i
 425  417  425  425  i
 426  738  426  426  i
 427  1217  427  427  i
 428  1862  428  428  i
 429  2046  429  429  i
 430  304  430  430  i
 431  149  431  431  i
 432  2691  432  432  i
 433  2921  433  433  i
 434  3138  434  434  i
 435  3402  435  435  i
 436  3439  436  436  i
 437  884  437  437  i
 438  508  438  438  i
 439  2581  439  439  i
 440  2574  440  440  i
 441  2922  441  441  i
 442  2467  442  442  i
 443  1725  443  443  i
 444  776  444  444  i
 445  151  445  445  i
 446  1554  446  446  i
 447  2044  447  447  i
 448  1339  448  448  i
 449  1320  449  449  i
 450  1009  450  450  i
 451  339  451  451  i
 452  171  452  452  i
 453  887  453  453  i
 454  1046  454  454  i
 455  1017  455  455  i
 456  574  456  456  i
 457  83  457  457  i
 458  120  458  458  i
 459  8  459  459  i
 460  32  460  460  i
 461  468  461  461  i
 462  868  462  462  i
 463  2307  463  463  i
 464  2564  464  464  i
 465  818  465  465  i
 466  545  466  466  i
 467  3227  467  467  i
 468  3407  468  468  i
 469  2085  469  469  i
 470  2274  470  470  i
 471  1926  471  471  i
 472  300  472  472  i
 473  270  473  473  i
 474  1410  474  474  i
 475  1528  475  475  i
 476  880  476  476  i
 477  1241  477  477  i
 478  948  478  478  i
 479  204  479  479  i
 480  101  480  480  i
 481  672  481  481  i
 482  855  482  482  i
 483  767  483  483  i
 484  868  484  484  i
 485  624  485  485  i
 486  110  486  486  i
 487  145  487  487  i
 488  635  488  488  i
 489  742  489  489  i
 490  892  490  490  i
 491  843  491  491  i
 492  711  492  492  i
 493  111  493  493  i
 494  79  494  494  i
 495  568  495  495  i
 496  650  496  496  i
 497  581  497  497  i
 498  477  498  498  i
 499  317  499  499  i
 500  84  500  500  i
 501  80  501  501  i
 502  272  502  502  i
 503  347  503  503  i
 504  377  504  504  i
 505  390  505  505  i
 506  252  506  506  i
 507  52  507  507  i
 508  46  508  508  i
 509  219  509  509  i
 510  211  510  510  i
 511  295  511  511  i
 512  281  512  512  i
 513  257  513  513  i
 514  19  514  514  i
 515  23  515  515  i
 516  183  516  516  i
 517  215  517  517  i
 518  245  518  518  i
 519  258  519  519  i
 520  184  520  520  i
 521  63  521  521  i
 522  33  522  522  i
 523  199  523  523  i
 524  216  524  524  i
 525  308  525  525  i
 526  127  526  526  i


