
# Curve 0 of 1, 153 points
# Curve title: "1st dose"
# x y xlow xhigh type
-1  423050 -1 -1  i
 367  1  367  367  i
 371  1  371  371  i
 373  79  373  373  i
 376  1  376  376  i
 377  68  377  377  i
 378  9  378  378  i
 379  6  379  379  i
 380  19  380  380  i
 383  182  383  383  i
 384  121  384  384  i
 385  62  385  385  i
 386  186  386  386  i
 387  412  387  387  i
 388  24  388  388  i
 390  190  390  390  i
 391  353  391  391  i
 392  300  392  392  i
 393  174  393  393  i
 394  151  394  394  i
 395  20  395  395  i
 396  40  396  396  i
 397  173  397  397  i
 398  33  398  398  i
 399  89  399  399  i
 400  363  400  400  i
 401  273  401  401  i
 402  104  402  402  i
 403  68  403  403  i
 404  349  404  404  i
 405  527  405  405  i
 406  353  406  406  i
 407  731  407  407  i
 408  672  408  408  i
 409  339  409  409  i
 410  125  410  410  i
 411  1015  411  411  i
 412  1013  412  412  i
 413  1377  413  413  i
 414  1293  414  414  i
 415  1301  415  415  i
 416  446  416  416  i
 417  97  417  417  i
 418  1217  418  418  i
 419  1505  419  419  i
 420  1394  420  420  i
 421  949  421  421  i
 422  814  422  422  i
 423  328  423  423  i
 424  1  424  424  i
 425  791  425  425  i
 426  647  426  426  i
 427  476  427  427  i
 428  495  428  428  i
 429  454  429  429  i
 430  61  430  430  i
 431  49  431  431  i
 432  290  432  432  i
 433  418  433  433  i
 434  571  434  434  i
 435  527  435  435  i
 436  428  436  436  i
 437  127  437  437  i
 438  69  438  438  i
 439  271  439  439  i
 440  289  440  440  i
 441  208  441  441  i
 442  267  442  442  i
 443  234  443  443  i
 444  73  444  444  i
 445  3  445  445  i
 446  236  446  446  i
 447  252  447  447  i
 448  199  448  448  i
 449  203  449  449  i
 450  267  450  450  i
 451  27  451  451  i
 452  29  452  452  i
 453  126  453  453  i
 454  170  454  454  i
 455  156  455  455  i
 456  133  456  456  i
 457  30  457  457  i
 458  16  458  458  i
 459  2  459  459  i
 460  2  460  460  i
 461  105  461  461  i
 462  177  462  462  i
 463  230  463  463  i
 464  284  464  464  i
 465  124  465  465  i
 466  98  466  466  i
 467  315  467  467  i
 468  336  468  468  i
 469  185  469  469  i
 470  270  470  470  i
 471  210  471  471  i
 472  31  472  472  i
 473  25  473  473  i
 474  164  474  474  i
 475  185  475  475  i
 476  220  476  476  i
 477  221  477  477  i
 478  148  478  478  i
 479  23  479  479  i
 480  14  480  480  i
 481  106  481  481  i
 482  156  482  482  i
 483  137  483  483  i
 484  159  484  484  i
 485  104  485  485  i
 486  12  486  486  i
 487  23  487  487  i
 488  102  488  488  i
 489  124  489  489  i
 490  168  490  490  i
 491  157  491  491  i
 492  136  492  492  i
 493  24  493  493  i
 494  10  494  494  i
 495  109  495  495  i
 496  165  496  496  i
 497  96  497  497  i
 498  115  498  498  i
 499  88  499  499  i
 500  14  500  500  i
 501  12  501  501  i
 502  48  502  502  i
 503  65  503  503  i
 504  120  504  504  i
 505  83  505  505  i
 506  68  506  506  i
 507  9  507  507  i
 508  10  508  508  i
 509  53  509  509  i
 510  52  510  510  i
 511  45  511  511  i
 512  59  512  512  i
 513  67  513  513  i
 514  3  514  514  i
 515  6  515  515  i
 516  63  516  516  i
 517  41  517  517  i
 518  66  518  518  i
 519  49  519  519  i
 520  51  520  520  i
 521  12  521  521  i
 522  5  522  522  i
 523  46  523  523  i
 524  97  524  524  i
 525  47  525  525  i
 526  46  526  526  i


