
# Curve 0 of 1, 120 points
# Curve title: "1st dose"
# x y xlow xhigh type
 363  1  363  363  i
 365  18  365  365  i
 367  233  367  367  i
 369  127  369  369  i
 370  268  370  370  i
 371  446  371  371  i
 372  511  372  372  i
 373  1165  373  373  i
 374  195  374  374  i
 375  64  375  375  i
 376  720  376  376  i
 377  1325  377  377  i
 378  1180  378  378  i
 379  1098  379  379  i
 380  1043  380  380  i
 383  1298  383  383  i
 384  986  384  384  i
 385  1122  385  385  i
 386  1180  386  386  i
 387  1480  387  387  i
 388  24  388  388  i
 390  789  390  390  i
 391  1115  391  391  i
 392  839  392  392  i
 393  582  393  393  i
 394  590  394  394  i
 395  69  395  395  i
 396  56  396  396  i
 397  332  397  397  i
 398  183  398  398  i
 399  202  399  399  i
 400  610  400  400  i
 401  575  401  401  i
 402  107  402  402  i
 403  78  403  403  i
 404  614  404  404  i
 405  868  405  405  i
 406  777  406  406  i
 407  1056  407  407  i
 408  1177  408  408  i
 409  365  409  409  i
 410  226  410  410  i
 411  1269  411  411  i
 412  1291  412  412  i
 413  1744  413  413  i
 414  1695  414  414  i
 415  1955  415  415  i
 416  508  416  416  i
 417  98  417  417  i
 418  1622  418  418  i
 419  2141  419  419  i
 420  2059  420  420  i
 421  1684  421  421  i
 422  1789  422  422  i
 423  569  423  423  i
 424  145  424  424  i
 425  3647  425  425  i
 426  4384  426  426  i
 427  4233  427  427  i
 428  4218  428  428  i
 429  4320  429  429  i
 430  914  430  430  i
 431  780  431  431  i
 432  4351  432  432  i
 433  4491  433  433  i
 434  5237  434  434  i
 435  5872  435  435  i
 436  5480  436  436  i
 437  1685  437  437  i
 438  866  438  438  i
 439  3969  439  439  i
 440  4032  440  440  i
 441  4030  441  441  i
 442  3574  442  442  i
 443  2809  443  443  i
 444  933  444  444  i
 445  168  445  445  i
 446  2347  446  446  i
 447  3034  447  447  i
 448  2117  448  448  i
 449  2115  449  449  i
 450  2191  450  450  i
 451  455  451  451  i
 452  237  452  452  i
 453  1513  453  453  i
 454  1814  454  454  i
 455  1895  455  455  i
 456  1306  456  456  i
 457  288  457  457  i
 458  186  458  458  i
 459  51  459  459  i
 460  88  460  460  i
 461  942  461  461  i
 462  1620  462  462  i
 463  3409  463  463  i
 464  4194  464  464  i
 465  1577  465  465  i
 466  1172  466  466  i
 467  5260  467  467  i
 468  5023  468  468  i
 469  3973  469  469  i
 470  5468  470  470  i
 471  5051  471  471  i
 472  1296  472  472  i
 473  1058  473  473  i
 474  5738  474  474  i
 475  5515  475  475  i
 476  5945  476  476  i
 477  6639  477  477  i
 478  6079  478  478  i
 479  1768  479  479  i
 480  1258  480  480  i
 481  6247  481  481  i
 482  7135  482  482  i
 483  5586  483  483  i
 484  8227  484  484  i
 485  7075  485  485  i
 486  2201  486  486  i
 487  1313  487  487  i


