
# Curve 0 of 1, 206 points
# Curve title: "CFR predicted deaths B.1.1.7"
# x y xlow xhigh type
-1  2063.35 -1 -1  i
 95  1.05381  95  95  i
 96  0.145212  96  96  i
 106  0.208547  106  106  i
 117  0.208547  117  117  i
 139  0.23529  139  139  i
 161  0.145212  161  161  i
 264  0.265463  264  264  i
 283  0.163834  283  283  i
 286  0.309046  286  286  i
 287  0.163834  287  287  i
 288  0.699742  288  288  i
 289  0.652383  289  289  i
 290  0.23529  290  290  i
 291  0.667967  291  291  i
 292  2.03491  292  292  i
 293  1.10014  293  293  i
 294  3.19194  294  294  i
 295  0.163834  295  295  i
 296  0.508051  296  296  i
 297  1.35714  297  297  i
 298  0.47058  298  298  i
 299  0.574509  299  299  i
 300  1.85637  300  300  i
 301  0.444717  301  301  i
 302  0.604976  302  302  i
 303  3.31512  303  303  i
 304  1.06136  304  304  i
 305  0.163834  305  305  i
 306  1.26808  306  306  i
 307  6.87198  307  307  i
 308  0.791006  308  308  i
 309  5.55386  309  309  i
 310  0.59313  310  310  i
 311  0.23529  311  311  i
 312  0.145212  312  312  i
 313  2.6797  313  313  i
 314  2.30802  314  314  i
 315  3.90652  315  315  i
 316  1.91032  316  316  i
 317  1.50794  317  317  i
 318  0.47288  318  318  i
 319  0.908055  319  319  i
 320  0.675824  320  320  i
 321  2.47605  321  321  i
 322  1.43922  322  322  i
 323  1.76167  323  323  i
 324  2.87972  324  324  i
 325  0.903206  325  325  i
 326  0.23529  326  326  i
 327  1.34601  327  327  i
 328  1.47252  328  328  i
 329  0.653263  329  329  i
 330  1.61773  330  330  i
 331  2.53891  331  331  i
 332  0.757801  332  332  i
 333  0.184843  333  333  i
 334  0.797596  334  334  i
 335  0.208547  335  335  i
 336  1.01006  336  336  i
 337  0.817097  337  337  i
 338  0.557224  338  338  i
 339  0.538602  339  339  i
 341  0.957227  341  341  i
 342  1.51181  342  342  i
 343  1.62734  343  343  i
 344  1.28953  344  344  i
 345  0.738342  345  345  i
 346  0.79217  346  346  i
 348  0.330055  348  348  i
 349  1.51551  349  349  i
 350  1.44048  350  350  i
 351  1.67034  351  351  i
 352  0.783893  352  352  i
 353  1.04405  353  353  i
 355  0.70817  355  355  i
 356  1.29795  356  356  i
 357  1.0245  357  357  i
 358  0.353759  358  358  i
 359  1.09079  359  359  i
 360  0.23529  360  360  i
 361  0.327667  361  361  i
 362  1.64933  362  362  i
 363  2.53362  363  363  i
 364  1.51068  364  364  i
 365  0.163834  365  365  i
 366  0.184843  366  366  i
 368  0.145212  368  368  i
 369  0.916716  369  369  i
 370  1.54159  370  370  i
 371  0.454258  371  371  i
 372  0.330055  372  372  i
 373  0.898095  373  373  i
 374  0.309046  374  374  i
 375  0.39339  375  375  i
 376  0.163834  376  376  i
 377  1.0041  377  377  i
 378  1.74852  378  378  i
 379  1.87493  379  379  i
 380  2.24798  380  380  i
 381  0.698628  381  381  i
 382  0.517593  382  382  i
 383  1.32405  383  383  i
 384  0.429296  384  384  i
 385  0.887279  385  385  i
 386  0.565345  386  386  i
 387  0.812015  387  387  i
 388  0.23529  388  388  i
 390  1.05923  390  390  i
 391  0.857673  391  391  i
 392  0.989053  392  392  i
 393  0.536214  393  393  i
 394  0.290425  394  394  i
 395  1.09537  395  395  i
 396  0.184843  396  396  i
 397  1.6185  397  397  i
 398  0.655335  398  398  i
 399  1.27552  399  399  i
 400  0.450306  400  400  i
 401  0.664586  401  401  i
 402  0.163834  402  402  i
 403  0.208547  403  403  i
 404  0.208547  404  404  i
 405  0.430134  405  405  i
 407  0.63868  407  407  i
 408  0.265463  408  408  i
 409  0.701099  409  409  i
 411  0.265463  411  411  i
 412  0.958392  412  412  i
 414  0.245751  414  414  i
 415  1.1217  415  415  i
 416  1.0588  416  416  i
 417  0.449257  417  417  i
 418  0.277265  418  418  i
 420  0.217818  420  420  i
 421  1.41969  421  421  i
 422  0.819688  422  422  i
 423  0.816504  423  423  i
 424  0.695007  424  424  i
 425  2.53683  425  425  i
 426  1.9922  426  426  i
 427  0.772348  427  427  i
 428  3.05432  428  428  i
 429  2.20298  429  429  i
 430  0.598686  430  430  i
 431  3.37393  431  431  i
 432  0.217818  432  432  i
 433  2.1065  433  433  i
 434  0.740834  434  434  i
 435  1.21572  435  435  i
 436  0.31282  436  436  i
 437  1.25214  437  437  i
 438  0.70932  438  438  i
 439  0.848018  439  439  i
 440  0.890951  440  440  i
 441  1.59204  441  441  i
 442  1.8322  442  442  i
 443  2.05165  443  443  i
 444  1.49703  444  444  i
 445  1.2061  445  445  i
 446  1.13903  446  446  i
 447  1.35107  447  447  i
 448  0.816504  448  448  i
 449  2.23522  449  449  i
 450  0.558571  450  450  i
 451  0.217818  451  451  i
 452  0.449257  452  452  i
 453  0.62564  453  453  i
 454  1.36044  454  454  i
 455  1.5727  455  455  i
 456  0.491501  456  456  i
 457  1.45724  457  457  i
 458  1.10406  458  458  i
 459  0.277265  459  459  i
 460  0.31282  460  460  i
 461  0.788572  461  461  i
 463  0.463569  463  463  i
 464  0.726521  464  464  i
 465  0.506868  465  465  i
 467  0.31282  467  467  i
 468  0.911506  468  468  i
 469  2.1725  469  469  i
 471  0.217818  471  471  i
 472  0.530638  472  472  i
 473  0.217818  473  473  i
 474  0.681387  474  474  i
 475  1.04076  475  475  i
 476  0.590085  476  476  i
 477  0.449257  477  477  i
 478  0.217818  478  478  i
 481  0.277265  481  481  i
 482  0.217818  482  482  i
 483  0.245751  483  483  i
 484  1.62875  484  484  i
 485  0.667075  485  485  i
 488  0.31282  488  488  i
 489  0.277265  489  489  i
 490  1.12613  490  490  i
 492  0.449257  492  492  i
 493  0.217818  493  493  i
 495  0.245751  495  495  i
 496  0.751129  496  496  i
 497  0.352935  497  497  i
 499  0.6452  499  499  i
 502  0.31282  502  502  i


