
# Curve 0 of 1, 410 points
# Curve title: "CFR predicted deaths B.1.1.7"
# x y xlow xhigh type
 67  0.000673439  67  67  i
 69  0.00273287  69  69  i
 71  0.0261166  71  71  i
 72  0.00200683  72  72  i
 73  0.062657  73  73  i
 74  0.00349267  74  74  i
 76  0.00122149  76  76  i
 79  0.00392481  79  79  i
 81  0.000355305  81  81  i
 82  0.00193201  82  82  i
 83  0.000131885  83  83  i
 84  0.000529052  84  84  i
 85  0.0253192  85  85  i
 86  0.00271239  86  86  i
 87  0.0127305  87  87  i
 88  0.0268657  88  88  i
 89  0.00358301  89  89  i
 90  0.0857067  90  90  i
 91  0.376665  91  91  i
 92  0.0102279  92  92  i
 93  0.285048  93  93  i
 94  0.176673  94  94  i
 95  2.26545  95  95  i
 96  1.71921  96  96  i
 97  1.7372  97  97  i
 98  0.396742  98  98  i
 99  0.549279  99  99  i
 100  0.232689  100  100  i
 101  0.00642462  101  101  i
 102  0.291637  102  102  i
 103  0.425144  103  103  i
 104  0.0950527  104  104  i
 105  0.105121  105  105  i
 106  1.38931  106  106  i
 107  0.240079  107  107  i
 108  0.199735  108  108  i
 109  0.0027754  109  109  i
 111  0.0175837  111  111  i
 112  0.27668  112  112  i
 113  0.212977  113  113  i
 114  0.0767777  114  114  i
 115  0.15649  115  115  i
 116  0.201888  116  116  i
 117  1.17404  117  117  i
 118  0.0311178  118  118  i
 119  0.0360554  119  119  i
 120  0.113677  120  120  i
 121  0.0388748  121  121  i
 122  0.00639642  122  122  i
 123  0.269947  123  123  i
 125  0.199323  125  125  i
 126  0.243438  126  126  i
 127  0.0796848  127  127  i
 129  0.00123111  129  129  i
 132  0.000413428  132  132  i
 133  4.79833e-05  133  133  i
 134  0.00249666  134  134  i
 137  0.000882846  137  137  i
 138  0.0891322  138  138  i
 139  0.235306  139  139  i
 140  0.00396619  140  140  i
 141  0.00196058  141  141  i
 142  0.00276091  142  142  i
 143  0.0358249  143  143  i
 144  3.76955e-05  144  144  i
 145  0.297035  145  145  i
 146  0.000468919  146  146  i
 148  0.0058171  148  148  i
 150  0.00784963  150  150  i
 151  0.000857231  151  151  i
 152  0.190946  152  152  i
 154  0.000826856  154  154  i
 155  0.0289342  155  155  i
 156  0.00129754  156  156  i
 157  5.41365e-05  157  157  i
 160  0.223619  160  160  i
 161  0.164909  161  161  i
 163  0.000593745  163  163  i
 174  0.00135669  174  174  i
 177  0.000673439  177  177  i
 182  0.000857231  182  182  i
 187  0.000142131  187  187  i
 195  0.000759798  195  195  i
 203  0.000375591  203  203  i
 204  0.00138899  204  204  i
 205  0.00347872  205  205  i
 207  4.79833e-05  207  207  i
 208  0.000200447  208  208  i
 209  0.140173  209  209  i
 210  0.0917656  210  210  i
 211  0.00182019  211  211  i
 212  0.102046  212  212  i
 213  9.89669e-05  213  213  i
 214  0.024751  214  214  i
 215  0.030386  215  215  i
 216  0.0667477  216  216  i
 217  0.0222409  217  217  i
 218  0.00588676  218  218  i
 219  0.000666928  219  219  i
 220  0.14569  220  220  i
 222  0.00491701  222  222  i
 223  0.0980775  223  223  i
 224  0.0576812  224  224  i
 225  0.0430661  225  225  i
 226  0.00936376  226  226  i
 227  0.00332661  227  227  i
 228  0.112659  228  228  i
 230  0.28611  230  230  i
 231  0.0827396  231  231  i
 232  0.00870295  232  232  i
 233  0.00990864  233  233  i
 235  0.000926143  235  235  i
 236  0.00156405  236  236  i
 237  0.00738767  237  237  i
 238  0.106036  238  238  i
 239  0.0107813  239  239  i
 240  0.3822  240  240  i
 241  0.049461  241  241  i
 243  0.127433  243  243  i
 244  0.0462265  244  244  i
 245  0.300656  245  245  i
 246  0.0610565  246  246  i
 247  0.0347694  247  247  i
 248  0.185154  248  248  i
 249  0.00510884  249  249  i
 250  0.00347872  250  250  i
 251  0.097744  251  251  i
 252  0.0356505  252  252  i
 253  0.224963  253  253  i
 254  0.0331983  254  254  i
 255  0.0216504  255  255  i
 256  0.0870278  256  256  i
 257  0.341627  257  257  i
 258  0.123131  258  258  i
 259  0.196805  259  259  i
 260  1.17484  260  260  i
 261  0.331521  261  261  i
 262  0.679394  262  262  i
 263  0.399636  263  263  i
 264  0.54713  264  264  i
 265  0.578261  265  265  i
 266  0.62278  266  266  i
 267  1.12188  267  267  i
 268  0.69579  268  268  i
 269  0.28954  269  269  i
 270  0.193311  270  270  i
 271  0.523164  271  271  i
 272  1.59349  272  272  i
 273  1.57334  273  273  i
 274  1.90304  274  274  i
 275  3.11859  275  275  i
 276  1.67904  276  276  i
 277  0.732641  277  277  i
 278  0.394409  278  278  i
 279  1.7516  279  279  i
 280  1.11328  280  280  i
 281  3.92918  281  281  i
 282  3.3373  282  282  i
 283  3.83532  283  283  i
 284  0.721433  284  284  i
 285  1.37119  285  285  i
 286  2.97027  286  286  i
 287  4.45488  287  287  i
 288  3.57364  288  288  i
 289  3.89709  289  289  i
 290  4.71142  290  290  i
 291  3.55978  291  291  i
 292  5.85604  292  292  i
 293  7.58885  293  293  i
 294  15.5134  294  294  i
 295  5.94748  295  295  i
 296  6.33122  296  296  i
 297  9.22783  297  297  i
 298  7.34332  298  298  i
 299  3.47461  299  299  i
 300  11.5617  300  300  i
 301  16.0902  301  301  i
 302  11.1166  302  302  i
 303  17.4764  303  303  i
 304  11.4378  304  304  i
 305  6.7325  305  305  i
 306  11.963  306  306  i
 307  25.5033  307  307  i
 308  12.383  308  308  i
 309  33.0462  309  309  i
 310  13.8106  310  310  i
 311  14.3679  311  311  i
 312  8.86959  312  312  i
 313  16.8012  313  313  i
 314  16.09  314  314  i
 315  28.0739  315  315  i
 316  18.7708  316  316  i
 317  19.6594  317  317  i
 318  13.5984  318  318  i
 319  4.92233  319  319  i
 320  6.27192  320  320  i
 321  20.5337  321  321  i
 322  13.8354  322  322  i
 323  14.7424  323  323  i
 324  17.8654  324  324  i
 325  6.55157  325  325  i
 326  2.0527  326  326  i
 327  13.1155  327  327  i
 328  7.97707  328  328  i
 329  12.2745  329  329  i
 330  11.0765  330  330  i
 331  13.5216  331  331  i
 332  6.58453  332  332  i
 333  3.02663  333  333  i
 334  6.01076  334  334  i
 335  7.35281  335  335  i
 336  9.57267  336  336  i
 337  6.52261  337  337  i
 338  5.47206  338  338  i
 339  4.98134  339  339  i
 340  1.12537  340  340  i
 341  6.30467  341  341  i
 342  8.0758  342  342  i
 343  7.96017  343  343  i
 344  8.52635  344  344  i
 345  7.67129  345  345  i
 346  8.33912  346  346  i
 347  0.127292  347  347  i
 348  7.39806  348  348  i
 349  8.12774  349  349  i
 350  9.02444  350  350  i
 351  10.3874  351  351  i
 352  7.1666  352  352  i
 353  6.44775  353  353  i
 354  2.09259  354  354  i
 355  6.28944  355  355  i
 356  9.13326  356  356  i
 357  9.45755  357  357  i
 358  7.43866  358  358  i
 359  9.89761  359  359  i
 360  5.76882  360  360  i
 361  3.06695  361  361  i
 362  11.8132  362  362  i
 363  16.1896  363  363  i
 364  14.1587  364  364  i
 365  5.07257  365  365  i
 366  3.41724  366  366  i
 367  3.07987  367  367  i
 368  4.63176  368  368  i
 369  11.1189  369  369  i
 370  19.4369  370  370  i
 371  16.5887  371  371  i
 372  17.4705  372  372  i
 373  8.63796  373  373  i
 374  6.2032  374  374  i
 375  7.10027  375  375  i
 376  11.6217  376  376  i
 377  21.555  377  377  i
 378  19.6275  378  378  i
 379  20.6724  379  379  i
 380  19.6047  380  380  i
 381  11.0237  381  381  i
 382  4.55634  382  382  i
 383  8.02026  383  383  i
 384  10.7774  384  384  i
 385  12.7685  385  385  i
 386  8.25899  386  386  i
 387  10.7897  387  387  i
 388  5.52943  388  388  i
 389  2.96928  389  389  i
 390  8.4749  390  390  i
 391  8.36486  391  391  i
 392  11.4032  392  392  i
 393  8.94419  393  393  i
 394  7.32805  394  394  i
 395  4.34215  395  395  i
 396  1.62775  396  396  i
 397  10.7334  397  397  i
 398  8.77389  398  398  i
 399  8.6772  399  399  i
 400  6.80746  400  400  i
 401  8.78771  401  401  i
 402  4.43676  402  402  i
 403  3.40472  403  403  i
 404  6.91181  404  404  i
 405  9.73183  405  405  i
 406  7.58408  406  406  i
 407  6.46447  407  407  i
 408  7.19793  408  408  i
 409  5.763  409  409  i
 410  3.37803  410  410  i
 411  6.36617  411  411  i
 412  7.66288  412  412  i
 413  11.257  413  413  i
 414  9.44889  414  414  i
 415  11.3151  415  415  i
 416  9.03306  416  416  i
 417  5.18427  417  417  i
 418  9.64639  418  418  i
 419  13.8899  419  419  i
 420  15.1163  420  420  i
 421  16.3562  421  421  i
 422  13.3502  422  422  i
 423  11.4314  423  423  i
 424  8.30861  424  424  i
 425  22.2154  425  425  i
 426  18.2424  426  426  i
 427  20.0181  427  427  i
 428  22.0779  428  428  i
 429  22.3386  429  429  i
 430  14.2671  430  430  i
 431  12.8693  431  431  i
 432  15.541  432  432  i
 433  23.9588  433  433  i
 434  23.5996  434  434  i
 435  20.9014  435  435  i
 436  20.7107  436  436  i
 437  12.6993  437  437  i
 438  9.09579  438  438  i
 439  17.4171  439  439  i
 440  19.6567  440  440  i
 441  27.8818  441  441  i
 442  18.7491  442  442  i
 443  25.5157  443  443  i
 444  12.3331  444  444  i
 445  9.74147  445  445  i
 446  16.9886  446  446  i
 447  21.2009  447  447  i
 448  24.4488  448  448  i
 449  21.5924  449  449  i
 450  15.8982  450  450  i
 451  12.6421  451  451  i
 452  6.7004  452  452  i
 453  13.8401  453  453  i
 454  21.4751  454  454  i
 455  16.9635  455  455  i
 456  16.9999  456  456  i
 457  16.8246  457  457  i
 458  9.13437  458  458  i
 459  5.40132  459  459  i
 460  12.5455  460  460  i
 461  18.4526  461  461  i
 462  14.657  462  462  i
 463  9.99685  463  463  i
 464  10.5845  464  464  i
 465  7.47762  465  465  i
 466  4.9135  466  466  i
 467  3.64378  467  467  i
 468  8.82988  468  468  i
 469  14.6793  469  469  i
 470  10.5664  470  470  i
 471  8.72742  471  471  i
 472  4.57242  472  472  i
 473  3.34508  473  473  i
 474  4.49564  474  474  i
 475  9.1228  475  475  i
 476  6.88484  476  476  i
 477  5.43141  477  477  i
 478  6.08641  478  478  i
 479  3.11048  479  479  i
 480  1.98403  480  480  i
 481  6.41269  481  481  i
 482  6.18888  482  482  i
 483  5.76752  483  483  i
 484  6.22331  484  484  i
 485  4.73766  485  485  i
 486  2.01527  486  486  i
 487  1.91497  487  487  i
 488  5.265  488  488  i
 489  4.10108  489  489  i
 490  5.00616  490  490  i
 491  3.96559  491  491  i
 492  5.05614  492  492  i
 493  3.03777  493  493  i
 494  1.05707  494  494  i
 495  3.18743  495  495  i
 496  4.28221  496  496  i
 497  3.08255  497  497  i
 498  2.87671  498  498  i
 499  1.90823  499  499  i
 500  1.16853  500  500  i
 501  0.242231  501  501  i
 502  2.77057  502  502  i
 503  1.19946  503  503  i
 504  1.46834  504  504  i
 505  1.44614  505  505  i
 506  1.35108  506  506  i
 507  0.600063  507  507  i
 508  0.173314  508  508  i
 509  1.46593  509  509  i
 510  0.745982  510  510  i
 511  1.09861  511  511  i
 512  0.835914  512  512  i
 513  0.676167  513  513  i
 514  0.0593968  514  514  i
 515  0.51102  515  515  i
 516  0.349836  516  516  i
 517  1.23285  517  517  i
 518  0.256561  518  518  i
 519  0.055574  519  519  i
 520  0.503241  520  520  i
 521  0.228745  521  521  i
 522  0.375498  522  522  i
 523  0.436424  523  523  i
 524  0.578569  524  524  i
 525  0.453916  525  525  i
 526  0.194358  526  526  i
 527  0.533103  527  527  i
 528  0.321443  528  528  i
 529  0.00114485  529  529  i
 530  0.330465  530  530  i
 531  0.308283  531  531  i
 532  0.918197  532  532  i
 533  0.820827  533  533  i


