
# Curve 0 of 1, 100 points
# Curve title: "1st dose"
# x y xlow xhigh type
-1  69551 -1 -1  i
 364  2  364  364  i
 365  38  365  365  i
 366  27  366  366  i
 367  35  367  367  i
 368  22  368  368  i
 369  26  369  369  i
 370  62  370  370  i
 371  52  371  371  i
 372  135  372  372  i
 373  153  373  373  i
 374  52  374  374  i
 375  37  375  375  i
 376  92  376  376  i
 377  153  377  377  i
 378  89  378  378  i
 379  152  379  379  i
 380  88  380  380  i
 381  41  381  381  i
 382  30  382  382  i
 383  117  383  383  i
 384  128  384  384  i
 385  117  385  385  i
 386  108  386  386  i
 387  120  387  387  i
 388  98  388  388  i
 389  26  389  389  i
 390  41  390  390  i
 391  21  391  391  i
 392  19  392  392  i
 393  24  393  393  i
 394  49  394  394  i
 395  1  395  395  i
 396  1  396  396  i
 397  31  397  397  i
 398  40  398  398  i
 399  75  399  399  i
 400  15  400  400  i
 401  33  401  401  i
 402  3  402  402  i
 403  0  403  403  i
 404  8  404  404  i
 405  113  405  405  i
 406  57  406  406  i
 407  37  407  407  i
 408  61  408  408  i
 409  13  409  409  i
 410  3  410  410  i
 411  40  411  411  i
 412  102  412  412  i
 413  135  413  413  i
 414  175  414  414  i
 415  119  415  415  i
 416  7  416  416  i
 417  4  417  417  i
 418  47  418  418  i
 419  98  419  419  i
 420  96  420  420  i
 421  225  421  421  i
 422  168  422  422  i
 423  23  423  423  i
 424  10  424  424  i
 425  162  425  425  i
 426  161  426  426  i
 427  261  427  427  i
 428  211  428  428  i
 429  229  429  429  i
 430  469  430  430  i
 431  666  431  431  i
 432  187  432  432  i
 433  227  433  433  i
 434  226  434  434  i
 435  267  435  435  i
 436  388  436  436  i
 437  232  437  437  i
 438  246  438  438  i
 439  160  439  439  i
 440  159  440  440  i
 441  182  441  441  i
 442  256  442  442  i
 443  202  443  443  i
 444  285  444  444  i
 445  46  445  445  i
 446  162  446  446  i
 447  114  447  447  i
 448  77  448  448  i
 449  133  449  449  i
 450  183  450  450  i
 451  96  451  451  i
 452  54  452  452  i
 453  79  453  453  i
 454  203  454  454  i
 455  75  455  455  i
 456  114  456  456  i
 457  25  457  457  i
 458  33  458  458  i
 459  25  459  459  i
 460  19  460  460  i
 461  68  461  461  i


