
# Curve 0 of 1, 160 points
# Curve title: "1st dose"
# x y xlow xhigh type
-1  296922 -1 -1  i
 365  1  365  365  i
 367  1  367  367  i
 369  8  369  369  i
 371  3  371  371  i
 372  1  372  372  i
 373  3  373  373  i
 374  3  374  374  i
 376  1  376  376  i
 377  7  377  377  i
 378  37  378  378  i
 379  6  379  379  i
 380  37  380  380  i
 381  1  381  381  i
 382  10  382  382  i
 383  92  383  383  i
 384  154  384  384  i
 385  180  385  385  i
 386  364  386  386  i
 387  246  387  387  i
 388  305  388  388  i
 389  124  389  389  i
 390  131  390  390  i
 391  108  391  391  i
 392  73  392  392  i
 393  143  393  393  i
 394  112  394  394  i
 395  4  395  395  i
 396  1  396  396  i
 397  85  397  397  i
 398  85  398  398  i
 399  75  399  399  i
 400  63  400  400  i
 401  71  401  401  i
 402  3  402  402  i
 403  0  403  403  i
 404  77  404  404  i
 405  53  405  405  i
 406  135  406  406  i
 407  119  407  407  i
 408  296  408  408  i
 409  9  409  409  i
 410  2  410  410  i
 411  149  411  411  i
 412  408  412  412  i
 413  259  413  413  i
 414  402  414  414  i
 415  412  415  415  i
 416  61  416  416  i
 417  44  417  417  i
 418  301  418  418  i
 419  503  419  419  i
 420  501  420  420  i
 421  522  421  421  i
 422  490  422  422  i
 423  65  423  423  i
 424  130  424  424  i
 425  406  425  425  i
 426  457  426  426  i
 427  670  427  427  i
 428  581  428  428  i
 429  555  429  429  i
 430  304  430  430  i
 431  400  431  431  i
 432  474  432  432  i
 433  415  433  433  i
 434  514  434  434  i
 435  415  435  435  i
 436  419  436  436  i
 437  397  437  437  i
 438  229  438  438  i
 439  293  439  439  i
 440  235  440  440  i
 441  162  441  441  i
 442  173  442  442  i
 443  274  443  443  i
 444  142  444  444  i
 445  59  445  445  i
 446  228  446  446  i
 447  315  447  447  i
 448  164  448  448  i
 449  238  449  449  i
 450  188  450  450  i
 451  40  451  451  i
 452  52  452  452  i
 453  226  453  453  i
 454  227  454  454  i
 455  126  455  455  i
 456  115  456  456  i
 457  82  457  457  i
 458  35  458  458  i
 459  7  459  459  i
 460  17  460  460  i
 461  79  461  461  i
 462  174  462  462  i
 463  220  463  463  i
 464  211  464  464  i
 465  106  465  465  i
 466  32  466  466  i
 467  130  467  467  i
 468  105  468  468  i
 469  111  469  469  i
 470  94  470  470  i
 471  157  471  471  i
 472  46  472  472  i
 473  45  473  473  i
 474  108  474  474  i
 475  84  475  475  i
 476  94  476  476  i
 477  108  477  477  i
 478  93  478  478  i
 479  63  479  479  i
 480  20  480  480  i
 481  85  481  481  i
 482  93  482  482  i
 483  158  483  483  i
 484  89  484  484  i
 485  75  485  485  i
 486  29  486  486  i
 487  36  487  487  i
 488  76  488  488  i
 489  79  489  489  i
 490  113  490  490  i
 491  114  491  491  i
 492  59  492  492  i
 493  34  493  493  i
 494  14  494  494  i
 495  81  495  495  i
 496  84  496  496  i
 497  90  497  497  i
 498  49  498  498  i
 499  53  499  499  i
 500  26  500  500  i
 501  18  501  501  i
 502  62  502  502  i
 503  67  503  503  i
 504  82  504  504  i
 505  69  505  505  i
 506  53  506  506  i
 507  23  507  507  i
 508  21  508  508  i
 509  45  509  509  i
 510  40  510  510  i
 511  55  511  511  i
 512  33  512  512  i
 513  38  513  513  i
 514  14  514  514  i
 515  10  515  515  i
 516  14  516  516  i
 517  26  517  517  i
 518  34  518  518  i
 519  38  519  519  i
 520  45  520  520  i
 521  9  521  521  i
 522  14  522  522  i
 523  41  523  523  i
 524  27  524  524  i
 525  34  525  525  i
 526  31  526  526  i


