
# Curve 0 of 1, 312 points
# Curve title: "daily incidence"
# x y xlow xhigh type
-1  76156 -1 -1  i
 68  1  68  68  i
 71  1  71  71  i
 72  1  72  72  i
 74  1  74  74  i
 75  1  75  75  i
 76  1  76  76  i
 77  2  77  77  i
 81  1  81  81  i
 83  6  83  83  i
 84  3  84  84  i
 85  2  85  85  i
 86  3  86  86  i
 87  7  87  87  i
 88  2  88  88  i
 89  3  89  89  i
 90  1  90  90  i
 91  1  91  91  i
 93  3  93  93  i
 94  1  94  94  i
 95  2  95  95  i
 97  2  97  97  i
 98  1  98  98  i
 101  1  101  101  i
 104  1  104  104  i
 105  1  105  105  i
 107  1  107  107  i
 121  1  121  121  i
 124  1  124  124  i
 127  1  127  127  i
 130  1  130  130  i
 131  1  131  131  i
 134  1  134  134  i
 135  1  135  135  i
 140  1  140  140  i
 152  1  152  152  i
 155  1  155  155  i
 162  1  162  162  i
 173  1  173  173  i
 184  1  184  184  i
 190  1  190  190  i
 193  1  193  193  i
 197  1  197  197  i
 198  2  198  198  i
 200  1  200  200  i
 201  1  201  201  i
 203  1  203  203  i
 204  2  204  204  i
 205  3  205  205  i
 208  2  208  208  i
 209  1  209  209  i
 210  3  210  210  i
 211  7  211  211  i
 212  2  212  212  i
 213  1  213  213  i
 215  2  215  215  i
 216  6  216  216  i
 217  6  217  217  i
 218  5  218  218  i
 221  3  221  221  i
 222  5  222  222  i
 223  5  223  223  i
 224  1  224  224  i
 225  6  225  225  i
 226  7  226  226  i
 227  3  227  227  i
 229  1  229  229  i
 230  4  230  230  i
 231  6  231  231  i
 232  8  232  232  i
 233  4  233  233  i
 234  1  234  234  i
 235  1  235  235  i
 236  4  236  236  i
 237  7  237  237  i
 238  4  238  238  i
 239  2  239  239  i
 240  7  240  240  i
 242  2  242  242  i
 243  7  243  243  i
 244  6  244  244  i
 245  5  245  245  i
 246  4  246  246  i
 247  8  247  247  i
 248  2  248  248  i
 250  4  250  250  i
 251  23  251  251  i
 252  16  252  252  i
 253  21  253  253  i
 254  37  254  254  i
 255  7  255  255  i
 256  24  256  256  i
 257  13  257  257  i
 258  49  258  258  i
 259  37  259  259  i
 260  42  260  260  i
 261  15  261  261  i
 262  36  262  262  i
 263  10  263  263  i
 264  26  264  264  i
 265  54  265  265  i
 266  35  266  266  i
 267  26  267  267  i
 268  29  268  268  i
 269  27  269  269  i
 270  40  270  270  i
 271  6  271  271  i
 272  28  272  272  i
 273  32  273  273  i
 274  27  274  274  i
 275  27  275  275  i
 276  10  276  276  i
 277  7  277  277  i
 278  86  278  278  i
 279  46  279  279  i
 280  68  280  280  i
 281  49  281  281  i
 282  99  282  282  i
 283  83  283  283  i
 284  51  284  284  i
 285  51  285  285  i
 286  114  286  286  i
 287  125  287  287  i
 288  133  288  288  i
 289  216  289  289  i
 290  196  290  290  i
 291  76  291  291  i
 292  157  292  292  i
 293  165  293  293  i
 294  308  294  294  i
 295  210  295  295  i
 296  264  296  296  i
 297  266  297  297  i
 298  212  298  298  i
 299  129  299  299  i
 300  168  300  300  i
 301  129  301  301  i
 302  259  302  302  i
 303  179  303  303  i
 304  210  304  304  i
 305  174  305  305  i
 306  147  306  306  i
 307  157  307  307  i
 308  253  308  308  i
 309  171  309  309  i
 310  151  310  310  i
 311  122  311  311  i
 312  70  312  312  i
 313  104  313  313  i
 314  104  314  314  i
 315  106  315  315  i
 316  84  316  316  i
 317  101  317  317  i
 318  88  318  318  i
 319  26  319  319  i
 320  47  320  320  i
 321  93  321  321  i
 322  55  322  322  i
 323  59  323  323  i
 324  74  324  324  i
 325  73  325  325  i
 326  33  326  326  i
 327  77  327  327  i
 328  93  328  328  i
 329  75  329  329  i
 330  76  330  330  i
 331  65  331  331  i
 332  51  332  332  i
 333  30  333  333  i
 334  60  334  334  i
 335  69  335  335  i
 336  53  336  336  i
 337  56  337  337  i
 338  77  338  338  i
 339  81  339  339  i
 340  29  340  340  i
 341  46  341  341  i
 342  97  342  342  i
 343  97  343  343  i
 344  103  344  344  i
 345  87  345  345  i
 346  72  346  346  i
 347  50  347  347  i
 348  92  348  348  i
 349  104  349  349  i
 350  133  350  350  i
 351  105  351  351  i
 352  93  352  352  i
 353  113  353  353  i
 354  79  354  354  i
 355  140  355  355  i
 356  163  356  356  i
 357  267  357  357  i
 358  59  358  358  i
 359  35  359  359  i
 360  61  360  360  i
 361  82  361  361  i
 362  233  362  362  i
 363  257  363  363  i
 364  310  364  364  i
 365  192  365  365  i
 366  117  366  366  i
 367  99  367  367  i
 368  155  368  368  i
 369  230  369  369  i
 370  230  370  370  i
 371  373  371  371  i
 372  281  372  372  i
 373  204  373  373  i
 374  201  374  374  i
 375  221  375  375  i
 376  263  376  376  i
 377  143  377  377  i
 378  191  378  378  i
 379  260  379  379  i
 380  182  380  380  i
 381  195  381  381  i
 382  103  382  382  i
 383  279  383  383  i
 384  228  384  384  i
 385  241  385  385  i
 386  235  386  386  i
 387  234  387  387  i
 388  218  388  388  i
 389  126  389  389  i
 390  171  390  390  i
 391  254  391  391  i
 392  235  392  392  i
 393  277  393  393  i
 394  235  394  394  i
 395  189  395  395  i
 396  162  396  396  i
 397  129  397  397  i
 398  242  398  398  i
 399  408  399  399  i
 400  253  400  400  i
 401  212  401  401  i
 402  192  402  402  i
 403  153  403  403  i
 404  191  404  404  i
 405  296  405  405  i
 406  310  406  406  i
 407  267  407  407  i
 408  189  408  408  i
 409  209  409  409  i
 410  141  410  410  i
 411  241  411  411  i
 412  313  412  412  i
 413  249  413  413  i
 414  369  414  414  i
 415  249  415  415  i
 416  218  416  416  i
 417  143  417  417  i
 418  287  418  418  i
 419  259  419  419  i
 420  360  420  420  i
 421  268  421  421  i
 422  283  422  422  i
 423  162  423  423  i
 424  234  424  424  i
 425  224  425  425  i
 426  297  426  426  i
 427  257  427  427  i
 428  202  428  428  i
 429  222  429  429  i
 430  199  430  430  i
 431  125  431  431  i
 432  155  432  432  i
 433  203  433  433  i
 434  209  434  434  i
 435  154  435  435  i
 436  220  436  436  i
 437  99  437  437  i
 438  68  438  438  i
 439  172  439  439  i
 440  145  440  440  i
 441  145  441  441  i
 442  120  442  442  i
 443  107  443  443  i
 444  64  444  444  i
 445  46  445  445  i
 446  106  446  446  i
 447  100  447  447  i
 448  75  448  448  i
 449  66  449  449  i
 450  71  450  450  i
 451  53  451  451  i
 452  20  452  452  i
 453  74  453  453  i
 454  63  454  454  i
 455  47  455  455  i
 456  39  456  456  i
 457  28  457  457  i
 458  27  458  458  i
 459  22  459  459  i
 460  22  460  460  i
 461  36  461  461  i
 462  38  462  462  i
 463  40  463  463  i
 464  23  464  464  i
 465  15  465  465  i
 466  25  466  466  i
 467  15  467  467  i
 468  41  468  468  i
 469  22  469  469  i
 470  17  470  470  i
 471  13  471  471  i
 472  11  472  472  i
 473  15  473  473  i
 474  14  474  474  i
 475  20  475  475  i


