
# Curve 0 of 1, 261 points
# Curve title: "daily incidence"
# x y xlow xhigh type
-1  90189 -1 -1  i
 87  3  87  87  i
 88  1  88  88  i
 90  2  90  90  i
 92  2  92  92  i
 93  2  93  93  i
 96  2  96  96  i
 97  2  97  97  i
 99  1  99  99  i
 100  1  100  100  i
 102  1  102  102  i
 104  1  104  104  i
 132  1  132  132  i
 170  1  170  170  i
 177  1  177  177  i
 211  2  211  211  i
 212  1  212  212  i
 214  1  214  214  i
 215  3  215  215  i
 216  5  216  216  i
 217  2  217  217  i
 218  3  218  218  i
 219  1  219  219  i
 222  2  222  222  i
 223  3  223  223  i
 225  3  225  225  i
 227  4  227  227  i
 229  1  229  229  i
 232  2  232  232  i
 233  3  233  233  i
 234  4  234  234  i
 235  1  235  235  i
 236  1  236  236  i
 238  2  238  238  i
 239  1  239  239  i
 240  4  240  240  i
 242  1  242  242  i
 244  4  244  244  i
 245  4  245  245  i
 247  3  247  247  i
 248  1  248  248  i
 249  3  249  249  i
 250  2  250  250  i
 251  7  251  251  i
 252  6  252  252  i
 253  5  253  253  i
 254  10  254  254  i
 255  1  255  255  i
 256  7  256  256  i
 257  5  257  257  i
 258  11  258  258  i
 259  9  259  259  i
 260  17  260  260  i
 261  5  261  261  i
 262  6  262  262  i
 263  4  263  263  i
 264  6  264  264  i
 265  5  265  265  i
 266  9  266  266  i
 267  7  267  267  i
 268  6  268  268  i
 269  11  269  269  i
 270  14  270  270  i
 271  1  271  271  i
 272  9  272  272  i
 273  18  273  273  i
 274  9  274  274  i
 275  20  275  275  i
 276  6  276  276  i
 277  9  277  277  i
 278  35  278  278  i
 279  32  279  279  i
 280  26  280  280  i
 281  36  281  281  i
 282  44  282  282  i
 283  48  283  283  i
 284  16  284  284  i
 285  23  285  285  i
 286  79  286  286  i
 287  78  287  287  i
 288  62  288  288  i
 289  115  289  289  i
 290  104  290  290  i
 291  37  291  291  i
 292  79  292  292  i
 293  81  293  293  i
 294  140  294  294  i
 295  111  295  295  i
 296  140  296  296  i
 297  156  297  297  i
 298  123  298  298  i
 299  96  299  299  i
 300  107  300  300  i
 301  94  301  301  i
 302  160  302  302  i
 303  76  303  303  i
 304  91  304  304  i
 305  101  305  305  i
 306  86  306  306  i
 307  90  307  307  i
 308  142  308  308  i
 309  89  309  309  i
 310  64  310  310  i
 311  48  311  311  i
 312  38  312  312  i
 313  35  313  313  i
 314  56  314  314  i
 315  54  315  315  i
 316  48  316  316  i
 317  38  317  317  i
 318  30  318  318  i
 319  10  319  319  i
 320  42  320  320  i
 321  35  321  321  i
 322  33  322  322  i
 323  36  323  323  i
 324  32  324  324  i
 325  25  325  325  i
 326  10  326  326  i
 327  35  327  327  i
 328  36  328  328  i
 329  39  329  329  i
 330  28  330  330  i
 331  31  331  331  i
 332  11  332  332  i
 333  19  333  333  i
 334  33  334  334  i
 335  26  335  335  i
 336  18  336  336  i
 337  19  337  337  i
 338  25  338  338  i
 339  38  339  339  i
 340  17  340  340  i
 341  15  341  341  i
 342  56  342  342  i
 343  59  343  343  i
 344  50  344  344  i
 345  44  345  345  i
 346  35  346  346  i
 347  17  347  347  i
 348  42  348  348  i
 349  55  349  349  i
 350  60  350  350  i
 351  84  351  351  i
 352  66  352  352  i
 353  58  353  353  i
 354  50  354  354  i
 355  59  355  355  i
 356  107  356  356  i
 357  143  357  357  i
 358  58  358  358  i
 359  17  359  359  i
 360  34  360  360  i
 361  34  361  361  i
 362  129  362  362  i
 363  132  363  363  i
 364  159  364  364  i
 365  89  365  365  i
 366  83  366  366  i
 367  50  367  367  i
 368  123  368  368  i
 369  165  369  369  i
 370  168  370  370  i
 371  251  371  371  i
 372  150  372  372  i
 373  131  373  373  i
 374  113  374  374  i
 375  87  375  375  i
 376  136  376  376  i
 377  66  377  377  i
 378  117  378  378  i
 379  97  379  379  i
 380  91  380  380  i
 381  91  381  381  i
 382  52  382  382  i
 383  124  383  383  i
 384  135  384  384  i
 385  119  385  385  i
 386  123  386  386  i
 387  109  387  387  i
 388  103  388  388  i
 389  47  389  389  i
 390  74  390  390  i
 391  152  391  391  i
 392  107  392  392  i
 393  146  393  393  i
 394  102  394  394  i
 395  78  395  395  i
 396  75  396  396  i
 397  68  397  397  i
 398  133  398  398  i
 399  196  399  399  i
 400  121  400  400  i
 401  118  401  401  i
 402  57  402  402  i
 403  56  403  403  i
 404  101  404  404  i
 405  158  405  405  i
 406  165  406  406  i
 407  144  407  407  i
 408  107  408  408  i
 409  98  409  409  i
 410  47  410  410  i
 411  132  411  411  i
 412  133  412  412  i
 413  111  413  413  i
 414  192  414  414  i
 415  126  415  415  i
 416  98  416  416  i
 417  56  417  417  i
 418  160  418  418  i
 419  162  419  419  i
 420  192  420  420  i
 421  162  421  421  i
 422  165  422  422  i
 423  56  423  423  i
 424  93  424  424  i
 425  104  425  425  i
 426  143  426  426  i
 427  136  427  427  i
 428  119  428  428  i
 429  132  429  429  i
 430  80  430  430  i
 431  48  431  431  i
 432  71  432  432  i
 433  99  433  433  i
 434  103  434  434  i
 435  70  435  435  i
 436  120  436  436  i
 437  39  437  437  i
 438  29  438  438  i
 439  62  439  439  i
 440  60  440  440  i
 441  72  441  441  i
 442  54  442  442  i
 443  46  443  443  i
 444  28  444  444  i
 445  14  445  445  i
 446  47  446  446  i
 447  47  447  447  i
 448  47  448  448  i
 449  37  449  449  i
 450  34  450  450  i
 451  17  451  451  i
 452  9  452  452  i
 453  30  453  453  i
 454  30  454  454  i
 455  33  455  455  i
 456  25  456  456  i
 457  11  457  457  i
 458  6  458  458  i
 459  9  459  459  i
 460  9  460  460  i
 461  16  461  461  i
 462  19  462  462  i
 463  20  463  463  i
 464  9  464  464  i
 465  8  465  465  i
 466  6  466  466  i
 467  11  467  467  i


