
# Curve 0 of 1, 306 points
# Curve title: "daily incidence"
# x y xlow xhigh type
-1  84704 -1 -1  i
 67  1  67  67  i
 68  1  68  68  i
 71  1  71  71  i
 76  1  76  76  i
 83  4  83  83  i
 84  2  84  84  i
 85  1  85  85  i
 86  3  86  86  i
 87  4  87  87  i
 88  2  88  88  i
 89  2  89  89  i
 90  3  90  90  i
 92  4  92  92  i
 93  4  93  93  i
 94  6  94  94  i
 95  1  95  95  i
 96  4  96  96  i
 97  1  97  97  i
 98  1  98  98  i
 99  1  99  99  i
 100  1  100  100  i
 106  3  106  106  i
 107  1  107  107  i
 118  1  118  118  i
 125  1  125  125  i
 126  1  126  126  i
 128  1  128  128  i
 139  1  139  139  i
 146  1  146  146  i
 163  1  163  163  i
 168  1  168  168  i
 173  1  173  173  i
 180  1  180  180  i
 181  1  181  181  i
 184  1  184  184  i
 188  2  188  188  i
 190  1  190  190  i
 193  1  193  193  i
 194  1  194  194  i
 197  2  197  197  i
 198  2  198  198  i
 201  1  201  201  i
 203  1  203  203  i
 204  2  204  204  i
 205  2  205  205  i
 208  4  208  208  i
 209  2  209  209  i
 210  3  210  210  i
 212  2  212  212  i
 214  1  214  214  i
 215  3  215  215  i
 216  1  216  216  i
 217  2  217  217  i
 220  1  220  220  i
 221  2  221  221  i
 222  2  222  222  i
 223  2  223  223  i
 224  2  224  224  i
 225  2  225  225  i
 226  6  226  226  i
 227  2  227  227  i
 231  3  231  231  i
 232  1  232  232  i
 233  2  233  233  i
 234  1  234  234  i
 235  1  235  235  i
 236  2  236  236  i
 237  3  237  237  i
 239  1  239  239  i
 240  2  240  240  i
 242  1  242  242  i
 243  2  243  243  i
 244  4  244  244  i
 245  1  245  245  i
 246  4  246  246  i
 247  4  247  247  i
 248  5  248  248  i
 249  2  249  249  i
 250  4  250  250  i
 251  9  251  251  i
 252  4  252  252  i
 253  11  253  253  i
 254  15  254  254  i
 255  3  255  255  i
 256  4  256  256  i
 257  6  257  257  i
 258  17  258  258  i
 259  15  259  259  i
 260  18  260  260  i
 261  9  261  261  i
 262  17  262  262  i
 263  8  263  263  i
 264  8  264  264  i
 265  17  265  265  i
 266  12  266  266  i
 267  14  267  267  i
 268  18  268  268  i
 269  15  269  269  i
 270  27  270  270  i
 271  6  271  271  i
 272  17  272  272  i
 273  19  273  273  i
 274  29  274  274  i
 275  22  275  275  i
 276  5  276  276  i
 277  6  277  277  i
 278  55  278  278  i
 279  57  279  279  i
 280  36  280  280  i
 281  62  281  281  i
 282  72  282  282  i
 283  70  283  283  i
 284  23  284  284  i
 285  39  285  285  i
 286  116  286  286  i
 287  119  287  287  i
 288  106  288  288  i
 289  163  289  289  i
 290  153  290  290  i
 291  53  291  291  i
 292  108  292  292  i
 293  118  293  293  i
 294  240  294  294  i
 295  160  295  295  i
 296  177  296  296  i
 297  223  297  297  i
 298  197  298  298  i
 299  140  299  299  i
 300  174  300  300  i
 301  149  301  301  i
 302  224  302  302  i
 303  158  303  303  i
 304  133  304  304  i
 305  109  305  305  i
 306  138  306  306  i
 307  129  307  307  i
 308  224  308  308  i
 309  138  309  309  i
 310  85  310  310  i
 311  89  311  311  i
 312  43  312  312  i
 313  76  313  313  i
 314  98  314  314  i
 315  102  315  315  i
 316  67  316  316  i
 317  49  317  317  i
 318  51  318  318  i
 319  24  319  319  i
 320  36  320  320  i
 321  58  321  321  i
 322  56  322  322  i
 323  50  323  323  i
 324  40  324  324  i
 325  45  325  325  i
 326  15  326  326  i
 327  72  327  327  i
 328  64  328  328  i
 329  51  329  329  i
 330  37  330  330  i
 331  37  331  331  i
 332  35  332  332  i
 333  17  333  333  i
 334  40  334  334  i
 335  49  335  335  i
 336  63  336  336  i
 337  42  337  337  i
 338  39  338  338  i
 339  33  339  339  i
 340  12  340  340  i
 341  31  341  341  i
 342  64  342  342  i
 343  63  343  343  i
 344  88  344  344  i
 345  55  345  345  i
 346  38  346  346  i
 347  36  347  347  i
 348  71  348  348  i
 349  97  349  349  i
 350  104  350  350  i
 351  98  351  351  i
 352  71  352  352  i
 353  79  353  353  i
 354  66  354  354  i
 355  83  355  355  i
 356  137  356  356  i
 357  204  357  357  i
 358  48  358  358  i
 359  31  359  359  i
 360  49  360  360  i
 361  64  361  361  i
 362  192  362  362  i
 363  211  363  363  i
 364  241  364  364  i
 365  151  365  365  i
 366  68  366  366  i
 367  73  367  367  i
 368  107  368  368  i
 369  206  369  369  i
 370  183  370  370  i
 371  301  371  371  i
 372  179  372  372  i
 373  167  373  373  i
 374  133  374  374  i
 375  147  375  375  i
 376  164  376  376  i
 377  115  377  377  i
 378  190  378  378  i
 379  193  379  379  i
 380  120  380  380  i
 381  101  381  381  i
 382  67  382  382  i
 383  179  383  383  i
 384  183  384  384  i
 385  187  385  385  i
 386  143  386  386  i
 387  150  387  387  i
 388  139  388  388  i
 389  71  389  389  i
 390  121  390  390  i
 391  197  391  391  i
 392  165  392  392  i
 393  210  393  393  i
 394  150  394  394  i
 395  117  395  395  i
 396  100  396  396  i
 397  109  397  397  i
 398  168  398  398  i
 399  248  399  399  i
 400  182  400  400  i
 401  159  401  401  i
 402  113  402  402  i
 403  88  403  403  i
 404  155  404  404  i
 405  211  405  405  i
 406  204  406  406  i
 407  175  407  407  i
 408  124  408  408  i
 409  143  409  409  i
 410  77  410  410  i
 411  165  411  411  i
 412  190  412  412  i
 413  175  413  413  i
 414  263  414  414  i
 415  182  415  415  i
 416  115  416  416  i
 417  73  417  417  i
 418  191  418  418  i
 419  192  419  419  i
 420  225  420  420  i
 421  161  421  421  i
 422  194  422  422  i
 423  97  423  423  i
 424  103  424  424  i
 425  159  425  425  i
 426  198  426  426  i
 427  155  427  427  i
 428  173  428  428  i
 429  149  429  429  i
 430  122  430  430  i
 431  77  431  431  i
 432  99  432  432  i
 433  144  433  433  i
 434  128  434  434  i
 435  103  435  435  i
 436  166  436  436  i
 437  57  437  437  i
 438  45  438  438  i
 439  109  439  439  i
 440  105  440  440  i
 441  77  441  441  i
 442  79  442  442  i
 443  75  443  443  i
 444  48  444  444  i
 445  23  445  445  i
 446  52  446  446  i
 447  85  447  447  i
 448  46  448  448  i
 449  43  449  449  i
 450  36  450  450  i
 451  16  451  451  i
 452  20  452  452  i
 453  56  453  453  i
 454  32  454  454  i
 455  24  455  455  i
 456  29  456  456  i
 457  15  457  457  i
 458  15  458  458  i
 459  6  459  459  i
 460  12  460  460  i
 461  18  461  461  i
 462  25  462  462  i
 463  27  463  463  i
 464  16  464  464  i
 465  14  465  465  i
 466  10  466  466  i
 467  7  467  467  i
 468  24  468  468  i
 469  24  469  469  i
 470  15  470  470  i
 471  11  471  471  i
 472  10  472  472  i
 473  7  473  473  i
 474  6  474  474  i
 475  17  475  475  i


