
# Curve 0 of 1, 270 points
# Curve title: "daily incidence"
# x y xlow xhigh type
-1  94060 -1 -1  i
 77  2  77  77  i
 83  1  83  83  i
 84  1  84  84  i
 85  1  85  85  i
 86  2  86  86  i
 87  2  87  87  i
 89  2  89  89  i
 90  2  90  90  i
 93  1  93  93  i
 97  1  97  97  i
 99  1  99  99  i
 101  1  101  101  i
 111  1  111  111  i
 124  1  124  124  i
 174  1  174  174  i
 175  1  175  175  i
 188  1  188  188  i
 201  1  201  201  i
 205  2  205  205  i
 208  1  208  208  i
 210  1  210  210  i
 211  1  211  211  i
 215  1  215  215  i
 217  1  217  217  i
 220  1  220  220  i
 225  1  225  225  i
 227  1  227  227  i
 228  1  228  228  i
 230  2  230  230  i
 231  2  231  231  i
 235  4  235  235  i
 237  1  237  237  i
 238  3  238  238  i
 239  1  239  239  i
 240  1  240  240  i
 244  2  244  244  i
 245  2  245  245  i
 246  1  246  246  i
 247  5  247  247  i
 248  1  248  248  i
 249  1  249  249  i
 250  1  250  250  i
 251  5  251  251  i
 252  6  252  252  i
 253  4  253  253  i
 254  3  254  254  i
 255  5  255  255  i
 256  3  256  256  i
 257  2  257  257  i
 258  10  258  258  i
 259  4  259  259  i
 260  8  260  260  i
 261  2  261  261  i
 262  9  262  262  i
 263  4  263  263  i
 264  3  264  264  i
 265  4  265  265  i
 266  6  266  266  i
 267  6  267  267  i
 268  2  268  268  i
 269  2  269  269  i
 270  12  270  270  i
 272  9  272  272  i
 273  7  273  273  i
 274  10  274  274  i
 275  15  275  275  i
 276  1  276  276  i
 277  1  277  277  i
 278  36  278  278  i
 279  26  279  279  i
 280  12  280  280  i
 281  22  281  281  i
 282  26  282  282  i
 283  28  283  283  i
 284  16  284  284  i
 285  16  285  285  i
 286  41  286  286  i
 287  47  287  287  i
 288  38  288  288  i
 289  57  289  289  i
 290  63  290  290  i
 291  23  291  291  i
 292  46  292  292  i
 293  64  293  293  i
 294  99  294  294  i
 295  69  295  295  i
 296  84  296  296  i
 297  90  297  297  i
 298  82  298  298  i
 299  61  299  299  i
 300  95  300  300  i
 301  60  301  301  i
 302  105  302  302  i
 303  82  303  303  i
 304  88  304  304  i
 305  60  305  305  i
 306  64  306  306  i
 307  53  307  307  i
 308  101  308  308  i
 309  81  309  309  i
 310  75  310  310  i
 311  45  311  311  i
 312  31  312  312  i
 313  51  313  313  i
 314  69  314  314  i
 315  74  315  315  i
 316  47  316  316  i
 317  44  317  317  i
 318  44  318  318  i
 319  12  319  319  i
 320  25  320  320  i
 321  25  321  321  i
 322  37  322  322  i
 323  27  323  323  i
 324  20  324  324  i
 325  15  325  325  i
 326  12  326  326  i
 327  47  327  327  i
 328  35  328  328  i
 329  36  329  329  i
 330  27  330  330  i
 331  21  331  331  i
 332  9  332  332  i
 333  11  333  333  i
 334  26  334  334  i
 335  20  335  335  i
 336  23  336  336  i
 337  27  337  337  i
 338  33  338  338  i
 339  25  339  339  i
 340  9  340  340  i
 341  13  341  341  i
 342  41  342  342  i
 343  40  343  343  i
 344  43  344  344  i
 345  25  345  345  i
 346  21  346  346  i
 347  15  347  347  i
 348  46  348  348  i
 349  39  349  349  i
 350  60  350  350  i
 351  48  351  351  i
 352  47  352  352  i
 353  41  353  353  i
 354  32  354  354  i
 355  60  355  355  i
 356  78  356  356  i
 357  121  357  357  i
 358  25  358  358  i
 359  11  359  359  i
 360  20  360  360  i
 361  35  361  361  i
 362  128  362  362  i
 363  108  363  363  i
 364  143  364  364  i
 365  113  365  365  i
 366  52  366  366  i
 367  53  367  367  i
 368  88  368  368  i
 369  151  369  369  i
 370  92  370  370  i
 371  188  371  371  i
 372  125  372  372  i
 373  110  373  373  i
 374  98  374  374  i
 375  75  375  375  i
 376  126  376  376  i
 377  68  377  377  i
 378  109  378  378  i
 379  95  379  379  i
 380  68  380  380  i
 381  52  381  381  i
 382  37  382  382  i
 383  95  383  383  i
 384  117  384  384  i
 385  101  385  385  i
 386  86  386  386  i
 387  87  387  387  i
 388  69  388  388  i
 389  36  389  389  i
 390  69  390  390  i
 391  110  391  391  i
 392  94  392  392  i
 393  102  393  393  i
 394  85  394  394  i
 395  75  395  395  i
 396  63  396  396  i
 397  61  397  397  i
 398  92  398  398  i
 399  147  399  399  i
 400  121  400  400  i
 401  100  401  401  i
 402  56  402  402  i
 403  62  403  403  i
 404  86  404  404  i
 405  109  405  405  i
 406  93  406  406  i
 407  121  407  407  i
 408  78  408  408  i
 409  72  409  409  i
 410  38  410  410  i
 411  94  411  411  i
 412  122  412  412  i
 413  64  413  413  i
 414  132  414  414  i
 415  78  415  415  i
 416  88  416  416  i
 417  48  417  417  i
 418  114  418  418  i
 419  93  419  419  i
 420  101  420  420  i
 421  73  421  421  i
 422  112  422  422  i
 423  58  423  423  i
 424  68  424  424  i
 425  90  425  425  i
 426  103  426  426  i
 427  94  427  427  i
 428  96  428  428  i
 429  67  429  429  i
 430  66  430  430  i
 431  45  431  431  i
 432  62  432  432  i
 433  76  433  433  i
 434  75  434  434  i
 435  60  435  435  i
 436  92  436  436  i
 437  24  437  437  i
 438  20  438  438  i
 439  62  439  439  i
 440  66  440  440  i
 441  39  441  441  i
 442  33  442  442  i
 443  36  443  443  i
 444  33  444  444  i
 445  16  445  445  i
 446  30  446  446  i
 447  42  447  447  i
 448  31  448  448  i
 449  31  449  449  i
 450  44  450  450  i
 451  16  451  451  i
 452  9  452  452  i
 453  26  453  453  i
 454  29  454  454  i
 455  22  455  455  i
 456  11  456  456  i
 457  12  457  457  i
 458  5  458  458  i
 459  10  459  459  i
 460  11  460  460  i
 461  18  461  461  i
 462  15  462  462  i
 463  13  463  463  i
 464  13  464  464  i
 465  3  465  465  i
 466  7  466  466  i
 467  6  467  467  i
 468  11  468  468  i
 469  9  469  469  i
 470  3  470  470  i
 471  9  471  471  i
 472  5  472  472  i
 473  4  473  473  i
 474  3  474  474  i
 475  10  475  475  i
 476  6  476  476  i
 477  1  477  477  i


