
# Curve 0 of 1, 256 points
# Curve title: "CFR predicted deaths B.1.1.7"
# x y xlow xhigh type
-1  1320.44 -1 -1  i
 90  0.144141  90  90  i
 91  0.128007  91  91  i
 96  0.128007  96  96  i
 106  0.0620633  106  106  i
 107  0.144422  107  107  i
 164  0.0790014  164  164  i
 180  0.0550091  180  180  i
 182  0.117072  182  182  i
 183  0.159154  183  183  i
 196  0.0487567  196  196  i
 218  0.100562  218  218  i
 223  0.149023  223  223  i
 232  0.0891322  232  232  i
 234  0.0620633  234  234  i
 236  0.070022  236  236  i
 237  0.0550091  237  237  i
 238  0.0891322  238  238  i
 240  0.070022  240  240  i
 242  0.100562  242  242  i
 245  0.0550091  245  245  i
 246  0.110018  246  246  i
 252  0.100562  252  252  i
 254  0.241216  254  254  i
 255  0.140044  255  255  i
 256  0.0550091  256  256  i
 257  0.192459  257  257  i
 258  0.537606  258  258  i
 259  0.264653  259  259  i
 260  0.399887  260  260  i
 261  0.425545  261  261  i
 262  0.211087  262  262  i
 263  0.0620633  263  263  i
 264  0.128007  264  264  i
 265  0.0487567  265  265  i
 266  0.182767  266  266  i
 267  0.328455  267  267  i
 268  0.256133  268  268  i
 269  0.117072  269  269  i
 270  0.0487567  270  270  i
 271  0.223424  271  271  i
 272  0.0790014  272  272  i
 273  0.11082  273  273  i
 274  0.342189  274  274  i
 275  0.538154  275  275  i
 276  0.361562  276  276  i
 277  0.281591  277  277  i
 278  0.0550091  278  278  i
 279  0.623074  279  279  i
 280  0.944101  280  280  i
 281  0.472728  281  281  i
 282  0.926672  282  282  i
 283  0.415415  283  283  i
 285  1.89895  285  285  i
 286  0.90393  286  286  i
 287  0.683517  287  287  i
 288  0.805849  288  288  i
 289  1.16266  289  289  i
 290  1.28153  290  290  i
 291  0.791947  291  291  i
 292  0.761433  292  292  i
 293  1.34707  293  293  i
 294  2.15005  294  294  i
 295  1.77601  295  295  i
 296  3.02928  296  296  i
 297  2.94064  297  297  i
 298  2.12053  298  298  i
 299  2.69413  299  299  i
 300  4.51824  300  300  i
 301  4.7334  301  301  i
 302  2.79817  302  302  i
 303  5.82981  303  303  i
 304  4.4398  304  304  i
 305  4.22217  305  305  i
 306  3.52626  306  306  i
 307  5.39459  307  307  i
 308  4.17746  308  308  i
 309  6.76331  309  309  i
 310  4.67371  310  310  i
 311  4.22112  311  311  i
 312  4.61315  312  312  i
 313  5.11402  313  313  i
 314  4.91943  314  314  i
 315  6.19206  315  315  i
 316  6.01545  316  316  i
 317  5.43188  317  317  i
 318  4.03569  318  318  i
 319  2.36003  319  319  i
 320  3.00988  320  320  i
 321  3.50228  321  321  i
 322  5.63241  322  322  i
 323  4.93977  323  323  i
 324  2.92127  324  324  i
 325  2.37004  325  325  i
 326  0.873442  326  326  i
 327  2.93596  327  327  i
 328  2.37253  328  328  i
 329  1.94203  329  329  i
 330  2.70739  330  330  i
 331  3.08292  331  331  i
 332  1.48142  332  332  i
 333  0.603986  333  333  i
 334  2.77922  334  334  i
 335  2.81161  335  335  i
 336  1.36588  336  336  i
 337  2.32418  337  337  i
 338  1.83372  338  338  i
 339  2.02365  339  339  i
 340  1.17804  340  340  i
 341  0.6871  341  341  i
 342  1.86513  342  342  i
 343  2.0182  343  343  i
 344  2.15703  344  344  i
 345  1.14321  345  345  i
 346  1.25138  346  346  i
 347  0.859386  347  347  i
 348  1.36806  348  348  i
 349  2.56772  349  349  i
 350  1.67227  350  350  i
 351  2.48419  351  351  i
 352  1.5777  352  352  i
 353  0.626551  353  353  i
 354  0.736538  354  354  i
 355  2.18699  355  355  i
 356  1.2343  356  356  i
 357  2.5992  357  357  i
 358  2.44957  358  358  i
 359  2.20972  359  359  i
 360  1.59427  360  360  i
 361  1.17893  361  361  i
 362  3.15803  362  362  i
 363  4.32815  363  363  i
 364  5.13906  364  364  i
 365  2.03522  365  365  i
 366  1.15074  366  366  i
 367  1.67468  367  367  i
 368  2.15965  368  368  i
 369  6.52314  369  369  i
 370  5.91821  370  370  i
 371  7.50621  371  371  i
 372  7.32348  372  372  i
 373  3.05718  373  373  i
 374  2.71747  374  374  i
 375  4.95674  375  375  i
 376  8.01321  376  376  i
 377  7.69593  377  377  i
 378  11.0157  378  378  i
 379  9.81685  379  379  i
 380  4.68664  380  380  i
 381  5.24649  381  381  i
 382  5.27576  382  382  i
 383  9.52081  383  383  i
 384  4.13758  384  384  i
 385  7.4179  385  385  i
 386  5.4187  386  386  i
 387  5.32181  387  387  i
 388  3.12585  388  388  i
 389  3.22256  389  389  i
 390  4.74193  390  390  i
 391  4.70051  391  391  i
 392  4.89577  392  392  i
 393  4.77228  393  393  i
 394  5.31618  394  394  i
 395  4.13358  395  395  i
 396  3.16584  396  396  i
 397  5.21124  397  397  i
 398  5.40926  398  398  i
 399  5.13508  399  399  i
 400  6.54481  400  400  i
 401  4.84925  401  401  i
 402  3.52574  402  402  i
 403  3.35537  403  403  i
 404  3.84218  404  404  i
 405  6.09532  405  405  i
 406  7.72347  406  406  i
 407  6.2407  407  407  i
 408  5.30065  408  408  i
 409  3.26101  409  409  i
 410  4.26188  410  410  i
 411  3.56942  411  411  i
 412  5.87855  412  412  i
 413  8.40843  413  413  i
 414  8.06333  414  414  i
 415  6.17945  415  415  i
 416  4.10137  416  416  i
 417  3.4852  417  417  i
 418  7.6186  418  418  i
 419  5.5409  419  419  i
 420  6.00194  420  420  i
 421  7.87823  421  421  i
 422  8.93848  422  422  i
 423  5.29415  423  423  i
 424  2.46455  424  424  i
 425  8.47544  425  425  i
 426  7.65104  426  426  i
 427  8.98198  427  427  i
 428  5.56789  428  428  i
 429  9.46414  429  429  i
 430  4.48135  430  430  i
 431  6.66477  431  431  i
 432  6.81599  432  432  i
 433  6.74672  433  433  i
 434  6.30036  434  434  i
 435  6.28846  435  435  i
 436  5.66264  436  436  i
 437  5.47236  437  437  i
 438  2.80379  438  438  i
 439  3.09617  439  439  i
 440  4.53495  440  440  i
 441  3.74974  441  441  i
 442  2.44265  442  442  i
 443  6.44611  443  443  i
 444  2.27504  444  444  i
 445  2.03312  445  445  i
 446  4.44965  446  446  i
 447  3.92106  447  447  i
 448  3.77801  448  448  i
 449  3.27235  449  449  i
 450  3.05579  450  450  i
 451  2.08263  451  451  i
 452  1.50081  452  452  i
 453  3.37449  453  453  i
 454  2.30045  454  454  i
 455  1.63003  455  455  i
 456  1.30596  456  456  i
 457  1.68112  457  457  i
 458  2.00072  458  458  i
 459  1.71178  459  459  i
 460  2.09649  460  460  i
 461  2.14024  461  461  i
 462  1.24841  462  462  i
 463  0.749101  463  463  i
 464  1.1162  464  464  i
 465  1.27862  465  465  i
 466  0.573275  466  466  i
 467  0.79527  467  467  i
 468  1.39129  468  468  i
 469  1.35855  469  469  i
 470  0.644403  470  470  i
 471  0.739854  471  471  i
 472  1.09941  472  472  i
 473  0.705051  473  473  i
 474  0.250767  474  474  i
 475  0.994471  475  475  i
 476  0.56238  476  476  i
 477  0.601163  477  477  i
 478  0.242639  478  478  i
 479  0.237921  479  479  i
 480  0.264066  480  480  i
 481  0.783319  481  481  i
 482  0.303256  482  482  i
 483  0.324461  483  483  i
 484  0.480524  484  484  i
 485  0.353903  485  485  i
 486  0.0633838  486  486  i


