
# Curve 0 of 1, 232 points
# Curve title: "CFR predicted deaths B.1.1.7"
# x y xlow xhigh type
-1  1326.84 -1 -1  i
 89  0.132957  89  89  i
 91  0.309393  91  91  i
 99  0.274227  99  99  i
 100  0.169243  100  100  i
 107  0.190946  107  107  i
 162  0.169243  162  162  i
 213  0.10445  213  213  i
 219  0.309393  219  219  i
 223  0.150006  223  223  i
 237  0.117845  237  237  i
 247  0.132957  247  247  i
 252  0.169243  252  252  i
 254  2.02441  254  254  i
 255  0.10445  255  255  i
 257  0.243058  257  257  i
 258  0.282963  258  258  i
 259  2.24041  259  259  i
 261  0.378677  261  261  i
 262  0.132957  262  262  i
 264  0.190946  264  264  i
 265  0.243058  265  265  i
 266  0.413241  266  266  i
 267  0.132957  267  267  i
 269  0.10445  269  269  i
 273  0.132957  273  273  i
 274  0.79252  274  274  i
 276  0.486116  276  276  i
 277  0.620364  277  277  i
 278  0.132957  278  278  i
 279  0.208901  279  279  i
 280  1.22966  280  280  i
 282  1.68701  282  282  i
 284  0.333277  284  284  i
 285  2.56676  285  285  i
 286  1.2287  286  286  i
 287  0.355252  287  287  i
 288  0.215432  288  288  i
 289  1.17596  289  289  i
 290  3.45252  290  290  i
 291  0.333277  291  291  i
 292  3.32899  292  292  i
 293  2.14779  293  293  i
 294  1.73961  294  294  i
 295  2.78696  295  295  i
 296  4.23838  296  296  i
 297  3.10506  297  297  i
 298  1.78406  298  298  i
 299  2.54206  299  299  i
 300  5.9235  300  300  i
 301  7.68225  301  301  i
 302  4.88551  302  302  i
 303  9.65267  303  303  i
 304  7.01581  304  304  i
 305  5.05433  305  305  i
 306  3.45653  306  306  i
 307  7.03167  307  307  i
 308  7.26384  308  308  i
 309  10.4072  309  309  i
 310  5.07145  310  310  i
 311  6.08977  311  311  i
 312  3.65769  312  312  i
 313  3.20695  313  313  i
 314  5.41194  314  314  i
 315  7.52441  315  315  i
 316  7.02872  316  316  i
 317  7.34672  317  317  i
 318  3.56286  318  318  i
 319  2.34056  319  319  i
 320  4.10065  320  320  i
 321  4.8083  321  321  i
 322  12.7223  322  322  i
 323  6.89706  323  323  i
 324  2.87485  324  324  i
 325  3.05448  325  325  i
 326  0.431196  326  326  i
 327  3.67424  327  327  i
 328  4.41105  328  328  i
 329  2.77012  329  329  i
 330  1.10994  330  330  i
 331  4.75984  331  331  i
 332  1.42656  332  332  i
 333  0.73663  333  333  i
 334  8.17205  334  334  i
 335  4.81626  335  335  i
 336  2.56427  336  336  i
 337  3.16172  337  337  i
 338  2.31082  338  338  i
 339  0.922728  339  339  i
 340  1.06053  340  340  i
 341  0.524825  341  341  i
 342  2.07509  342  342  i
 343  2.99064  343  343  i
 344  3.20887  344  344  i
 345  0.495988  345  345  i
 346  0.69856  346  346  i
 347  0.365438  347  347  i
 348  2.57137  348  348  i
 349  2.53838  349  349  i
 350  4.09152  350  350  i
 351  2.23742  351  351  i
 352  2.47662  352  352  i
 353  2.24258  353  353  i
 355  4.72238  355  355  i
 356  1.75002  356  356  i
 357  2.54578  357  357  i
 358  3.61527  358  358  i
 359  2.12129  359  359  i
 360  1.46602  360  360  i
 361  1.73436  361  361  i
 362  3.58251  362  362  i
 363  2.59322  363  363  i
 364  6.94394  364  364  i
 365  1.27547  365  365  i
 366  1.50983  366  366  i
 367  2.97204  367  367  i
 368  3.02662  368  368  i
 369  7.01899  369  369  i
 370  5.83284  370  370  i
 371  5.92149  371  371  i
 372  6.05291  372  372  i
 373  2.7086  373  373  i
 374  2.51519  374  374  i
 375  4.16926  375  375  i
 376  7.8507  376  376  i
 377  9.48019  377  377  i
 378  9.69107  378  378  i
 379  9.37331  379  379  i
 380  4.81648  380  380  i
 381  5.09427  381  381  i
 382  4.92851  382  382  i
 383  9.37193  383  383  i
 384  3.19962  384  384  i
 385  5.71664  385  385  i
 386  4.67286  386  386  i
 387  4.63787  387  387  i
 388  3.95509  388  388  i
 389  3.34163  389  389  i
 390  7.09386  390  390  i
 391  4.34978  391  391  i
 392  4.21319  392  392  i
 393  6.99283  393  393  i
 394  5.56817  394  394  i
 395  4.05274  395  395  i
 396  2.25335  396  396  i
 397  7.41207  397  397  i
 398  4.58136  398  398  i
 399  3.81746  399  399  i
 400  9.30144  400  400  i
 401  4.84043  401  401  i
 402  2.42019  402  402  i
 403  2.48831  403  403  i
 404  4.03703  404  404  i
 405  5.76368  405  405  i
 406  6.65739  406  406  i
 407  5.49693  407  407  i
 408  7.01808  408  408  i
 409  2.49223  409  409  i
 410  2.83793  410  410  i
 411  2.23205  411  411  i
 412  5.05348  412  412  i
 413  5.99526  413  413  i
 414  5.87445  414  414  i
 415  4.32323  415  415  i
 416  4.40816  416  416  i
 417  2.81466  417  417  i
 418  6.04922  418  418  i
 419  7.98945  419  419  i
 420  4.53408  420  420  i
 421  4.81738  421  421  i
 422  5.28544  422  422  i
 423  3.30831  423  423  i
 424  3.89232  424  424  i
 425  6.17939  425  425  i
 426  6.04057  426  426  i
 427  7.20352  427  427  i
 428  3.52673  428  428  i
 429  6.43576  429  429  i
 430  3.89326  430  430  i
 431  2.04888  431  431  i
 432  3.24515  432  432  i
 433  4.02247  433  433  i
 434  3.61122  434  434  i
 435  3.65617  435  435  i
 436  3.33184  436  436  i
 437  5.30342  437  437  i
 438  3.08602  438  438  i
 439  0.950646  439  439  i
 440  4.62976  440  440  i
 441  4.27012  441  441  i
 442  2.57034  442  442  i
 443  4.93694  443  443  i
 444  0.673781  444  444  i
 445  1.24874  445  445  i
 446  2.31056  446  446  i
 447  2.46776  447  447  i
 448  2.38762  448  448  i
 449  1.75584  449  449  i
 450  1.94439  450  450  i
 451  2.10109  451  451  i
 452  1.84352  452  452  i
 453  1.01746  453  453  i
 454  2.02818  454  454  i
 455  1.69047  455  455  i
 456  1.48626  456  456  i
 457  1.41331  457  457  i
 458  0.747898  458  458  i
 459  0.908127  459  459  i
 460  1.4146  460  460  i
 461  1.11584  461  461  i
 462  1.35927  462  462  i
 463  1.9835  463  463  i
 464  1.16158  464  464  i
 465  0.355801  465  465  i
 466  0.135785  466  466  i
 467  0.575817  467  467  i
 468  0.842922  468  468  i
 469  0.481473  469  469  i
 470  0.664076  470  470  i
 472  0.153198  472  472  i
 474  0.195008  474  474  i
 476  0.569045  476  476  i
 477  0.348207  477  477  i
 479  0.535991  479  479  i
 480  0.40221  480  480  i
 481  0.288984  481  481  i
 482  0.871384  482  482  i
 483  0.315975  483  483  i
 484  0.392859  484  484  i
 486  0.153198  486  486  i
 488  0.672921  488  488  i


