
# Curve 0 of 1, 360 points
# Curve title: "daily incidence"
# x y xlow xhigh type
 67  1  67  67  i
 68  2  68  68  i
 71  3  71  71  i
 72  1  72  72  i
 74  1  74  74  i
 75  1  75  75  i
 76  2  76  76  i
 77  4  77  77  i
 79  1  79  79  i
 80  2  80  80  i
 81  1  81  81  i
 82  1  82  82  i
 83  14  83  83  i
 84  9  84  84  i
 85  7  85  85  i
 86  11  86  86  i
 87  20  87  87  i
 88  5  88  88  i
 89  8  89  89  i
 90  11  90  90  i
 91  3  91  91  i
 92  10  92  92  i
 93  12  93  93  i
 94  8  94  94  i
 95  4  95  95  i
 96  6  96  96  i
 97  7  97  97  i
 98  4  98  98  i
 99  5  99  99  i
 100  5  100  100  i
 101  2  101  101  i
 102  2  102  102  i
 104  2  104  104  i
 105  1  105  105  i
 106  3  106  106  i
 107  2  107  107  i
 111  1  111  111  i
 115  1  115  115  i
 116  1  116  116  i
 118  1  118  118  i
 121  1  121  121  i
 124  2  124  124  i
 125  1  125  125  i
 126  2  126  126  i
 127  1  127  127  i
 128  1  128  128  i
 130  2  130  130  i
 131  1  131  131  i
 132  1  132  132  i
 134  1  134  134  i
 135  1  135  135  i
 139  1  139  139  i
 140  1  140  140  i
 146  1  146  146  i
 148  1  148  148  i
 152  1  152  152  i
 155  2  155  155  i
 157  1  157  157  i
 162  1  162  162  i
 163  2  163  163  i
 168  1  168  168  i
 170  1  170  170  i
 173  3  173  173  i
 174  1  174  174  i
 175  3  175  175  i
 176  2  176  176  i
 177  1  177  177  i
 180  1  180  180  i
 181  1  181  181  i
 183  2  183  183  i
 184  2  184  184  i
 188  4  188  188  i
 189  2  189  189  i
 190  2  190  190  i
 193  2  193  193  i
 194  1  194  194  i
 195  1  195  195  i
 197  3  197  197  i
 198  4  198  198  i
 200  1  200  200  i
 201  3  201  201  i
 203  2  203  203  i
 204  5  204  204  i
 205  8  205  205  i
 206  1  206  206  i
 208  10  208  208  i
 209  4  209  209  i
 210  7  210  210  i
 211  13  211  211  i
 212  6  212  212  i
 213  1  213  213  i
 214  2  214  214  i
 215  9  215  215  i
 216  15  216  216  i
 217  13  217  217  i
 218  8  218  218  i
 219  3  219  219  i
 220  2  220  220  i
 221  5  221  221  i
 222  10  222  222  i
 223  10  223  223  i
 224  4  224  224  i
 225  13  225  225  i
 226  16  226  226  i
 227  11  227  227  i
 228  1  228  228  i
 229  5  229  229  i
 230  10  230  230  i
 231  13  231  231  i
 232  12  232  232  i
 233  11  233  233  i
 234  6  234  234  i
 235  9  235  235  i
 236  10  236  236  i
 237  15  237  237  i
 238  12  238  238  i
 239  10  239  239  i
 240  16  240  240  i
 241  4  241  241  i
 242  5  242  242  i
 243  11  243  243  i
 244  20  244  244  i
 245  20  245  245  i
 246  14  246  246  i
 247  40  247  247  i
 248  13  248  248  i
 249  8  249  249  i
 250  17  250  250  i
 251  58  251  251  i
 252  52  252  252  i
 253  52  253  253  i
 254  81  254  254  i
 255  24  255  255  i
 256  40  256  256  i
 257  32  257  257  i
 258  102  258  258  i
 259  84  259  259  i
 260  113  260  260  i
 261  43  261  261  i
 262  77  262  262  i
 263  32  263  263  i
 264  55  264  264  i
 265  98  265  265  i
 266  76  266  266  i
 267  68  267  267  i
 268  73  268  268  i
 269  75  269  269  i
 270  116  270  270  i
 271  17  271  271  i
 272  85  272  272  i
 273  111  273  273  i
 274  101  274  274  i
 275  122  275  275  i
 276  31  276  276  i
 277  31  277  277  i
 278  296  278  278  i
 279  224  279  279  i
 280  181  280  280  i
 281  220  281  281  i
 282  312  282  282  i
 283  308  283  283  i
 284  136  284  284  i
 285  207  285  285  i
 286  460  286  286  i
 287  491  287  287  i
 288  452  288  288  i
 289  716  289  289  i
 290  678  290  290  i
 291  248  291  291  i
 292  505  292  292  i
 293  606  293  293  i
 294  1057  294  294  i
 295  735  295  295  i
 296  961  296  296  i
 297  1026  297  297  i
 298  830  298  298  i
 299  598  299  299  i
 300  801  300  300  i
 301  644  301  301  i
 302  1113  302  302  i
 303  725  303  303  i
 304  737  304  304  i
 305  624  305  305  i
 306  658  306  306  i
 307  627  307  307  i
 308  1070  308  308  i
 309  729  309  309  i
 310  601  310  310  i
 311  449  311  311  i
 312  269  312  312  i
 313  412  313  313  i
 314  486  314  314  i
 315  576  315  315  i
 316  407  316  316  i
 317  352  317  317  i
 318  314  318  318  i
 319  96  319  319  i
 320  262  320  320  i
 321  310  321  321  i
 322  269  322  322  i
 323  265  323  323  i
 324  277  324  324  i
 325  232  325  325  i
 326  91  326  326  i
 327  361  327  327  i
 328  333  328  328  i
 329  288  329  329  i
 330  271  330  330  i
 331  228  331  331  i
 332  157  332  332  i
 333  108  333  333  i
 334  207  334  334  i
 335  246  335  335  i
 336  239  336  336  i
 337  221  337  337  i
 338  230  338  338  i
 339  229  339  339  i
 340  91  340  340  i
 341  166  341  341  i
 342  363  342  342  i
 343  356  343  343  i
 344  391  344  344  i
 345  301  345  345  i
 346  213  346  346  i
 347  145  347  347  i
 348  359  348  348  i
 349  383  349  349  i
 350  480  350  350  i
 351  445  351  351  i
 352  380  352  352  i
 353  383  353  353  i
 354  289  354  354  i
 355  479  355  355  i
 356  664  356  356  i
 357  1016  357  357  i
 358  264  358  358  i
 359  135  359  359  i
 360  233  360  360  i
 361  317  361  361  i
 362  994  362  362  i
 363  994  363  363  i
 364  1199  364  364  i
 365  796  365  365  i
 366  446  366  366  i
 367  390  367  367  i
 368  647  368  368  i
 369  1077  369  369  i
 370  977  370  370  i
 371  1565  371  371  i
 372  1119  372  372  i
 373  852  373  373  i
 374  765  374  374  i
 375  723  375  375  i
 376  1022  376  376  i
 377  589  377  377  i
 378  882  378  378  i
 379  862  379  379  i
 380  667  380  380  i
 381  592  381  381  i
 382  356  382  382  i
 383  914  383  383  i
 384  900  384  384  i
 385  902  385  385  i
 386  813  386  386  i
 387  795  387  387  i
 388  711  388  388  i
 389  385  389  389  i
 390  649  390  390  i
 391  968  391  391  i
 392  831  392  392  i
 393  1026  393  393  i
 394  805  394  394  i
 395  618  395  395  i
 396  538  396  396  i
 397  523  397  397  i
 398  895  398  398  i
 399  1361  399  399  i
 400  949  400  400  i
 401  826  401  401  i
 402  560  402  402  i
 403  511  403  403  i
 404  721  404  404  i
 405  1031  405  405  i
 406  1060  406  406  i
 407  999  407  407  i
 408  688  408  408  i
 409  687  409  409  i
 410  415  410  410  i
 411  875  411  411  i
 412  1000  412  412  i
 413  790  413  413  i
 414  1214  414  414  i
 415  879  415  415  i
 416  698  416  416  i
 417  441  417  417  i
 418  1064  418  418  i
 419  944  419  419  i
 420  1181  420  420  i
 421  844  421  421  i
 422  1037  422  422  i
 423  507  423  423  i
 424  657  424  424  i
 425  776  425  425  i
 426  970  426  426  i
 427  855  427  427  i
 428  819  428  428  i
 429  770  429  429  i
 430  604  430  430  i
 431  385  431  431  i
 432  518  432  432  i
 433  691  433  433  i
 434  684  434  434  i
 435  528  435  435  i
 436  793  436  436  i
 437  282  437  437  i
 438  213  438  438  i
 439  539  439  439  i
 440  503  440  440  i
 441  458  441  441  i
 442  390  442  442  i
 443  353  443  443  i
 444  237  444  444  i
 445  141  445  445  i
 446  317  446  446  i
 447  372  447  447  i
 448  272  448  448  i
 449  233  449  449  i
 450  242  450  450  i
 451  140  451  451  i
 452  84  452  452  i
 453  254  453  453  i
 454  226  454  454  i
 455  178  455  455  i
 456  146  456  456  i
 457  96  457  457  i
 458  79  458  458  i
 459  64  459  459  i
 460  78  460  460  i
 461  131  461  461  i
 462  138  462  462  i
 463  131  463  463  i
 464  80  464  464  i
 465  58  465  465  i
 466  58  466  466  i
 467  46  467  467  i
 468  110  468  468  i
 469  90  469  469  i
 470  65  470  470  i
 471  48  471  471  i
 472  40  472  472  i
 473  43  473  473  i
 474  40  474  474  i
 475  74  475  475  i
 476  51  476  476  i
 477  40  477  477  i
 478  37  478  478  i
 479  38  479  479  i
 480  24  480  480  i
 481  58  481  481  i


