
# Curve 0 of 1, 162 points
# Curve title: "1st dose"
# x y xlow xhigh type
-1  219034 -1 -1  i
 367  31  367  367  i
 368  31  368  368  i
 369  7  369  369  i
 370  14  370  370  i
 371  12  371  371  i
 372  18  372  372  i
 373  132  373  373  i
 374  34  374  374  i
 375  62  375  375  i
 376  54  376  376  i
 377  92  377  377  i
 378  122  378  378  i
 379  88  379  379  i
 380  96  380  380  i
 381  44  381  381  i
 382  42  382  382  i
 383  62  383  383  i
 384  36  384  384  i
 385  64  385  385  i
 386  60  386  386  i
 387  38  387  387  i
 388  6  388  388  i
 389  5  389  389  i
 390  20  390  390  i
 391  38  391  391  i
 392  18  392  392  i
 393  6  393  393  i
 394  9  394  394  i
 395  0  395  395  i
 396  1  396  396  i
 397  8  397  397  i
 398  4  398  398  i
 399  2  399  399  i
 400  2  400  400  i
 401  6  401  401  i
 402  0  402  402  i
 403  3  403  403  i
 404  7  404  404  i
 405  19  405  405  i
 406  26  406  406  i
 407  17  407  407  i
 408  30  408  408  i
 409  49  409  409  i
 410  1  410  410  i
 411  7  411  411  i
 412  7  412  412  i
 413  23  413  413  i
 414  31  414  414  i
 415  33  415  415  i
 416  50  416  416  i
 417  4  417  417  i
 418  11  418  418  i
 419  45  419  419  i
 420  59  420  420  i
 421  72  421  421  i
 422  44  422  422  i
 423  18  423  423  i
 424  9  424  424  i
 425  31  425  425  i
 426  55  426  426  i
 427  91  427  427  i
 428  94  428  428  i
 429  63  429  429  i
 430  16  430  430  i
 431  18  431  431  i
 432  27  432  432  i
 433  46  433  433  i
 434  54  434  434  i
 435  44  435  435  i
 436  32  436  436  i
 437  36  437  437  i
 438  31  438  438  i
 439  24  439  439  i
 440  32  440  440  i
 441  94  441  441  i
 442  53  442  442  i
 443  47  443  443  i
 444  43  444  444  i
 445  24  445  445  i
 446  39  446  446  i
 447  92  447  447  i
 448  97  448  448  i
 449  98  449  449  i
 450  92  450  450  i
 451  47  451  451  i
 452  35  452  452  i
 453  46  453  453  i
 454  72  454  454  i
 455  53  455  455  i
 456  42  456  456  i
 457  10  457  457  i
 458  8  458  458  i
 459  10  459  459  i
 460  0  460  460  i
 461  43  461  461  i
 462  61  462  462  i
 463  73  463  463  i
 464  105  464  464  i
 465  32  465  465  i
 466  34  466  466  i
 467  133  467  467  i
 468  72  468  468  i
 469  80  469  469  i
 470  128  470  470  i
 471  142  471  471  i
 472  141  472  472  i
 473  188  473  473  i
 474  109  474  474  i
 475  96  475  475  i
 476  175  476  476  i
 477  167  477  477  i
 478  205  478  478  i
 479  74  479  479  i
 480  71  480  480  i
 481  67  481  481  i
 482  62  482  482  i
 483  91  483  483  i
 484  75  484  484  i
 485  113  485  485  i
 486  43  486  486  i
 487  82  487  487  i
 488  89  488  488  i
 489  57  489  489  i
 490  74  490  490  i
 491  98  491  491  i
 492  151  492  492  i
 493  117  493  493  i
 494  98  494  494  i
 495  111  495  495  i
 496  90  496  496  i
 497  96  497  497  i
 498  116  498  498  i
 499  118  499  499  i
 500  60  500  500  i
 501  63  501  501  i
 502  104  502  502  i
 503  158  503  503  i
 504  89  504  504  i
 505  159  505  505  i
 506  145  506  506  i
 507  25  507  507  i
 508  15  508  508  i
 509  93  509  509  i
 510  623  510  510  i
 511  686  511  511  i
 512  557  512  512  i
 513  613  513  513  i
 514  258  514  514  i
 515  153  515  515  i
 516  802  516  516  i
 517  561  517  517  i
 518  582  518  518  i
 519  492  519  519  i
 520  889  520  520  i
 521  194  521  521  i
 522  230  522  522  i
 523  642  523  523  i
 524  494  524  524  i
 525  416  525  525  i
 526  355  526  526  i


