
# Curve 0 of 1, 161 points
# Curve title: "1st dose"
# x y xlow xhigh type
 367  144  367  367  i
 368  175  368  368  i
 369  70  369  369  i
 370  73  370  370  i
 371  68  371  371  i
 372  87  372  372  i
 373  660  373  373  i
 374  284  374  374  i
 375  320  375  375  i
 376  335  376  376  i
 377  800  377  377  i
 378  739  378  378  i
 379  820  379  379  i
 380  801  380  380  i
 381  464  381  381  i
 382  362  382  382  i
 383  472  383  383  i
 384  524  384  384  i
 385  664  385  385  i
 386  845  386  386  i
 387  629  387  387  i
 388  272  388  388  i
 389  234  389  389  i
 390  591  390  390  i
 391  850  391  391  i
 392  426  392  392  i
 393  400  393  393  i
 394  286  394  394  i
 395  133  395  395  i
 396  133  396  396  i
 397  78  397  397  i
 398  86  398  398  i
 399  79  399  399  i
 400  139  400  400  i
 401  182  401  401  i
 402  136  402  402  i
 403  141  403  403  i
 404  227  404  404  i
 405  348  405  405  i
 406  443  406  406  i
 407  377  407  407  i
 408  501  408  408  i
 409  408  409  409  i
 410  123  410  410  i
 411  131  411  411  i
 412  233  412  412  i
 413  304  413  413  i
 414  432  414  414  i
 415  681  415  415  i
 416  472  416  416  i
 417  383  417  417  i
 418  605  418  418  i
 419  845  419  419  i
 420  894  420  420  i
 421  1070  421  421  i
 422  879  422  422  i
 423  627  423  423  i
 424  460  424  424  i
 425  973  425  425  i
 426  1437  426  426  i
 427  1667  427  427  i
 428  1695  428  428  i
 429  1410  429  429  i
 430  730  430  430  i
 431  591  431  431  i
 432  1145  432  432  i
 433  1370  433  433  i
 434  1493  434  434  i
 435  1446  435  435  i
 436  1451  436  436  i
 437  1568  437  437  i
 438  1478  438  438  i
 439  1585  439  439  i
 440  2016  440  440  i
 441  2223  441  441  i
 442  1867  442  442  i
 443  1879  443  443  i
 444  1011  444  444  i
 445  536  445  445  i
 446  1721  446  446  i
 447  1807  447  447  i
 448  1831  448  448  i
 449  1760  449  449  i
 450  1610  450  450  i
 451  926  451  451  i
 452  665  452  452  i
 453  1546  453  453  i
 454  1793  454  454  i
 455  1847  455  455  i
 456  1563  456  456  i
 457  389  457  457  i
 458  199  458  458  i
 459  242  459  459  i
 460  61  460  460  i
 461  1226  461  461  i
 462  1323  462  462  i
 463  1620  463  463  i
 464  1712  464  464  i
 465  1550  465  465  i
 466  1211  466  466  i
 467  1531  467  467  i
 468  1644  468  468  i
 469  1557  469  469  i
 470  2289  470  470  i
 471  2022  471  471  i
 472  1358  472  472  i
 473  1178  473  473  i
 474  1847  474  474  i
 475  1963  475  475  i
 476  2690  476  476  i
 477  2822  477  477  i
 478  3119  478  478  i
 479  1665  479  479  i
 480  1485  480  480  i
 481  2891  481  481  i
 482  2579  482  482  i
 483  3336  483  483  i
 484  3487  484  484  i
 485  3596  485  485  i
 486  1969  486  486  i
 487  1575  487  487  i
 488  3322  488  488  i
 489  2983  489  489  i
 490  3415  490  490  i
 491  3806  491  491  i
 492  4302  492  492  i
 493  2142  493  493  i
 494  2122  494  494  i
 495  3782  495  495  i
 496  3556  496  496  i
 497  3825  497  497  i
 498  4400  498  498  i
 499  3998  499  499  i
 500  1829  500  500  i
 501  2367  501  501  i
 502  4002  502  502  i
 503  3390  503  503  i
 504  3909  504  504  i
 505  4857  505  505  i
 506  3738  506  506  i
 507  1469  507  507  i
 508  1121  508  508  i
 509  2277  509  509  i
 510  2623  510  510  i
 511  3152  511  511  i
 512  3102  512  512  i
 513  2962  513  513  i
 514  2594  514  514  i
 515  2127  515  515  i
 516  2050  516  516  i
 517  1787  517  517  i
 518  1827  518  518  i
 519  1935  519  519  i
 520  3012  520  520  i
 521  1432  521  521  i
 522  1297  522  522  i
 523  2417  523  523  i
 524  2447  524  524  i
 525  2114  525  525  i
 526  1683  526  526  i


