
# Curve 0 of 1, 305 points
# Curve title: "daily incidence"
# x y xlow xhigh type
-1  57543 -1 -1  i
 80  3  80  80  i
 82  1  82  82  i
 84  1  84  84  i
 85  4  85  85  i
 86  11  86  86  i
 87  1  87  87  i
 89  2  89  89  i
 90  1  90  90  i
 91  3  91  91  i
 92  2  92  92  i
 93  2  93  93  i
 96  3  96  96  i
 97  1  97  97  i
 98  3  98  98  i
 99  1  99  99  i
 100  2  100  100  i
 102  2  102  102  i
 110  1  110  110  i
 111  2  111  111  i
 113  1  113  113  i
 122  1  122  122  i
 125  1  125  125  i
 153  1  153  153  i
 170  1  170  170  i
 173  1  173  173  i
 184  1  184  184  i
 186  1  186  186  i
 188  2  188  188  i
 191  1  191  191  i
 192  1  192  192  i
 193  1  193  193  i
 195  1  195  195  i
 196  1  196  196  i
 197  3  197  197  i
 199  1  199  199  i
 203  3  203  203  i
 204  3  204  204  i
 205  4  205  205  i
 206  4  206  206  i
 207  3  207  207  i
 208  1  208  208  i
 209  11  209  209  i
 210  1  210  210  i
 211  5  211  211  i
 212  3  212  212  i
 214  3  214  214  i
 215  1  215  215  i
 216  5  216  216  i
 217  1  217  217  i
 218  2  218  218  i
 219  3  219  219  i
 223  6  223  223  i
 224  1  224  224  i
 225  5  225  225  i
 226  3  226  226  i
 227  2  227  227  i
 228  3  228  228  i
 229  3  229  229  i
 230  4  230  230  i
 231  6  231  231  i
 232  7  232  232  i
 233  10  233  233  i
 234  6  234  234  i
 235  7  235  235  i
 236  22  236  236  i
 237  5  237  237  i
 238  4  238  238  i
 239  2  239  239  i
 240  7  240  240  i
 241  4  241  241  i
 242  1  242  242  i
 243  7  243  243  i
 244  5  244  244  i
 245  6  245  245  i
 246  5  246  246  i
 247  9  247  247  i
 248  9  248  248  i
 249  15  249  249  i
 250  17  250  250  i
 251  3  251  251  i
 252  23  252  252  i
 253  13  253  253  i
 254  13  254  254  i
 255  18  255  255  i
 256  6  256  256  i
 257  20  257  257  i
 258  19  258  258  i
 259  27  259  259  i
 260  51  260  260  i
 261  37  261  261  i
 262  29  262  262  i
 263  16  263  263  i
 264  20  264  264  i
 265  30  265  265  i
 266  45  266  266  i
 267  56  267  267  i
 268  49  268  268  i
 269  41  269  269  i
 270  29  270  270  i
 271  50  271  271  i
 272  45  272  272  i
 273  47  273  273  i
 274  43  274  274  i
 275  48  275  275  i
 276  27  276  276  i
 277  12  277  277  i
 278  25  278  278  i
 279  53  279  279  i
 280  44  280  280  i
 281  54  281  281  i
 282  96  282  282  i
 283  50  283  283  i
 284  48  284  284  i
 285  81  285  285  i
 286  86  286  286  i
 287  121  287  287  i
 288  45  288  288  i
 289  145  289  289  i
 290  128  290  290  i
 291  73  291  291  i
 292  77  292  292  i
 293  111  293  293  i
 294  150  294  294  i
 295  178  295  295  i
 296  118  296  296  i
 297  58  297  297  i
 298  72  298  298  i
 299  161  299  299  i
 300  137  300  300  i
 301  145  301  301  i
 302  116  302  302  i
 303  157  303  303  i
 304  95  304  304  i
 305  76  305  305  i
 306  140  306  306  i
 307  108  307  307  i
 308  188  308  308  i
 309  211  309  309  i
 310  159  310  310  i
 311  164  311  311  i
 312  38  312  312  i
 313  124  313  313  i
 314  164  314  314  i
 315  129  315  315  i
 316  140  316  316  i
 317  157  317  317  i
 318  84  318  318  i
 319  17  319  319  i
 320  102  320  320  i
 321  74  321  321  i
 322  136  322  322  i
 323  118  323  323  i
 324  122  324  324  i
 325  66  325  325  i
 326  28  326  326  i
 327  47  327  327  i
 328  119  328  328  i
 329  50  329  329  i
 330  81  330  330  i
 331  79  331  331  i
 332  73  332  332  i
 333  20  333  333  i
 334  58  334  334  i
 335  41  335  335  i
 336  75  336  336  i
 337  76  337  337  i
 338  83  338  338  i
 339  46  339  339  i
 340  26  340  340  i
 341  40  341  341  i
 342  70  342  342  i
 343  91  343  343  i
 344  55  344  344  i
 345  100  345  345  i
 346  26  346  346  i
 347  33  347  347  i
 348  54  348  348  i
 349  97  349  349  i
 350  68  350  350  i
 351  81  351  351  i
 352  152  352  352  i
 353  81  353  353  i
 354  45  354  354  i
 355  94  355  355  i
 356  127  356  356  i
 357  205  357  357  i
 358  37  358  358  i
 359  36  359  359  i
 360  68  360  360  i
 361  28  361  361  i
 362  107  362  362  i
 363  157  363  363  i
 364  224  364  364  i
 365  103  365  365  i
 366  41  366  366  i
 367  48  367  367  i
 368  87  368  368  i
 369  153  369  369  i
 370  194  370  370  i
 371  177  371  371  i
 372  135  372  372  i
 373  205  373  373  i
 374  78  374  374  i
 375  62  375  375  i
 376  123  376  376  i
 377  115  377  377  i
 378  124  378  378  i
 379  72  379  379  i
 380  123  380  380  i
 381  62  381  381  i
 382  23  382  382  i
 383  79  383  383  i
 384  95  384  384  i
 385  67  385  385  i
 386  68  386  386  i
 387  69  387  387  i
 388  50  388  388  i
 389  15  389  389  i
 390  61  390  390  i
 391  68  391  391  i
 392  59  392  392  i
 393  72  393  393  i
 394  66  394  394  i
 395  43  395  395  i
 396  5  396  396  i
 397  52  397  397  i
 398  86  398  398  i
 399  50  399  399  i
 400  42  400  400  i
 401  80  401  401  i
 402  39  402  402  i
 403  9  403  403  i
 404  75  404  404  i
 405  93  405  405  i
 406  86  406  406  i
 407  69  407  407  i
 408  70  408  408  i
 409  43  409  409  i
 410  18  410  410  i
 411  80  411  411  i
 412  99  412  412  i
 413  64  413  413  i
 414  121  414  414  i
 415  109  415  415  i
 416  49  416  416  i
 417  28  417  417  i
 418  78  418  418  i
 419  157  419  419  i
 420  142  420  420  i
 421  148  421  421  i
 422  163  422  422  i
 423  80  423  423  i
 424  17  424  424  i
 425  113  425  425  i
 426  187  426  426  i
 427  154  427  427  i
 428  180  428  428  i
 429  121  429  429  i
 430  139  430  430  i
 431  47  431  431  i
 432  101  432  432  i
 433  168  433  433  i
 434  146  434  434  i
 435  169  435  435  i
 436  186  436  436  i
 437  120  437  437  i
 438  32  438  438  i
 439  128  439  439  i
 440  190  440  440  i
 441  164  441  441  i
 442  163  442  442  i
 443  153  443  443  i
 444  118  444  444  i
 445  27  445  445  i
 446  99  446  446  i
 447  135  447  447  i
 448  122  448  448  i
 449  126  449  449  i
 450  182  450  450  i
 451  83  451  451  i
 452  17  452  452  i
 453  71  453  453  i
 454  139  454  454  i
 455  151  455  455  i
 456  122  456  456  i
 457  83  457  457  i
 458  57  458  458  i
 459  34  459  459  i
 460  33  460  460  i
 461  74  461  461  i
 462  118  462  462  i
 463  99  463  463  i
 464  111  464  464  i
 465  66  465  465  i
 466  9  466  466  i
 467  69  467  467  i
 468  126  468  468  i
 469  81  469  469  i
 470  79  470  470  i
 471  63  471  471  i
 472  28  472  472  i
 473  12  473  473  i
 474  56  474  474  i


