
# Curve 0 of 1, 300 points
# Curve title: "daily incidence"
# x y xlow xhigh type
-1  66853 -1 -1  i
 78  2  78  78  i
 79  2  79  79  i
 83  2  83  83  i
 86  2  86  86  i
 87  2  87  87  i
 89  2  89  89  i
 90  1  90  90  i
 91  2  91  91  i
 93  1  93  93  i
 94  1  94  94  i
 98  2  98  98  i
 107  1  107  107  i
 114  1  114  114  i
 116  1  116  116  i
 117  1  117  117  i
 119  1  119  119  i
 134  1  134  134  i
 141  1  141  141  i
 142  1  142  142  i
 182  1  182  182  i
 185  1  185  185  i
 188  1  188  188  i
 190  1  190  190  i
 191  2  191  191  i
 193  1  193  193  i
 195  1  195  195  i
 197  1  197  197  i
 201  1  201  201  i
 203  2  203  203  i
 204  3  204  204  i
 205  3  205  205  i
 206  1  206  206  i
 208  1  208  208  i
 209  3  209  209  i
 211  1  211  211  i
 212  3  212  212  i
 214  1  214  214  i
 216  1  216  216  i
 217  1  217  217  i
 219  1  219  219  i
 220  1  220  220  i
 223  1  223  223  i
 224  1  224  224  i
 225  6  225  225  i
 226  3  226  226  i
 227  2  227  227  i
 230  3  230  230  i
 231  2  231  231  i
 232  2  232  232  i
 233  7  233  233  i
 234  1  234  234  i
 235  2  235  235  i
 236  3  236  236  i
 237  4  237  237  i
 239  4  239  239  i
 240  4  240  240  i
 241  1  241  241  i
 242  1  242  242  i
 243  1  243  243  i
 244  3  244  244  i
 245  4  245  245  i
 246  4  246  246  i
 247  2  247  247  i
 248  6  248  248  i
 249  7  249  249  i
 250  5  250  250  i
 251  3  251  251  i
 252  5  252  252  i
 253  5  253  253  i
 254  11  254  254  i
 255  7  255  255  i
 257  7  257  257  i
 258  8  258  258  i
 259  12  259  259  i
 260  25  260  260  i
 261  6  261  261  i
 262  7  262  262  i
 263  5  263  263  i
 264  14  264  264  i
 265  13  265  265  i
 266  17  266  266  i
 267  17  267  267  i
 268  19  268  268  i
 269  12  269  269  i
 270  5  270  270  i
 271  7  271  271  i
 272  8  272  272  i
 273  18  273  273  i
 274  21  274  274  i
 275  27  275  275  i
 276  12  276  276  i
 277  22  277  277  i
 278  7  278  278  i
 279  34  279  279  i
 280  46  280  280  i
 281  48  281  281  i
 282  85  282  282  i
 283  26  283  283  i
 284  26  284  284  i
 285  64  285  285  i
 286  51  286  286  i
 287  82  287  287  i
 288  39  288  288  i
 289  91  289  289  i
 290  74  290  290  i
 291  40  291  291  i
 292  50  292  292  i
 293  74  293  293  i
 294  83  294  294  i
 295  127  295  295  i
 296  102  296  296  i
 297  58  297  297  i
 298  47  298  298  i
 299  117  299  299  i
 300  103  300  300  i
 301  113  301  301  i
 302  83  302  302  i
 303  107  303  303  i
 304  51  304  304  i
 305  34  305  305  i
 306  117  306  306  i
 307  84  307  307  i
 308  120  308  308  i
 309  139  309  309  i
 310  112  310  310  i
 311  91  311  311  i
 312  20  312  312  i
 313  70  313  313  i
 314  105  314  314  i
 315  91  315  315  i
 316  89  316  316  i
 317  80  317  317  i
 318  48  318  318  i
 319  14  319  319  i
 320  62  320  320  i
 321  40  321  321  i
 322  52  322  322  i
 323  58  323  323  i
 324  46  324  324  i
 325  35  325  325  i
 326  16  326  326  i
 327  22  327  327  i
 328  71  328  328  i
 329  31  329  329  i
 330  61  330  330  i
 331  55  331  331  i
 332  31  332  332  i
 333  14  333  333  i
 334  33  334  334  i
 335  32  335  335  i
 336  55  336  336  i
 337  35  337  337  i
 338  48  338  338  i
 339  25  339  339  i
 340  19  340  340  i
 341  33  341  341  i
 342  38  342  342  i
 343  44  343  343  i
 344  32  344  344  i
 345  66  345  345  i
 346  13  346  346  i
 347  22  347  347  i
 348  29  348  348  i
 349  49  349  349  i
 350  47  350  350  i
 351  51  351  351  i
 352  99  352  352  i
 353  38  353  353  i
 354  18  354  354  i
 355  42  355  355  i
 356  74  356  356  i
 357  81  357  357  i
 358  24  358  358  i
 359  20  359  359  i
 360  26  360  360  i
 361  7  361  361  i
 362  66  362  362  i
 363  98  363  363  i
 364  133  364  364  i
 365  75  365  365  i
 366  22  366  366  i
 367  34  367  367  i
 368  54  368  368  i
 369  85  369  369  i
 370  128  370  370  i
 371  130  371  371  i
 372  85  372  372  i
 373  95  373  373  i
 374  49  374  374  i
 375  32  375  375  i
 376  43  376  376  i
 377  71  377  377  i
 378  48  378  378  i
 379  42  379  379  i
 380  59  380  380  i
 381  29  381  381  i
 382  14  382  382  i
 383  54  383  383  i
 384  47  384  384  i
 385  54  385  385  i
 386  52  386  386  i
 387  43  387  387  i
 388  30  388  388  i
 389  10  389  389  i
 390  43  390  390  i
 391  45  391  391  i
 392  44  392  392  i
 393  46  393  393  i
 394  40  394  394  i
 395  23  395  395  i
 396  3  396  396  i
 397  32  397  397  i
 398  62  398  398  i
 399  45  399  399  i
 400  47  400  400  i
 401  41  401  401  i
 402  23  402  402  i
 403  10  403  403  i
 404  55  404  404  i
 405  58  405  405  i
 406  41  406  406  i
 407  41  407  407  i
 408  55  408  408  i
 409  31  409  409  i
 410  9  410  410  i
 411  39  411  411  i
 412  68  412  412  i
 413  54  413  413  i
 414  64  414  414  i
 415  65  415  415  i
 416  35  416  416  i
 417  18  417  417  i
 418  55  418  418  i
 419  72  419  419  i
 420  81  420  420  i
 421  80  421  421  i
 422  99  422  422  i
 423  38  423  423  i
 424  8  424  424  i
 425  62  425  425  i
 426  102  426  426  i
 427  124  427  427  i
 428  108  428  428  i
 429  63  429  429  i
 430  70  430  430  i
 431  40  431  431  i
 432  63  432  432  i
 433  100  433  433  i
 434  70  434  434  i
 435  104  435  435  i
 436  114  436  436  i
 437  59  437  437  i
 438  16  438  438  i
 439  62  439  439  i
 440  113  440  440  i
 441  72  441  441  i
 442  77  442  442  i
 443  89  443  443  i
 444  52  444  444  i
 445  10  445  445  i
 446  38  446  446  i
 447  88  447  447  i
 448  89  448  448  i
 449  66  449  449  i
 450  72  450  450  i
 451  44  451  451  i
 452  6  452  452  i
 453  39  453  453  i
 454  62  454  454  i
 455  80  455  455  i
 456  49  456  456  i
 457  31  457  457  i
 458  34  458  458  i
 459  16  459  459  i
 460  14  460  460  i
 461  50  461  461  i
 462  67  462  462  i
 463  38  463  463  i
 464  67  464  464  i
 465  27  465  465  i
 466  6  466  466  i
 467  20  467  467  i
 468  38  468  468  i
 469  39  469  469  i
 470  28  470  470  i
 471  19  471  471  i
 472  11  472  472  i
 473  4  473  473  i
 474  29  474  474  i
 475  39  475  475  i
 476  34  476  476  i
 477  26  477  477  i
 478  21  478  478  i
 479  8  479  479  i
 480  3  480  480  i
 481  23  481  481  i
 482  28  482  482  i
 483  13  483  483  i


