
# Curve 0 of 1, 288 points
# Curve title: "daily incidence"
# x y xlow xhigh type
-1  60870 -1 -1  i
 77  1  77  77  i
 78  1  78  78  i
 79  2  79  79  i
 83  2  83  83  i
 84  5  84  84  i
 85  3  85  85  i
 86  3  86  86  i
 87  3  87  87  i
 88  1  88  88  i
 89  1  89  89  i
 90  2  90  90  i
 91  2  91  91  i
 92  2  92  92  i
 94  1  94  94  i
 97  2  97  97  i
 98  1  98  98  i
 99  2  99  99  i
 103  1  103  103  i
 110  1  110  110  i
 111  1  111  111  i
 113  1  113  113  i
 128  1  128  128  i
 143  1  143  143  i
 188  5  188  188  i
 191  1  191  191  i
 196  1  196  196  i
 199  2  199  199  i
 200  3  200  200  i
 201  3  201  201  i
 202  2  202  202  i
 203  4  203  203  i
 204  2  204  204  i
 205  4  205  205  i
 206  6  206  206  i
 207  1  207  207  i
 210  2  210  210  i
 211  3  211  211  i
 212  3  212  212  i
 214  1  214  214  i
 215  2  215  215  i
 216  4  216  216  i
 217  1  217  217  i
 220  1  220  220  i
 221  1  221  221  i
 223  4  223  223  i
 225  4  225  225  i
 226  2  226  226  i
 228  1  228  228  i
 229  2  229  229  i
 231  2  231  231  i
 233  5  233  233  i
 234  6  234  234  i
 235  1  235  235  i
 236  6  236  236  i
 237  3  237  237  i
 238  4  238  238  i
 239  3  239  239  i
 240  4  240  240  i
 241  9  241  241  i
 243  6  243  243  i
 244  9  244  244  i
 245  4  245  245  i
 246  5  246  246  i
 247  5  247  247  i
 248  10  248  248  i
 249  8  249  249  i
 250  2  250  250  i
 251  7  251  251  i
 252  8  252  252  i
 253  13  253  253  i
 254  13  254  254  i
 255  11  255  255  i
 256  4  256  256  i
 257  5  257  257  i
 258  18  258  258  i
 259  19  259  259  i
 260  20  260  260  i
 261  16  261  261  i
 262  12  262  262  i
 263  9  263  263  i
 264  27  264  264  i
 265  15  265  265  i
 266  26  266  266  i
 267  29  267  267  i
 268  36  268  268  i
 269  11  269  269  i
 270  14  270  270  i
 271  17  271  271  i
 272  24  272  272  i
 273  37  273  273  i
 274  49  274  274  i
 275  37  275  275  i
 276  20  276  276  i
 277  22  277  277  i
 278  33  278  278  i
 279  34  279  279  i
 280  59  280  280  i
 281  72  281  281  i
 282  91  282  282  i
 283  44  283  283  i
 284  38  284  284  i
 285  75  285  285  i
 286  72  286  286  i
 287  122  287  287  i
 288  38  288  288  i
 289  118  289  289  i
 290  132  290  290  i
 291  65  291  291  i
 292  72  292  292  i
 293  117  293  293  i
 294  163  294  294  i
 295  142  295  295  i
 296  141  296  296  i
 297  73  297  297  i
 298  97  298  298  i
 299  150  299  299  i
 300  161  300  300  i
 301  173  301  301  i
 302  154  302  302  i
 303  185  303  303  i
 304  107  304  304  i
 305  92  305  305  i
 306  196  306  306  i
 307  136  307  307  i
 308  200  308  308  i
 309  203  309  309  i
 310  142  310  310  i
 311  128  311  311  i
 312  32  312  312  i
 313  141  313  313  i
 314  168  314  314  i
 315  123  315  315  i
 316  129  316  316  i
 317  163  317  317  i
 318  51  318  318  i
 319  27  319  319  i
 320  73  320  320  i
 321  64  321  321  i
 322  95  322  322  i
 323  87  323  323  i
 324  71  324  324  i
 325  42  325  325  i
 326  20  326  326  i
 327  35  327  327  i
 328  92  328  328  i
 329  43  329  329  i
 330  72  330  330  i
 331  60  331  331  i
 332  34  332  332  i
 333  16  333  333  i
 334  42  334  334  i
 335  42  335  335  i
 336  58  336  336  i
 337  37  337  337  i
 338  64  338  338  i
 339  32  339  339  i
 340  20  340  340  i
 341  29  341  341  i
 342  75  342  342  i
 343  72  343  343  i
 344  48  344  344  i
 345  58  345  345  i
 346  17  346  346  i
 347  33  347  347  i
 348  39  348  348  i
 349  65  349  349  i
 350  60  350  350  i
 351  67  351  351  i
 352  107  352  352  i
 353  43  353  353  i
 354  29  354  354  i
 355  68  355  355  i
 356  129  356  356  i
 357  132  357  357  i
 358  41  358  358  i
 359  41  359  359  i
 360  43  360  360  i
 361  24  361  361  i
 362  95  362  362  i
 363  111  363  363  i
 364  180  364  364  i
 365  73  365  365  i
 366  36  366  366  i
 367  46  367  367  i
 368  57  368  368  i
 369  130  369  369  i
 370  157  370  370  i
 371  166  371  371  i
 372  111  372  372  i
 373  169  373  373  i
 374  59  374  374  i
 375  35  375  375  i
 376  70  376  376  i
 377  93  377  377  i
 378  72  378  378  i
 379  68  379  379  i
 380  91  380  380  i
 381  30  381  381  i
 382  16  382  382  i
 383  56  383  383  i
 384  78  384  384  i
 385  42  385  385  i
 386  36  386  386  i
 387  52  387  387  i
 388  46  388  388  i
 389  10  389  389  i
 390  62  390  390  i
 391  59  391  391  i
 392  44  392  392  i
 393  46  393  393  i
 394  62  394  394  i
 395  28  395  395  i
 396  3  396  396  i
 397  50  397  397  i
 398  73  398  398  i
 399  55  399  399  i
 400  34  400  400  i
 401  47  401  401  i
 402  24  402  402  i
 403  11  403  403  i
 404  57  404  404  i
 405  74  405  405  i
 406  74  406  406  i
 407  37  407  407  i
 408  48  408  408  i
 409  28  409  409  i
 410  15  410  410  i
 411  59  411  411  i
 412  78  412  412  i
 413  73  413  413  i
 414  70  414  414  i
 415  92  415  415  i
 416  30  416  416  i
 417  15  417  417  i
 418  59  418  418  i
 419  110  419  419  i
 420  135  420  420  i
 421  112  421  421  i
 422  101  422  422  i
 423  63  423  423  i
 424  12  424  424  i
 425  89  425  425  i
 426  129  426  426  i
 427  118  427  427  i
 428  120  428  428  i
 429  92  429  429  i
 430  111  430  430  i
 431  40  431  431  i
 432  94  432  432  i
 433  123  433  433  i
 434  107  434  434  i
 435  138  435  435  i
 436  136  436  436  i
 437  86  437  437  i
 438  28  438  438  i
 439  74  439  439  i
 440  135  440  440  i
 441  133  441  441  i
 442  106  442  442  i
 443  95  443  443  i
 444  78  444  444  i
 445  15  445  445  i
 446  68  446  446  i
 447  118  447  447  i
 448  102  448  448  i
 449  95  449  449  i
 450  93  450  450  i
 451  59  451  451  i
 452  9  452  452  i
 453  49  453  453  i
 454  88  454  454  i
 455  95  455  455  i
 456  64  456  456  i
 457  68  457  457  i
 458  29  458  458  i
 459  18  459  459  i
 460  27  460  460  i
 461  39  461  461  i
 462  97  462  462  i
 463  54  463  463  i
 464  65  464  464  i
 465  40  465  465  i
 466  4  466  466  i
 467  27  467  467  i
 468  44  468  468  i
 469  58  469  469  i


