
# Curve 0 of 1, 264 points
# Curve title: "daily incidence"
# x y xlow xhigh type
-1  72477 -1 -1  i
 74  1  74  74  i
 75  1  75  75  i
 86  5  86  86  i
 87  3  87  87  i
 97  1  97  97  i
 98  1  98  98  i
 129  1  129  129  i
 181  1  181  181  i
 201  2  201  201  i
 204  2  204  204  i
 205  6  205  205  i
 208  1  208  208  i
 219  1  219  219  i
 224  1  224  224  i
 225  2  225  225  i
 226  1  226  226  i
 228  1  228  228  i
 229  1  229  229  i
 230  1  230  230  i
 231  1  231  231  i
 232  2  232  232  i
 233  1  233  233  i
 234  3  234  234  i
 236  1  236  236  i
 240  2  240  240  i
 243  1  243  243  i
 244  1  244  244  i
 245  4  245  245  i
 246  6  246  246  i
 247  2  247  247  i
 248  4  248  248  i
 249  2  249  249  i
 250  5  250  250  i
 252  2  252  252  i
 253  2  253  253  i
 254  3  254  254  i
 255  3  255  255  i
 256  1  256  256  i
 257  7  257  257  i
 259  6  259  259  i
 260  2  260  260  i
 263  1  263  263  i
 264  3  264  264  i
 265  4  265  265  i
 266  5  266  266  i
 267  7  267  267  i
 268  11  268  268  i
 269  4  269  269  i
 270  3  270  270  i
 271  4  271  271  i
 272  8  272  272  i
 273  8  273  273  i
 274  11  274  274  i
 275  12  275  275  i
 276  10  276  276  i
 277  3  277  277  i
 278  14  278  278  i
 279  15  279  279  i
 280  15  280  280  i
 281  29  281  281  i
 282  26  282  282  i
 283  14  283  283  i
 284  5  284  284  i
 285  27  285  285  i
 286  29  286  286  i
 287  27  287  287  i
 288  13  288  288  i
 289  43  289  289  i
 290  47  290  290  i
 291  21  291  291  i
 292  29  292  292  i
 293  30  293  293  i
 294  56  294  294  i
 295  45  295  295  i
 296  44  296  296  i
 297  22  297  297  i
 298  34  298  298  i
 299  43  299  299  i
 300  45  300  300  i
 301  49  301  301  i
 302  46  302  302  i
 303  80  303  303  i
 304  32  304  304  i
 305  18  305  305  i
 306  61  306  306  i
 307  39  307  307  i
 308  61  308  308  i
 309  73  309  309  i
 310  47  310  310  i
 311  43  311  311  i
 312  16  312  312  i
 313  48  313  313  i
 314  56  314  314  i
 315  42  315  315  i
 316  38  316  316  i
 317  75  317  317  i
 318  22  318  318  i
 319  5  319  319  i
 320  50  320  320  i
 321  26  321  321  i
 322  28  322  322  i
 323  38  323  323  i
 324  30  324  324  i
 325  12  325  325  i
 326  13  326  326  i
 327  22  327  327  i
 328  39  328  328  i
 329  12  329  329  i
 330  30  330  330  i
 331  25  331  331  i
 332  14  332  332  i
 333  3  333  333  i
 334  20  334  334  i
 335  15  335  335  i
 336  20  336  336  i
 337  23  337  337  i
 338  31  338  338  i
 339  16  339  339  i
 340  9  340  340  i
 341  13  341  341  i
 342  25  342  342  i
 343  25  343  343  i
 344  12  344  344  i
 345  22  345  345  i
 346  11  346  346  i
 347  21  347  347  i
 348  21  348  348  i
 349  23  349  349  i
 350  28  350  350  i
 351  25  351  351  i
 352  35  352  352  i
 353  18  353  353  i
 354  11  354  354  i
 355  22  355  355  i
 356  52  356  356  i
 357  52  357  357  i
 358  12  358  358  i
 359  10  359  359  i
 360  18  360  360  i
 361  5  361  361  i
 362  34  362  362  i
 363  40  363  363  i
 364  72  364  364  i
 365  39  365  365  i
 366  12  366  366  i
 367  34  367  367  i
 368  28  368  368  i
 369  80  369  369  i
 370  83  370  370  i
 371  68  371  371  i
 372  72  372  372  i
 373  69  373  373  i
 374  34  374  374  i
 375  19  375  375  i
 376  26  376  376  i
 377  43  377  377  i
 378  34  378  378  i
 379  25  379  379  i
 380  52  380  380  i
 381  25  381  381  i
 382  12  382  382  i
 383  25  383  383  i
 384  23  384  384  i
 385  20  385  385  i
 386  13  386  386  i
 387  18  387  387  i
 388  17  388  388  i
 389  10  389  389  i
 390  26  390  390  i
 391  16  391  391  i
 392  43  392  392  i
 393  14  393  393  i
 394  20  394  394  i
 395  15  395  395  i
 396  2  396  396  i
 397  21  397  397  i
 398  27  398  398  i
 399  11  399  399  i
 400  13  400  400  i
 401  28  401  401  i
 402  13  402  402  i
 403  4  403  403  i
 404  23  404  404  i
 405  15  405  405  i
 406  21  406  406  i
 407  21  407  407  i
 408  25  408  408  i
 409  13  409  409  i
 410  11  410  410  i
 411  17  411  411  i
 412  26  412  412  i
 413  17  413  413  i
 414  38  414  414  i
 415  18  415  415  i
 416  15  416  416  i
 417  9  417  417  i
 418  24  418  418  i
 419  37  419  419  i
 420  23  420  420  i
 421  38  421  421  i
 422  36  422  422  i
 423  32  423  423  i
 424  4  424  424  i
 425  27  425  425  i
 426  49  426  426  i
 427  41  427  427  i
 428  33  428  428  i
 429  37  429  429  i
 430  26  430  430  i
 431  18  431  431  i
 432  30  432  432  i
 433  42  433  433  i
 434  39  434  434  i
 435  39  435  435  i
 436  43  436  436  i
 437  21  437  437  i
 438  13  438  438  i
 439  36  439  439  i
 440  43  440  440  i
 441  40  441  441  i
 442  41  442  442  i
 443  39  443  443  i
 444  17  444  444  i
 445  2  445  445  i
 446  38  446  446  i
 447  46  447  447  i
 448  35  448  448  i
 449  25  449  449  i
 450  33  450  450  i
 451  28  451  451  i
 452  10  452  452  i
 453  18  453  453  i
 454  35  454  454  i
 455  26  455  455  i
 456  37  456  456  i
 457  12  457  457  i
 458  9  458  458  i
 459  11  459  459  i
 460  11  460  460  i
 461  30  461  461  i
 462  23  462  462  i
 463  21  463  463  i
 464  24  464  464  i
 465  21  465  465  i
 466  3  466  466  i
 467  16  467  467  i
 468  18  468  468  i
 469  17  469  469  i
 470  20  470  470  i
 471  17  471  471  i
 472  8  472  472  i
 473  5  473  473  i
 474  12  474  474  i
 475  6  475  475  i
 476  11  476  476  i
 477  13  477  477  i
 478  10  478  478  i
 479  3  479  479  i
 480  4  480  480  i
 481  10  481  481  i
 482  13  482  482  i
 483  4  483  483  i


