
# Curve 0 of 1, 260 points
# Curve title: "CFR predicted deaths"
# x y xlow xhigh type
-1  916.754 -1 -1  i
 81  0.070022  81  81  i
 82  0.0620633  82  82  i
 93  0.510537  93  93  i
 94  0.303152  94  94  i
 104  0.113458  104  104  i
 105  0.0550091  105  105  i
 136  0.144422  136  136  i
 188  0.0550091  188  188  i
 208  0.155571  208  208  i
 211  0.228569  211  211  i
 212  0.546355  212  212  i
 215  0.100562  215  215  i
 226  0.070022  226  226  i
 231  0.070022  231  231  i
 232  0.20259  232  232  i
 233  0.0550091  233  233  i
 235  0.0620633  235  235  i
 236  0.0550091  236  236  i
 237  0.070022  237  237  i
 238  0.070022  238  238  i
 239  0.214444  239  239  i
 240  0.070022  240  240  i
 241  0.173788  241  241  i
 243  0.0891322  243  243  i
 247  0.103766  247  247  i
 250  0.0550091  250  250  i
 251  0.0550091  251  251  i
 252  0.287246  252  252  i
 253  0.459275  253  253  i
 254  0.140044  254  254  i
 255  0.345231  255  255  i
 256  0.0975135  256  256  i
 257  0.317929  257  257  i
 259  0.21402  259  259  i
 260  0.159154  260  260  i
 261  0.253502  261  261  i
 262  0.172081  262  262  i
 263  0.0790014  263  263  i
 264  0.648794  264  264  i
 266  0.433325  266  266  i
 267  0.162215  267  267  i
 270  0.113458  270  270  i
 271  0.327439  271  271  i
 272  0.473554  272  272  i
 273  0.4118  273  273  i
 274  0.471852  274  274  i
 275  0.945854  275  275  i
 276  0.386358  276  276  i
 277  0.182767  277  277  i
 278  0.353786  278  278  i
 279  0.571801  279  279  i
 280  0.686995  280  280  i
 281  0.931643  281  281  i
 282  1.11913  282  282  i
 283  0.779405  283  283  i
 284  0.272612  284  284  i
 285  1.30066  285  285  i
 286  1.24144  286  286  i
 287  1.29663  287  287  i
 288  2.36536  288  288  i
 289  2.52633  289  289  i
 290  1.03253  290  290  i
 291  0.380274  291  291  i
 292  2.21587  292  292  i
 293  2.21914  293  293  i
 294  2.23902  294  294  i
 295  1.20084  295  295  i
 296  3.63065  296  296  i
 297  4.15863  297  297  i
 298  1.75142  298  298  i
 299  2.32118  299  299  i
 300  2.65067  300  300  i
 301  4.64828  301  301  i
 302  4.09042  302  302  i
 303  3.75599  303  303  i
 304  1.85494  304  304  i
 305  3.03053  305  305  i
 306  3.50998  306  306  i
 307  3.87581  307  307  i
 308  4.13576  308  308  i
 309  4.12506  309  309  i
 310  6.53114  310  310  i
 311  2.66594  311  311  i
 312  1.70712  312  312  i
 313  5.37989  313  313  i
 314  3.26054  314  314  i
 315  5.2305  315  315  i
 316  6.38197  316  316  i
 317  4.2695  317  317  i
 318  3.69453  318  318  i
 319  1.35272  319  319  i
 320  4.0659  320  320  i
 321  4.85303  321  321  i
 322  3.89409  322  322  i
 323  2.94209  323  323  i
 324  6.83691  324  324  i
 325  1.99885  325  325  i
 326  0.452088  326  326  i
 327  4.45275  327  327  i
 328  2.19278  328  328  i
 329  2.19766  329  329  i
 330  3.51402  330  330  i
 331  2.72239  331  331  i
 332  0.982088  332  332  i
 333  1.09306  333  333  i
 334  1.83912  334  334  i
 335  3.46796  335  335  i
 336  1.14159  336  336  i
 337  2.53123  337  337  i
 338  2.05117  338  338  i
 339  1.15829  339  339  i
 340  0.269454  340  340  i
 341  1.95266  341  341  i
 342  1.31349  342  342  i
 343  1.64388  343  343  i
 344  1.7721  344  344  i
 345  2.45695  345  345  i
 346  1.28396  346  346  i
 347  0.853156  347  347  i
 348  1.00487  348  348  i
 349  2.1258  349  349  i
 350  2.16235  350  350  i
 351  1.0099  351  351  i
 352  1.88529  352  352  i
 353  0.856832  353  353  i
 354  1.93965  354  354  i
 355  1.92524  355  355  i
 356  1.98536  356  356  i
 357  2.12335  357  357  i
 358  1.95542  358  358  i
 359  2.63925  359  359  i
 360  1.56144  360  360  i
 361  0.810903  361  361  i
 362  1.721  362  362  i
 363  4.52763  363  363  i
 364  3.72476  364  364  i
 365  1.14516  365  365  i
 366  0.871457  366  366  i
 367  1.3596  367  367  i
 368  0.363482  368  368  i
 369  2.89727  369  369  i
 370  3.25039  370  370  i
 371  6.36664  371  371  i
 372  3.36824  372  372  i
 373  0.880445  373  373  i
 374  3.26091  374  374  i
 375  2.44279  375  375  i
 376  6.06573  376  376  i
 377  7.04949  377  377  i
 378  5.94192  378  378  i
 379  6.51581  379  379  i
 380  5.5993  380  380  i
 381  3.02679  381  381  i
 382  1.80766  382  382  i
 383  2.25235  383  383  i
 384  3.56689  384  384  i
 385  2.90709  385  385  i
 386  2.02128  386  386  i
 387  4.38394  387  387  i
 388  2.32171  388  388  i
 389  1.04334  389  389  i
 390  1.90239  390  390  i
 391  2.15307  391  391  i
 392  1.66747  392  392  i
 393  1.20546  393  393  i
 394  1.35622  394  394  i
 395  1.43784  395  395  i
 396  0.874777  396  396  i
 397  2.45816  397  397  i
 398  1.25905  398  398  i
 399  4.08455  399  399  i
 400  0.988569  400  400  i
 401  1.65899  401  401  i
 402  1.36762  402  402  i
 403  0.175521  403  403  i
 404  1.66961  404  404  i
 405  2.46436  405  405  i
 406  0.895713  406  406  i
 407  0.928722  407  407  i
 408  2.2606  408  408  i
 409  0.906855  409  409  i
 410  0.302259  410  410  i
 411  1.73716  411  411  i
 412  1.32906  412  412  i
 413  1.7248  413  413  i
 414  1.85492  414  414  i
 415  2.1447  415  415  i
 416  0.987089  416  416  i
 417  0.986616  417  417  i
 418  1.62312  418  418  i
 419  2.1848  419  419  i
 420  1.64178  420  420  i
 421  3.13447  421  421  i
 422  1.44008  422  422  i
 423  1.22954  423  423  i
 424  0.75432  424  424  i
 425  1.66148  425  425  i
 426  3.37826  426  426  i
 427  1.98616  427  427  i
 428  3.13917  428  428  i
 429  2.52544  429  429  i
 430  2.75163  430  430  i
 431  0.348031  431  431  i
 432  2.30532  432  432  i
 433  4.1003  433  433  i
 434  3.47824  434  434  i
 435  2.82381  435  435  i
 436  3.1413  436  436  i
 437  2.00613  437  437  i
 438  1.4887  438  438  i
 439  2.61305  439  439  i
 440  3.48979  440  440  i
 441  3.38941  441  441  i
 442  3.38978  442  442  i
 443  3.49533  443  443  i
 444  1.79434  444  444  i
 445  0.90369  445  445  i
 446  2.93477  446  446  i
 447  3.75194  447  447  i
 448  3.62805  448  448  i
 449  3.10575  449  449  i
 450  3.01573  450  450  i
 451  1.49773  451  451  i
 452  0.206486  452  452  i
 453  3.24231  453  453  i
 454  3.83358  454  454  i
 455  2.64617  455  455  i
 456  2.10063  456  456  i
 457  2.70978  457  457  i
 458  2.52298  458  458  i
 459  0.833988  459  459  i
 460  1.38939  460  460  i
 461  3.31616  461  461  i
 462  1.94859  462  462  i
 463  2.91622  463  463  i
 464  0.976209  464  464  i
 465  0.789114  465  465  i
 466  0.959993  466  466  i
 467  0.941569  467  467  i
 468  2.48636  468  468  i
 469  1.96014  469  469  i
 470  1.74809  470  470  i
 471  1.79093  471  471  i
 472  1.67701  472  472  i
 473  0.277326  473  473  i
 474  1.45773  474  474  i
 475  1.44994  475  475  i
 476  1.60667  476  476  i
 477  1.781  477  477  i
 478  1.4259  478  478  i
 479  0.742251  479  479  i
 480  0.345393  480  480  i
 481  0.969994  481  481  i
 482  0.526338  482  482  i
 483  0.78446  483  483  i
 484  1.11216  484  484  i
 485  0.888144  485  485  i
 486  0.385888  486  486  i


