
# Curve 0 of 1, 255 points
# Curve title: "reported deaths"
# x y xlow xhigh type
 88  1  88  88  i
 94  1  94  94  i
 96  1  96  96  i
 127  1  127  127  i
 206  1  206  206  i
 207  1  207  207  i
 209  2  209  209  i
 210  1  210  210  i
 214  1  214  214  i
 216  1  216  216  i
 227  1  227  227  i
 229  1  229  229  i
 232  1  232  232  i
 241  1  241  241  i
 250  1  250  250  i
 253  1  253  253  i
 255  2  255  255  i
 258  2  258  258  i
 259  1  259  259  i
 261  1  261  261  i
 264  1  264  264  i
 265  1  265  265  i
 268  1  268  268  i
 271  1  271  271  i
 272  1  272  272  i
 274  2  274  274  i
 277  1  277  277  i
 279  6  279  279  i
 280  4  280  280  i
 281  1  281  281  i
 282  3  282  282  i
 283  3  283  283  i
 284  1  284  284  i
 285  2  285  285  i
 286  2  286  286  i
 287  5  287  287  i
 288  6  288  288  i
 289  11  289  289  i
 290  6  290  290  i
 291  5  291  291  i
 292  5  292  292  i
 293  10  293  293  i
 294  7  294  294  i
 295  15  295  295  i
 296  8  296  296  i
 297  7  297  297  i
 298  9  298  298  i
 299  7  299  299  i
 300  12  300  300  i
 301  10  301  301  i
 302  16  302  302  i
 303  9  303  303  i
 304  16  304  304  i
 305  20  305  305  i
 306  11  306  306  i
 307  12  307  307  i
 308  19  308  308  i
 309  11  309  309  i
 310  15  310  310  i
 311  8  311  311  i
 312  15  312  312  i
 313  10  313  313  i
 314  9  314  314  i
 315  16  315  315  i
 316  8  316  316  i
 317  7  317  317  i
 318  10  318  318  i
 319  10  319  319  i
 320  10  320  320  i
 321  9  321  321  i
 322  4  322  322  i
 323  12  323  323  i
 324  3  324  324  i
 325  7  325  325  i
 326  4  326  326  i
 327  3  327  327  i
 328  9  328  328  i
 329  11  329  329  i
 330  5  330  330  i
 331  11  331  331  i
 332  7  332  332  i
 333  6  333  333  i
 334  11  334  334  i
 335  3  335  335  i
 336  4  336  336  i
 337  5  337  337  i
 338  3  338  338  i
 339  10  339  339  i
 340  5  340  340  i
 341  4  341  341  i
 342  7  342  342  i
 343  6  343  343  i
 344  7  344  344  i
 345  8  345  345  i
 346  4  346  346  i
 347  3  347  347  i
 348  8  348  348  i
 349  3  349  349  i
 350  6  350  350  i
 351  9  351  351  i
 352  3  352  352  i
 353  5  353  353  i
 354  3  354  354  i
 355  1  355  355  i
 356  5  356  356  i
 357  8  357  357  i
 358  5  358  358  i
 359  5  359  359  i
 360  4  360  360  i
 361  5  361  361  i
 362  7  362  362  i
 363  8  363  363  i
 364  10  364  364  i
 365  5  365  365  i
 366  2  366  366  i
 367  7  367  367  i
 368  8  368  368  i
 369  7  369  369  i
 370  13  370  370  i
 371  8  371  371  i
 372  12  372  372  i
 373  5  373  373  i
 374  8  374  374  i
 375  8  375  375  i
 376  8  376  376  i
 377  4  377  377  i
 378  11  378  378  i
 379  11  379  379  i
 380  14  380  380  i
 381  5  381  381  i
 382  7  382  382  i
 383  7  383  383  i
 384  5  384  384  i
 385  5  385  385  i
 386  6  386  386  i
 387  4  387  387  i
 388  4  388  388  i
 389  3  389  389  i
 390  5  390  390  i
 391  7  391  391  i
 392  11  392  392  i
 393  8  393  393  i
 394  8  394  394  i
 395  2  395  395  i
 396  4  396  396  i
 397  2  397  397  i
 398  6  398  398  i
 399  2  399  399  i
 400  1  400  400  i
 401  5  401  401  i
 403  3  403  403  i
 404  3  404  404  i
 405  3  405  405  i
 406  3  406  406  i
 407  3  407  407  i
 408  4  408  408  i
 409  5  409  409  i
 410  5  410  410  i
 411  2  411  411  i
 412  7  412  412  i
 413  3  413  413  i
 414  1  414  414  i
 415  3  415  415  i
 416  2  416  416  i
 417  6  417  417  i
 418  3  418  418  i
 419  6  419  419  i
 420  2  420  420  i
 421  6  421  421  i
 422  3  422  422  i
 423  3  423  423  i
 424  4  424  424  i
 425  10  425  425  i
 426  2  426  426  i
 427  3  427  427  i
 428  6  428  428  i
 429  4  429  429  i
 430  3  430  430  i
 431  5  431  431  i
 432  12  432  432  i
 433  10  433  433  i
 434  5  434  434  i
 435  10  435  435  i
 436  4  436  436  i
 437  4  437  437  i
 438  10  438  438  i
 439  13  439  439  i
 440  4  440  440  i
 441  9  441  441  i
 442  12  442  442  i
 443  3  443  443  i
 444  13  444  444  i
 445  8  445  445  i
 446  9  446  446  i
 447  8  447  447  i
 448  8  448  448  i
 449  11  449  449  i
 450  5  450  450  i
 451  8  451  451  i
 452  2  452  452  i
 453  14  453  453  i
 454  6  454  454  i
 455  8  455  455  i
 456  11  456  456  i
 457  4  457  457  i
 458  6  458  458  i
 459  8  459  459  i
 460  3  460  460  i
 461  6  461  461  i
 462  3  462  462  i
 463  6  463  463  i
 464  3  464  464  i
 465  3  465  465  i
 466  1  466  466  i
 467  4  467  467  i
 468  2  468  468  i
 469  3  469  469  i
 470  2  470  470  i
 471  2  471  471  i
 472  3  472  472  i
 474  2  474  474  i
 475  3  475  475  i
 476  4  476  476  i
 477  8  477  477  i
 478  5  478  478  i
 479  3  479  479  i
 480  4  480  480  i
 481  2  481  481  i
 482  3  482  482  i
 483  1  483  483  i
 484  2  484  484  i
 485  4  485  485  i
 486  3  486  486  i
 487  3  487  487  i
 488  1  488  488  i
 489  4  489  489  i
 490  7  490  490  i
 491  1  491  491  i
 492  1  492  492  i
 495  3  495  495  i
 496  2  496  496  i
 497  2  497  497  i
 500  1  500  500  i
 503  1  503  503  i
 504  2  504  504  i
 505  2  505  505  i
 507  1  507  507  i
 509  2  509  509  i
 510  1  510  510  i
 511  2  511  511  i
 512  1  512  512  i
 513  1  513  513  i
 517  1  517  517  i
 520  1  520  520  i


