
# Curve 0 of 1, 154 points
# Curve title: "1st dose"
# x y xlow xhigh type
 365  1  365  365  i
 366  24  366  366  i
 367  113  367  367  i
 368  120  368  368  i
 369  208  369  369  i
 370  155  370  370  i
 371  373  371  371  i
 372  371  372  372  i
 373  306  373  373  i
 374  31  374  374  i
 375  30  375  375  i
 376  565  376  376  i
 377  325  377  377  i
 378  348  378  378  i
 379  630  379  379  i
 380  207  380  380  i
 383  390  383  383  i
 384  617  384  384  i
 385  505  385  385  i
 386  275  386  386  i
 387  577  387  387  i
 388  4  388  388  i
 389  8  389  389  i
 390  150  390  390  i
 391  586  391  391  i
 392  544  392  392  i
 393  358  393  393  i
 394  414  394  394  i
 396  0  396  396  i
 397  121  397  397  i
 398  417  398  398  i
 399  459  399  399  i
 400  248  400  400  i
 401  328  401  401  i
 404  217  404  404  i
 405  405  405  405  i
 406  646  406  406  i
 407  483  407  407  i
 408  126  408  408  i
 411  417  411  411  i
 412  659  412  412  i
 413  705  413  413  i
 414  865  414  414  i
 415  773  415  415  i
 418  690  418  418  i
 419  745  419  419  i
 420  652  420  420  i
 421  995  421  421  i
 422  512  422  422  i
 423  60  423  423  i
 424  60  424  424  i
 425  614  425  425  i
 426  805  426  426  i
 427  856  427  427  i
 428  1398  428  428  i
 429  694  429  429  i
 430  783  430  430  i
 431  805  431  431  i
 432  1827  432  432  i
 433  1946  433  433  i
 434  2060  434  434  i
 435  2105  435  435  i
 436  2945  436  436  i
 437  2300  437  437  i
 438  1619  438  438  i
 439  1538  439  439  i
 440  2456  440  440  i
 441  1645  441  441  i
 442  2418  442  442  i
 443  1597  443  443  i
 444  951  444  444  i
 445  118  445  445  i
 446  319  446  446  i
 447  696  447  447  i
 448  1471  448  448  i
 449  1322  449  449  i
 450  37  450  450  i
 451  16  451  451  i
 452  4  452  452  i
 453  70  453  453  i
 454  74  454  454  i
 455  148  455  455  i
 456  713  456  456  i
 457  90  457  457  i
 458  8  458  458  i
 459  44  459  459  i
 460  9  460  460  i
 461  307  461  461  i
 462  866  462  462  i
 463  2376  463  463  i
 464  2610  464  464  i
 465  1539  465  465  i
 466  756  466  466  i
 467  1742  467  467  i
 468  704  468  468  i
 469  1936  469  469  i
 470  2952  470  470  i
 471  3815  471  471  i
 472  2177  472  472  i
 473  728  473  473  i
 474  813  474  474  i
 475  935  475  475  i
 476  2800  476  476  i
 477  3708  477  477  i
 478  2738  478  478  i
 479  1682  479  479  i
 480  720  480  480  i
 481  1747  481  481  i
 482  1144  482  482  i
 483  3756  483  483  i
 484  3318  484  484  i
 485  2435  485  485  i
 486  1136  486  486  i
 487  719  487  487  i
 488  2403  488  488  i
 489  1786  489  489  i
 490  4412  490  490  i
 491  4793  491  491  i
 492  4370  492  492  i
 493  1918  493  493  i
 494  1010  494  494  i
 495  2878  495  495  i
 496  3760  496  496  i
 497  5389  497  497  i
 498  4171  498  498  i
 499  3613  499  499  i
 500  2136  500  500  i
 501  1047  501  501  i
 502  2768  502  502  i
 503  2819  503  503  i
 504  4702  504  504  i
 505  3397  505  505  i
 506  1788  506  506  i
 507  1793  507  507  i
 508  1824  508  508  i
 509  869  509  509  i
 510  2002  510  510  i
 511  4197  511  511  i
 512  2688  512  512  i
 513  1808  513  513  i
 514  423  514  514  i
 515  740  515  515  i
 516  3392  516  516  i
 517  2195  517  517  i
 518  3033  518  518  i
 519  2140  519  519  i
 520  2263  520  520  i
 521  2024  521  521  i
 522  1708  522  522  i
 523  2743  523  523  i
 524  3368  524  524  i
 525  2054  525  525  i
 526  1339  526  526  i


