
# Curve 0 of 1, 303 points
# Curve title: "daily incidence"
# x y xlow xhigh type
-1  84158 -1 -1  i
 76  2  76  76  i
 77  1  77  77  i
 79  2  79  79  i
 84  1  84  84  i
 85  4  85  85  i
 87  2  87  87  i
 89  2  89  89  i
 90  3  90  90  i
 91  2  91  91  i
 92  1  92  92  i
 97  2  97  97  i
 98  1  98  98  i
 110  1  110  110  i
 120  1  120  120  i
 148  1  148  148  i
 149  1  149  149  i
 154  1  154  154  i
 158  1  158  158  i
 161  1  161  161  i
 184  1  184  184  i
 188  1  188  188  i
 198  3  198  198  i
 202  1  202  202  i
 203  1  203  203  i
 204  1  204  204  i
 206  2  206  206  i
 207  2  207  207  i
 208  1  208  208  i
 209  1  209  209  i
 210  3  210  210  i
 211  5  211  211  i
 212  1  212  212  i
 213  1  213  213  i
 216  2  216  216  i
 217  2  217  217  i
 218  1  218  218  i
 219  3  219  219  i
 220  1  220  220  i
 222  1  222  222  i
 223  1  223  223  i
 224  2  224  224  i
 226  2  226  226  i
 227  2  227  227  i
 228  1  228  228  i
 230  4  230  230  i
 231  2  231  231  i
 233  1  233  233  i
 234  1  234  234  i
 236  4  236  236  i
 237  4  237  237  i
 238  4  238  238  i
 239  5  239  239  i
 240  2  240  240  i
 241  4  241  241  i
 243  4  243  243  i
 244  5  244  244  i
 245  12  245  245  i
 246  6  246  246  i
 247  8  247  247  i
 248  5  248  248  i
 249  4  249  249  i
 250  8  250  250  i
 251  5  251  251  i
 252  6  252  252  i
 253  7  253  253  i
 254  8  254  254  i
 255  15  255  255  i
 256  3  256  256  i
 257  3  257  257  i
 258  6  258  258  i
 259  14  259  259  i
 260  7  260  260  i
 261  11  261  261  i
 262  5  262  262  i
 264  4  264  264  i
 265  17  265  265  i
 266  11  266  266  i
 267  23  267  267  i
 268  28  268  268  i
 269  14  269  269  i
 271  8  271  271  i
 272  8  272  272  i
 273  16  273  273  i
 274  20  274  274  i
 275  28  275  275  i
 276  39  276  276  i
 277  4  277  277  i
 278  14  278  278  i
 279  49  279  279  i
 280  58  280  280  i
 281  52  281  281  i
 282  75  282  282  i
 283  40  283  283  i
 284  14  284  284  i
 285  15  285  285  i
 286  75  286  286  i
 287  81  287  287  i
 288  98  288  288  i
 289  95  289  289  i
 290  87  290  290  i
 291  30  291  291  i
 292  60  292  292  i
 293  143  293  293  i
 294  124  294  294  i
 295  182  295  295  i
 296  121  296  296  i
 297  169  297  297  i
 298  50  298  298  i
 299  92  299  299  i
 300  121  300  300  i
 301  173  301  301  i
 302  125  302  302  i
 303  160  303  303  i
 304  133  304  304  i
 305  32  305  305  i
 306  73  306  306  i
 307  103  307  307  i
 308  142  308  308  i
 309  111  309  309  i
 310  164  310  310  i
 311  84  311  311  i
 312  31  312  312  i
 313  23  313  313  i
 314  114  314  314  i
 315  63  315  315  i
 316  66  316  316  i
 317  82  317  317  i
 318  33  318  318  i
 319  7  319  319  i
 320  39  320  320  i
 321  28  321  321  i
 322  48  322  322  i
 323  62  323  323  i
 324  38  324  324  i
 325  8  325  325  i
 326  2  326  326  i
 327  46  327  327  i
 328  85  328  328  i
 329  34  329  329  i
 330  33  330  330  i
 331  21  331  331  i
 332  8  332  332  i
 333  1  333  333  i
 334  22  334  334  i
 335  40  335  335  i
 336  44  336  336  i
 337  31  337  337  i
 338  45  338  338  i
 339  18  339  339  i
 340  4  340  340  i
 341  27  341  341  i
 342  44  342  342  i
 343  59  343  343  i
 344  41  344  344  i
 345  39  345  345  i
 346  29  346  346  i
 347  3  347  347  i
 348  28  348  348  i
 349  43  349  349  i
 350  80  350  350  i
 351  41  351  351  i
 352  53  352  352  i
 353  28  353  353  i
 354  4  354  354  i
 355  61  355  355  i
 356  98  356  356  i
 357  99  357  357  i
 358  26  358  358  i
 359  23  359  359  i
 360  12  360  360  i
 361  14  361  361  i
 362  67  362  362  i
 363  148  363  363  i
 364  126  364  364  i
 365  93  365  365  i
 366  7  366  366  i
 367  18  367  367  i
 368  9  368  368  i
 369  90  369  369  i
 370  143  370  370  i
 371  122  371  371  i
 372  124  372  372  i
 373  126  373  373  i
 374  53  374  374  i
 375  8  375  375  i
 376  55  376  376  i
 377  86  377  377  i
 378  72  378  378  i
 379  66  379  379  i
 380  89  380  380  i
 381  35  381  381  i
 382  3  382  382  i
 383  53  383  383  i
 384  73  384  384  i
 385  61  385  385  i
 386  54  386  386  i
 387  56  387  387  i
 388  19  388  388  i
 389  6  389  389  i
 390  41  390  390  i
 391  83  391  391  i
 392  69  392  392  i
 393  66  393  393  i
 394  50  394  394  i
 395  19  395  395  i
 396  11  396  396  i
 397  64  397  397  i
 398  79  398  398  i
 399  68  399  399  i
 400  68  400  400  i
 401  58  401  401  i
 402  12  402  402  i
 403  12  403  403  i
 404  56  404  404  i
 405  66  405  405  i
 406  69  406  406  i
 407  95  407  407  i
 408  69  408  408  i
 409  24  409  409  i
 410  11  410  410  i
 411  65  411  411  i
 412  126  412  412  i
 413  82  413  413  i
 414  86  414  414  i
 415  92  415  415  i
 416  19  416  416  i
 417  41  417  417  i
 418  80  418  418  i
 419  108  419  419  i
 420  108  420  420  i
 421  140  421  421  i
 422  109  422  422  i
 423  78  423  423  i
 424  12  424  424  i
 425  91  425  425  i
 426  158  426  426  i
 427  184  427  427  i
 428  139  428  428  i
 429  146  429  429  i
 430  79  430  430  i
 431  14  431  431  i
 432  134  432  432  i
 433  126  433  433  i
 434  175  434  434  i
 435  131  435  435  i
 436  148  436  436  i
 437  86  437  437  i
 438  6  438  438  i
 439  98  439  439  i
 440  146  440  440  i
 441  152  441  441  i
 442  138  442  442  i
 443  94  443  443  i
 444  42  444  444  i
 445  8  445  445  i
 446  84  446  446  i
 447  136  447  447  i
 448  133  448  448  i
 449  101  449  449  i
 450  96  450  450  i
 451  32  451  451  i
 452  8  452  452  i
 453  55  453  453  i
 454  120  454  454  i
 455  78  455  455  i
 456  76  456  456  i
 457  47  457  457  i
 458  4  458  458  i
 459  18  459  459  i
 460  16  460  460  i
 461  64  461  461  i
 462  92  462  462  i
 463  65  463  463  i
 464  54  464  464  i
 465  25  465  465  i
 466  4  466  466  i
 467  19  467  467  i
 468  75  468  468  i
 469  37  469  469  i
 470  39  470  470  i
 471  43  471  471  i
 472  10  472  472  i
 473  4  473  473  i
 474  42  474  474  i
 475  38  475  475  i
 476  44  476  476  i
 477  22  477  477  i
 478  38  478  478  i
 479  8  479  479  i
 480  2  480  480  i
 481  23  481  481  i
 482  57  482  482  i
 483  28  483  483  i
 484  17  484  484  i
 485  18  485  485  i
 486  17  486  486  i
 487  9  487  487  i
 488  26  488  488  i
 489  30  489  489  i
 490  25  490  490  i
 491  27  491  491  i


