
# Curve 0 of 1, 302 points
# Curve title: "daily incidence"
# x y xlow xhigh type
-1  78178 -1 -1  i
 70  1  70  70  i
 74  1  74  74  i
 75  1  75  75  i
 79  2  79  79  i
 84  5  84  84  i
 85  1  85  85  i
 86  2  86  86  i
 87  3  87  87  i
 89  2  89  89  i
 91  2  91  91  i
 92  2  92  92  i
 96  1  96  96  i
 98  3  98  98  i
 100  4  100  100  i
 102  2  102  102  i
 115  1  115  115  i
 162  1  162  162  i
 176  2  176  176  i
 177  1  177  177  i
 198  1  198  198  i
 201  5  201  201  i
 203  1  203  203  i
 204  1  204  204  i
 205  1  205  205  i
 207  4  207  207  i
 208  4  208  208  i
 209  4  209  209  i
 210  3  210  210  i
 211  4  211  211  i
 212  3  212  212  i
 213  1  213  213  i
 216  1  216  216  i
 218  1  218  218  i
 220  1  220  220  i
 221  1  221  221  i
 222  1  222  222  i
 223  1  223  223  i
 224  5  224  224  i
 225  2  225  225  i
 226  1  226  226  i
 228  2  228  228  i
 229  1  229  229  i
 230  3  230  230  i
 231  3  231  231  i
 232  1  232  232  i
 233  5  233  233  i
 235  1  235  235  i
 236  3  236  236  i
 237  4  237  237  i
 238  3  238  238  i
 239  1  239  239  i
 240  5  240  240  i
 241  3  241  241  i
 243  1  243  243  i
 244  7  244  244  i
 245  12  245  245  i
 246  8  246  246  i
 247  15  247  247  i
 248  11  248  248  i
 249  1  249  249  i
 250  1  250  250  i
 251  9  251  251  i
 252  2  252  252  i
 253  10  253  253  i
 254  9  254  254  i
 255  13  255  255  i
 256  1  256  256  i
 257  5  257  257  i
 258  18  258  258  i
 259  21  259  259  i
 260  29  260  260  i
 261  17  261  261  i
 262  20  262  262  i
 264  10  264  264  i
 265  25  265  265  i
 266  23  266  266  i
 267  28  267  267  i
 268  25  268  268  i
 269  19  269  269  i
 270  3  270  270  i
 271  10  271  271  i
 272  18  272  272  i
 273  21  273  273  i
 274  35  274  274  i
 275  51  275  275  i
 276  58  276  276  i
 277  1  277  277  i
 278  16  278  278  i
 279  87  279  279  i
 280  62  280  280  i
 281  96  281  281  i
 282  117  282  282  i
 283  59  283  283  i
 284  18  284  284  i
 285  46  285  285  i
 286  127  286  286  i
 287  142  287  287  i
 288  142  288  288  i
 289  135  289  289  i
 290  139  290  290  i
 291  47  291  291  i
 292  90  292  292  i
 293  227  293  293  i
 294  155  294  294  i
 295  279  295  295  i
 296  212  296  296  i
 297  245  297  297  i
 298  80  298  298  i
 299  134  299  299  i
 300  170  300  300  i
 301  251  301  301  i
 302  194  302  302  i
 303  241  303  303  i
 304  210  304  304  i
 305  37  305  305  i
 306  98  306  306  i
 307  205  307  307  i
 308  228  308  308  i
 309  200  309  309  i
 310  246  310  310  i
 311  145  311  311  i
 312  46  312  312  i
 313  36  313  313  i
 314  180  314  314  i
 315  127  315  315  i
 316  122  316  316  i
 317  110  317  317  i
 318  53  318  318  i
 319  11  319  319  i
 320  82  320  320  i
 321  32  321  321  i
 322  87  322  322  i
 323  89  323  323  i
 324  49  324  324  i
 325  17  325  325  i
 326  5  326  326  i
 327  62  327  327  i
 328  105  328  328  i
 329  48  329  329  i
 330  44  330  330  i
 331  37  331  331  i
 332  11  332  332  i
 333  4  333  333  i
 334  21  334  334  i
 335  79  335  335  i
 336  46  336  336  i
 337  50  337  337  i
 338  55  338  338  i
 339  30  339  339  i
 340  1  340  340  i
 341  35  341  341  i
 342  49  342  342  i
 343  60  343  343  i
 344  41  344  344  i
 345  61  345  345  i
 346  29  346  346  i
 347  2  347  347  i
 348  36  348  348  i
 349  75  349  349  i
 350  89  350  350  i
 351  44  351  351  i
 352  83  352  352  i
 353  51  353  353  i
 354  5  354  354  i
 355  62  355  355  i
 356  115  356  356  i
 357  133  357  357  i
 358  50  358  358  i
 359  22  359  359  i
 360  14  360  360  i
 361  13  361  361  i
 362  103  362  362  i
 363  194  363  363  i
 364  166  364  364  i
 365  136  365  365  i
 366  13  366  366  i
 367  25  367  367  i
 368  16  368  368  i
 369  112  369  369  i
 370  204  370  370  i
 371  142  371  371  i
 372  179  372  372  i
 373  144  373  373  i
 374  66  374  374  i
 375  9  375  375  i
 376  79  376  376  i
 377  136  377  377  i
 378  132  378  378  i
 379  101  379  379  i
 380  121  380  380  i
 381  32  381  381  i
 382  3  382  382  i
 383  63  383  383  i
 384  103  384  384  i
 385  81  385  385  i
 386  89  386  386  i
 387  90  387  387  i
 388  30  388  388  i
 389  10  389  389  i
 390  66  390  390  i
 391  108  391  391  i
 392  92  392  392  i
 393  90  393  393  i
 394  98  394  394  i
 395  14  395  395  i
 396  24  396  396  i
 397  58  397  397  i
 398  100  398  398  i
 399  98  399  399  i
 400  104  400  400  i
 401  106  401  401  i
 402  19  402  402  i
 403  13  403  403  i
 404  78  404  404  i
 405  106  405  405  i
 406  90  406  406  i
 407  103  407  407  i
 408  75  408  408  i
 409  34  409  409  i
 410  14  410  410  i
 411  67  411  411  i
 412  171  412  412  i
 413  113  413  413  i
 414  114  414  414  i
 415  132  415  415  i
 416  19  416  416  i
 417  32  417  417  i
 418  111  418  418  i
 419  132  419  419  i
 420  135  420  420  i
 421  214  421  421  i
 422  192  422  422  i
 423  74  423  423  i
 424  22  424  424  i
 425  117  425  425  i
 426  196  426  426  i
 427  216  427  427  i
 428  243  428  428  i
 429  196  429  429  i
 430  105  430  430  i
 431  12  431  431  i
 432  177  432  432  i
 433  199  433  433  i
 434  201  434  434  i
 435  166  435  435  i
 436  231  436  436  i
 437  100  437  437  i
 438  11  438  438  i
 439  148  439  439  i
 440  240  440  440  i
 441  200  441  441  i
 442  227  442  442  i
 443  145  443  443  i
 444  93  444  444  i
 445  10  445  445  i
 446  98  446  446  i
 447  199  447  447  i
 448  165  448  448  i
 449  124  449  449  i
 450  122  450  450  i
 451  50  451  451  i
 452  10  452  452  i
 453  74  453  453  i
 454  163  454  454  i
 455  100  455  455  i
 456  103  456  456  i
 457  50  457  457  i
 458  10  458  458  i
 459  18  459  459  i
 460  22  460  460  i
 461  81  461  461  i
 462  126  462  462  i
 463  101  463  463  i
 464  70  464  464  i
 465  19  465  465  i
 466  4  466  466  i
 467  34  467  467  i
 468  93  468  468  i
 469  48  469  469  i
 470  65  470  470  i
 471  35  471  471  i
 472  24  472  472  i
 473  4  473  473  i
 474  51  474  474  i
 475  70  475  475  i
 476  60  476  476  i
 477  65  477  477  i
 478  39  478  478  i
 479  9  479  479  i
 480  3  480  480  i
 481  33  481  481  i
 482  73  482  482  i
 483  46  483  483  i
 484  53  484  484  i
 485  36  485  485  i
 486  20  486  486  i
 487  11  487  487  i
 488  27  488  488  i
 489  38  489  489  i
 490  32  490  490  i


