
# Curve 0 of 1, 281 points
# Curve title: "daily incidence"
# x y xlow xhigh type
-1  78987 -1 -1  i
 74  1  74  74  i
 75  3  75  75  i
 76  1  76  76  i
 78  1  78  78  i
 82  1  82  82  i
 83  1  83  83  i
 84  2  84  84  i
 85  4  85  85  i
 90  1  90  90  i
 91  1  91  91  i
 92  2  92  92  i
 93  1  93  93  i
 96  1  96  96  i
 97  1  97  97  i
 98  1  98  98  i
 99  2  99  99  i
 101  2  101  101  i
 110  1  110  110  i
 113  1  113  113  i
 127  1  127  127  i
 133  1  133  133  i
 173  1  173  173  i
 175  1  175  175  i
 190  1  190  190  i
 194  1  194  194  i
 195  1  195  195  i
 198  1  198  198  i
 201  2  201  201  i
 205  3  205  205  i
 206  2  206  206  i
 207  2  207  207  i
 209  1  209  209  i
 210  3  210  210  i
 211  6  211  211  i
 212  1  212  212  i
 213  1  213  213  i
 215  1  215  215  i
 217  1  217  217  i
 219  1  219  219  i
 223  1  223  223  i
 225  1  225  225  i
 226  2  226  226  i
 230  4  230  230  i
 231  3  231  231  i
 233  4  233  233  i
 236  2  236  236  i
 237  1  237  237  i
 238  1  238  238  i
 239  1  239  239  i
 240  5  240  240  i
 241  2  241  241  i
 243  1  243  243  i
 244  4  244  244  i
 245  7  245  245  i
 246  3  246  246  i
 247  5  247  247  i
 248  5  248  248  i
 249  1  249  249  i
 250  10  250  250  i
 251  2  251  251  i
 252  6  252  252  i
 253  6  253  253  i
 254  5  254  254  i
 255  8  255  255  i
 256  1  256  256  i
 257  2  257  257  i
 258  15  258  258  i
 259  17  259  259  i
 260  13  260  260  i
 261  12  261  261  i
 262  12  262  262  i
 264  6  264  264  i
 265  21  265  265  i
 266  11  266  266  i
 267  20  267  267  i
 268  23  268  268  i
 269  13  269  269  i
 270  1  270  270  i
 271  6  271  271  i
 272  9  272  272  i
 273  17  273  273  i
 274  38  274  274  i
 275  26  275  275  i
 276  40  276  276  i
 277  6  277  277  i
 278  19  278  278  i
 279  61  279  279  i
 280  43  280  280  i
 281  65  281  281  i
 282  75  282  282  i
 283  56  283  283  i
 284  13  284  284  i
 285  27  285  285  i
 286  77  286  286  i
 287  111  287  287  i
 288  105  288  288  i
 289  114  289  289  i
 290  125  290  290  i
 291  38  291  291  i
 292  78  292  292  i
 293  164  293  293  i
 294  115  294  294  i
 295  188  295  295  i
 296  160  296  296  i
 297  186  297  297  i
 298  52  298  298  i
 299  102  299  299  i
 300  126  300  300  i
 301  196  301  301  i
 302  149  302  302  i
 303  205  303  303  i
 304  183  304  304  i
 305  30  305  305  i
 306  83  306  306  i
 307  166  307  307  i
 308  225  308  308  i
 309  217  309  309  i
 310  213  310  310  i
 311  115  311  311  i
 312  34  312  312  i
 313  33  313  313  i
 314  177  314  314  i
 315  104  315  315  i
 316  110  316  316  i
 317  68  317  317  i
 318  46  318  318  i
 319  11  319  319  i
 320  48  320  320  i
 321  20  321  321  i
 322  77  322  322  i
 323  81  323  323  i
 324  59  324  324  i
 325  13  325  325  i
 326  8  326  326  i
 327  67  327  327  i
 328  89  328  328  i
 329  32  329  329  i
 330  52  330  330  i
 331  38  331  331  i
 332  12  332  332  i
 333  1  333  333  i
 334  19  334  334  i
 335  52  335  335  i
 336  34  336  336  i
 337  39  337  337  i
 338  35  338  338  i
 339  35  339  339  i
 340  4  340  340  i
 341  22  341  341  i
 342  57  342  342  i
 343  59  343  343  i
 344  44  344  344  i
 345  46  345  345  i
 346  29  346  346  i
 347  6  347  347  i
 348  34  348  348  i
 349  52  349  349  i
 350  64  350  350  i
 351  36  351  351  i
 352  65  352  352  i
 353  35  353  353  i
 354  5  354  354  i
 355  55  355  355  i
 356  86  356  356  i
 357  115  357  357  i
 358  31  358  358  i
 359  17  359  359  i
 360  11  360  360  i
 361  18  361  361  i
 362  81  362  362  i
 363  146  363  363  i
 364  142  364  364  i
 365  110  365  365  i
 366  8  366  366  i
 367  16  367  367  i
 368  14  368  368  i
 369  102  369  369  i
 370  191  370  370  i
 371  133  371  371  i
 372  122  372  372  i
 373  132  373  373  i
 374  34  374  374  i
 375  6  375  375  i
 376  54  376  376  i
 377  85  377  377  i
 378  119  378  378  i
 379  75  379  379  i
 380  135  380  380  i
 381  28  381  381  i
 382  1  382  382  i
 383  63  383  383  i
 384  94  384  384  i
 385  66  385  385  i
 386  94  386  386  i
 387  83  387  387  i
 388  20  388  388  i
 389  5  389  389  i
 390  40  390  390  i
 391  109  391  391  i
 392  83  392  392  i
 393  63  393  393  i
 394  72  394  394  i
 395  25  395  395  i
 396  9  396  396  i
 397  50  397  397  i
 398  69  398  398  i
 399  83  399  399  i
 400  63  400  400  i
 401  88  401  401  i
 402  13  402  402  i
 403  10  403  403  i
 404  52  404  404  i
 405  65  405  405  i
 406  88  406  406  i
 407  85  407  407  i
 408  57  408  408  i
 409  14  409  409  i
 410  4  410  410  i
 411  55  411  411  i
 412  133  412  412  i
 413  98  413  413  i
 414  78  414  414  i
 415  118  415  415  i
 416  11  416  416  i
 417  35  417  417  i
 418  84  418  418  i
 419  98  419  419  i
 420  112  420  420  i
 421  165  421  421  i
 422  130  422  422  i
 423  64  423  423  i
 424  8  424  424  i
 425  91  425  425  i
 426  142  426  426  i
 427  186  427  427  i
 428  150  428  428  i
 429  162  429  429  i
 430  79  430  430  i
 431  12  431  431  i
 432  141  432  432  i
 433  155  433  433  i
 434  187  434  434  i
 435  154  435  435  i
 436  192  436  436  i
 437  105  437  437  i
 438  10  438  438  i
 439  107  439  439  i
 440  187  440  440  i
 441  179  441  441  i
 442  192  442  442  i
 443  110  443  443  i
 444  69  444  444  i
 445  10  445  445  i
 446  103  446  446  i
 447  152  447  447  i
 448  147  448  448  i
 449  124  449  449  i
 450  83  450  450  i
 451  22  451  451  i
 452  9  452  452  i
 453  67  453  453  i
 454  139  454  454  i
 455  93  455  455  i
 456  76  456  456  i
 457  50  457  457  i
 458  7  458  458  i
 459  14  459  459  i
 460  21  460  460  i
 461  69  461  461  i
 462  102  462  462  i
 463  74  463  463  i
 464  57  464  464  i
 465  30  465  465  i
 466  7  466  466  i
 467  33  467  467  i
 468  74  468  468  i
 469  50  469  469  i
 470  56  470  470  i
 471  33  471  471  i


