
# Curve 0 of 1, 276 points
# Curve title: "CFR predicted deaths"
# x y xlow xhigh type
-1  1437.54 -1 -1  i
 84  0.0561182  84  84  i
 85  0.0193963  85  85  i
 86  0.04128  86  86  i
 91  0.0752853  91  91  i
 93  0.0390754  93  93  i
 94  0.0135058  94  94  i
 96  0.0314282  96  96  i
 97  0.0246899  97  97  i
 98  0.0135058  98  98  i
 100  0.0193963  100  100  i
 105  0.0152377  105  105  i
 107  0.0569047  107  107  i
 108  0.0314282  108  108  i
 109  0.0354585  109  109  i
 113  0.0433989  113  113  i
 118  0.0119707  118  118  i
 122  0.0152377  122  122  i
 125  0.0314282  125  125  i
 133  0.0278561  133  133  i
 134  0.0171917  134  134  i
 140  0.0119707  140  140  i
 211  0.0119707  211  211  i
 214  0.0152377  214  214  i
 218  0.0381957  218  218  i
 219  0.0430938  219  219  i
 221  0.0152377  221  221  i
 224  0.0119707  224  224  i
 226  0.0381957  226  226  i
 227  0.0314282  227  227  i
 231  0.0119707  231  231  i
 232  0.0418817  232  232  i
 234  0.0171917  234  234  i
 235  0.0314282  235  235  i
 237  0.0719424  237  237  i
 238  0.0880045  238  238  i
 239  0.0808081  239  239  i
 240  0.044934  240  240  i
 241  0.0314282  241  241  i
 244  0.0422493  244  244  i
 245  0.0798586  245  245  i
 247  0.0119707  247  247  i
 250  0.0613506  250  250  i
 251  0.06247  251  251  i
 252  0.0291625  252  252  i
 253  0.0974905  253  253  i
 254  0.0387927  254  254  i
 255  0.0711939  255  255  i
 257  0.139305  257  257  i
 258  0.0313671  258  258  i
 259  0.0398268  259  259  i
 260  0.0791568  260  260  i
 261  0.098704  261  261  i
 262  0.0488952  262  262  i
 263  0.0628565  263  263  i
 265  0.0802623  265  265  i
 266  0.19738  266  266  i
 267  0.22148  267  267  i
 268  0.0697729  268  268  i
 269  0.149469  269  269  i
 271  0.0919578  271  271  i
 272  0.14027  272  272  i
 273  0.0306975  273  273  i
 274  0.233126  274  274  i
 275  0.252544  275  275  i
 276  0.199485  276  276  i
 277  0.0193963  277  277  i
 278  0.0433989  278  278  i
 279  0.213418  279  279  i
 280  0.289585  280  280  i
 281  0.191973  281  281  i
 282  0.36305  282  282  i
 283  0.445946  283  283  i
 284  0.0667565  284  284  i
 285  0.206556  285  285  i
 286  0.717035  286  286  i
 287  0.521638  287  287  i
 288  0.852448  288  288  i
 289  0.812211  289  289  i
 290  0.340771  290  290  i
 291  0.182304  291  291  i
 292  0.294417  292  292  i
 293  1.08165  293  293  i
 294  1.30257  294  294  i
 295  1.57679  295  295  i
 296  1.05707  296  296  i
 297  1.35361  297  297  i
 298  0.386481  298  298  i
 299  1.00921  299  299  i
 300  1.95007  300  300  i
 301  1.00661  301  301  i
 302  2.40628  302  302  i
 303  1.58207  303  303  i
 304  1.62321  304  304  i
 305  0.619091  305  305  i
 306  1.30317  306  306  i
 307  1.82767  307  307  i
 308  2.40627  308  308  i
 309  1.9348  309  309  i
 310  2.71382  310  310  i
 311  2.54169  311  311  i
 312  0.555038  312  312  i
 313  1.17553  313  313  i
 314  2.36588  314  314  i
 315  2.68571  315  315  i
 316  2.98572  316  316  i
 317  3.56175  317  317  i
 318  1.5185  318  318  i
 319  0.381122  319  319  i
 320  0.640434  320  320  i
 321  2.15624  321  321  i
 322  1.48592  322  322  i
 323  1.52378  323  323  i
 324  1.30627  324  324  i
 325  0.813329  325  325  i
 326  0.0781267  326  326  i
 327  1.02654  327  327  i
 328  0.382351  328  328  i
 329  0.739575  329  329  i
 330  0.955615  330  330  i
 331  0.511887  331  331  i
 332  0.227017  332  332  i
 333  0.0692179  333  333  i
 334  0.847693  334  334  i
 335  1.33468  335  335  i
 336  0.533245  336  336  i
 337  0.54256  337  337  i
 338  0.566241  338  338  i
 339  0.201335  339  339  i
 340  0.0387927  340  340  i
 341  0.182878  341  341  i
 342  0.797604  342  342  i
 343  0.864716  343  343  i
 344  0.498611  344  344  i
 345  0.575369  345  345  i
 346  0.232347  346  346  i
 347  0.0637653  347  347  i
 348  0.574717  348  348  i
 349  0.776133  349  349  i
 350  1.01081  350  350  i
 351  0.659602  351  351  i
 352  0.627219  352  352  i
 353  0.455089  353  353  i
 354  0.0668867  354  354  i
 355  0.458481  355  355  i
 356  1.03578  356  356  i
 357  1.05217  357  357  i
 358  0.634799  358  358  i
 359  0.965519  359  359  i
 360  0.440105  360  360  i
 361  0.161786  361  361  i
 362  0.798264  362  362  i
 363  1.48385  363  363  i
 364  1.71154  364  364  i
 365  0.577684  365  365  i
 366  0.305569  366  366  i
 367  0.317612  367  367  i
 368  0.481776  368  368  i
 369  1.21085  369  369  i
 370  2.75441  370  370  i
 371  2.08774  371  371  i
 372  1.42646  372  372  i
 373  0.298975  373  373  i
 374  0.638353  374  374  i
 375  0.187008  375  375  i
 376  1.77305  376  376  i
 377  2.17451  377  377  i
 378  1.88791  378  378  i
 379  2.07248  379  379  i
 380  2.41601  380  380  i
 381  0.77249  381  381  i
 382  0.0808081  382  382  i
 383  1.27457  383  383  i
 384  1.80455  384  384  i
 385  1.73033  385  385  i
 386  1.24945  386  386  i
 387  1.49092  387  387  i
 388  0.609799  388  388  i
 389  0.0592843  389  389  i
 390  1.04515  390  390  i
 391  1.35011  391  391  i
 392  1.22835  392  392  i
 393  1.23205  393  393  i
 394  1.24789  394  394  i
 395  0.295265  395  395  i
 396  0.159113  396  396  i
 397  0.898809  397  397  i
 398  0.908258  398  398  i
 399  1.46003  399  399  i
 400  1.17628  400  400  i
 401  1.18339  401  401  i
 402  0.263861  402  402  i
 403  0.149361  403  403  i
 404  1.11612  404  404  i
 405  1.16935  405  405  i
 406  1.10705  406  406  i
 407  0.943599  407  407  i
 408  1.10521  408  408  i
 409  0.256846  409  409  i
 410  0.12866  410  410  i
 411  0.812578  411  411  i
 412  1.31088  412  412  i
 413  1.17356  413  413  i
 414  1.49262  414  414  i
 415  0.802431  415  415  i
 416  0.344691  416  416  i
 417  0.159112  417  417  i
 418  0.945833  418  418  i
 419  1.40162  419  419  i
 420  1.01361  420  420  i
 421  1.25412  421  421  i
 422  1.55446  422  422  i
 423  0.265091  423  423  i
 424  0.343314  424  424  i
 425  1.39351  425  425  i
 426  1.72201  426  426  i
 427  2.09814  427  427  i
 428  1.78013  428  428  i
 429  2.03881  429  429  i
 430  0.838859  430  430  i
 431  0.125263  431  431  i
 432  1.54993  432  432  i
 433  2.47301  433  433  i
 434  2.63111  434  434  i
 435  2.25775  435  435  i
 436  2.28778  436  436  i
 437  1.16106  437  437  i
 438  0.367604  438  438  i
 439  2.04711  439  439  i
 440  1.94279  440  440  i
 441  2.89741  441  441  i
 442  1.7431  442  442  i
 443  2.78402  443  443  i
 444  1.46327  444  444  i
 445  0.170164  445  445  i
 446  1.9498  446  446  i
 447  2.57823  447  447  i
 448  3.04761  448  448  i
 449  2.09375  449  449  i
 450  1.85065  450  450  i
 451  1.18758  451  451  i
 452  0.166917  452  452  i
 453  1.04074  453  453  i
 454  2.17904  454  454  i
 455  1.87374  455  455  i
 456  2.19743  456  456  i
 457  1.16313  457  457  i
 458  0.528901  458  458  i
 459  0.250515  459  459  i
 460  1.16286  460  460  i
 461  2.13219  461  461  i
 462  1.63159  462  462  i
 463  1.07825  463  463  i
 464  0.742157  464  464  i
 465  0.160752  465  465  i
 466  0.282652  466  466  i
 467  0.201541  467  467  i
 468  1.11563  468  468  i
 469  1.85372  469  469  i
 470  1.24914  470  470  i
 471  0.785261  471  471  i
 472  0.275033  472  472  i
 473  0.0751956  473  473  i
 474  0.637985  474  474  i
 475  1.19117  475  475  i
 476  0.777057  476  476  i
 477  0.654276  477  477  i
 478  0.807202  478  478  i
 479  0.213032  479  479  i
 480  0.0246899  480  480  i
 481  0.577283  481  481  i
 482  1.06127  482  482  i
 483  0.756691  483  483  i
 484  0.858202  484  484  i
 485  0.949468  485  485  i


