
# Curve 0 of 1, 269 points
# Curve title: "daily incidence"
# x y xlow xhigh type
-1  90784 -1 -1  i
 79  1  79  79  i
 82  1  82  82  i
 84  2  84  84  i
 85  2  85  85  i
 86  2  86  86  i
 87  1  87  87  i
 88  1  88  88  i
 89  2  89  89  i
 90  1  90  90  i
 92  1  92  92  i
 102  1  102  102  i
 105  1  105  105  i
 113  1  113  113  i
 201  2  201  201  i
 217  1  217  217  i
 218  1  218  218  i
 219  1  219  219  i
 220  1  220  220  i
 227  1  227  227  i
 230  1  230  230  i
 237  3  237  237  i
 238  2  238  238  i
 240  2  240  240  i
 241  1  241  241  i
 244  2  244  244  i
 245  2  245  245  i
 246  2  246  246  i
 250  1  250  250  i
 251  1  251  251  i
 252  3  252  252  i
 253  2  253  253  i
 254  5  254  254  i
 255  3  255  255  i
 256  2  256  256  i
 257  1  257  257  i
 258  4  258  258  i
 259  3  259  259  i
 260  9  260  260  i
 261  4  261  261  i
 262  6  262  262  i
 264  4  264  264  i
 265  2  265  265  i
 266  2  266  266  i
 267  8  267  267  i
 268  4  268  268  i
 269  4  269  269  i
 270  2  270  270  i
 271  5  271  271  i
 272  3  272  272  i
 273  9  273  273  i
 274  11  274  274  i
 275  8  275  275  i
 276  15  276  276  i
 277  3  277  277  i
 278  9  278  278  i
 279  15  279  279  i
 280  9  280  280  i
 281  22  281  281  i
 282  26  282  282  i
 283  20  283  283  i
 284  12  284  284  i
 285  5  285  285  i
 286  34  286  286  i
 287  35  287  287  i
 288  44  288  288  i
 289  28  289  289  i
 290  22  290  290  i
 291  12  291  291  i
 292  39  292  292  i
 293  64  293  293  i
 294  31  294  294  i
 295  55  295  295  i
 296  53  296  296  i
 297  64  297  297  i
 298  22  298  298  i
 299  48  299  299  i
 300  53  300  300  i
 301  58  301  301  i
 302  45  302  302  i
 303  74  303  303  i
 304  48  304  304  i
 305  11  305  305  i
 306  51  306  306  i
 307  70  307  307  i
 308  88  308  308  i
 309  89  309  309  i
 310  83  310  310  i
 311  50  311  311  i
 312  24  312  312  i
 313  27  313  313  i
 314  63  314  314  i
 315  66  315  315  i
 316  46  316  316  i
 317  48  317  317  i
 318  17  318  318  i
 319  2  319  319  i
 320  46  320  320  i
 321  17  321  321  i
 322  21  322  322  i
 323  40  323  323  i
 324  16  324  324  i
 325  12  325  325  i
 326  4  326  326  i
 327  30  327  327  i
 328  39  328  328  i
 329  17  329  329  i
 330  14  330  330  i
 331  19  331  331  i
 332  6  332  332  i
 333  6  333  333  i
 334  31  334  334  i
 335  34  335  335  i
 336  20  336  336  i
 337  16  337  337  i
 338  15  338  338  i
 339  15  339  339  i
 340  1  340  340  i
 341  13  341  341  i
 342  29  342  342  i
 343  24  343  343  i
 344  26  344  344  i
 345  27  345  345  i
 346  17  346  346  i
 347  1  347  347  i
 348  18  348  348  i
 349  19  349  349  i
 350  29  350  350  i
 351  19  351  351  i
 352  31  352  352  i
 353  14  353  353  i
 354  6  354  354  i
 355  19  355  355  i
 356  54  356  356  i
 357  64  357  357  i
 358  25  358  358  i
 359  13  359  359  i
 360  14  360  360  i
 361  14  361  361  i
 362  48  362  362  i
 363  67  363  363  i
 364  75  364  364  i
 365  48  365  365  i
 366  8  366  366  i
 367  11  367  367  i
 368  13  368  368  i
 369  57  369  369  i
 370  97  370  370  i
 371  69  371  371  i
 372  98  372  372  i
 373  78  373  373  i
 374  23  374  374  i
 375  2  375  375  i
 376  36  376  376  i
 377  60  377  377  i
 378  58  378  378  i
 379  46  379  379  i
 380  55  380  380  i
 381  17  381  381  i
 382  3  382  382  i
 383  36  383  383  i
 384  39  384  384  i
 385  28  385  385  i
 386  45  386  386  i
 387  40  387  387  i
 388  14  388  388  i
 389  4  389  389  i
 390  35  390  390  i
 391  40  391  391  i
 392  26  392  392  i
 393  38  393  393  i
 394  26  394  394  i
 395  12  395  395  i
 396  12  396  396  i
 397  35  397  397  i
 398  31  398  398  i
 399  27  399  399  i
 400  31  400  400  i
 401  37  401  401  i
 402  11  402  402  i
 403  9  403  403  i
 404  23  404  404  i
 405  36  405  405  i
 406  28  406  406  i
 407  66  407  407  i
 408  50  408  408  i
 409  13  409  409  i
 410  6  410  410  i
 411  21  411  411  i
 412  50  412  412  i
 413  41  413  413  i
 414  43  414  414  i
 415  34  415  415  i
 416  14  416  416  i
 417  11  417  417  i
 418  34  418  418  i
 419  45  419  419  i
 420  47  420  420  i
 421  66  421  421  i
 422  48  422  422  i
 423  30  423  423  i
 424  10  424  424  i
 425  45  425  425  i
 426  62  426  426  i
 427  71  427  427  i
 428  63  428  428  i
 429  74  429  429  i
 430  34  430  430  i
 431  8  431  431  i
 432  55  432  432  i
 433  72  433  433  i
 434  94  434  434  i
 435  37  435  435  i
 436  89  436  436  i
 437  48  437  437  i
 438  9  438  438  i
 439  53  439  439  i
 440  69  440  440  i
 441  82  441  441  i
 442  69  442  442  i
 443  63  443  443  i
 444  28  444  444  i
 445  16  445  445  i
 446  41  446  446  i
 447  74  447  447  i
 448  59  448  448  i
 449  51  449  449  i
 450  40  450  450  i
 451  23  451  451  i
 452  10  452  452  i
 453  32  453  453  i
 454  56  454  454  i
 455  66  455  455  i
 456  43  456  456  i
 457  30  457  457  i
 458  4  458  458  i
 459  11  459  459  i
 460  7  460  460  i
 461  38  461  461  i
 462  35  462  462  i
 463  33  463  463  i
 464  30  464  464  i
 465  10  465  465  i
 466  2  466  466  i
 467  18  467  467  i
 468  29  468  468  i
 469  17  469  469  i
 470  23  470  470  i
 471  17  471  471  i
 472  7  472  472  i
 473  6  473  473  i
 474  10  474  474  i
 475  13  475  475  i
 476  17  476  476  i
 477  24  477  477  i
 478  10  478  478  i
 479  2  479  479  i
 480  4  480  480  i
 481  11  481  481  i
 482  22  482  482  i
 483  17  483  483  i
 484  12  484  484  i
 485  8  485  485  i
 486  2  486  486  i
 487  2  487  487  i
 488  15  488  488  i
 489  12  489  489  i
 490  10  490  490  i


