
# Curve 0 of 1, 234 points
# Curve title: "daily incidence"
# x y xlow xhigh type
-1  93251 -1 -1  i
 84  2  84  84  i
 86  1  86  86  i
 96  1  96  96  i
 113  1  113  113  i
 114  1  114  114  i
 201  1  201  201  i
 212  1  212  212  i
 217  1  217  217  i
 219  1  219  219  i
 236  1  236  236  i
 240  1  240  240  i
 247  1  247  247  i
 252  1  252  252  i
 254  1  254  254  i
 256  1  256  256  i
 257  1  257  257  i
 258  3  258  258  i
 259  1  259  259  i
 260  2  260  260  i
 262  1  262  262  i
 264  2  264  264  i
 265  2  265  265  i
 266  2  266  266  i
 267  5  267  267  i
 269  1  269  269  i
 270  1  270  270  i
 271  3  271  271  i
 273  13  273  273  i
 274  5  274  274  i
 275  3  275  275  i
 276  11  276  276  i
 277  2  277  277  i
 278  7  278  278  i
 279  7  279  279  i
 280  7  280  280  i
 281  11  281  281  i
 282  10  282  282  i
 283  6  283  283  i
 284  3  284  284  i
 285  4  285  285  i
 286  42  286  286  i
 287  17  287  287  i
 288  20  288  288  i
 289  12  289  289  i
 290  10  290  290  i
 291  9  291  291  i
 292  45  292  292  i
 293  23  293  293  i
 294  16  294  294  i
 295  31  295  295  i
 296  28  296  296  i
 297  24  297  297  i
 298  5  298  298  i
 299  50  299  299  i
 300  49  300  300  i
 301  50  301  301  i
 302  24  302  302  i
 303  32  303  303  i
 304  26  304  304  i
 305  7  305  305  i
 306  33  306  306  i
 307  51  307  307  i
 308  42  308  308  i
 309  49  309  309  i
 310  51  310  310  i
 311  34  311  311  i
 312  5  312  312  i
 313  12  313  313  i
 314  62  314  314  i
 315  22  315  315  i
 316  24  316  316  i
 317  32  317  317  i
 318  9  318  318  i
 319  2  319  319  i
 320  23  320  320  i
 321  14  321  321  i
 322  20  322  322  i
 323  16  323  323  i
 324  16  324  324  i
 325  3  325  325  i
 326  4  326  326  i
 327  21  327  327  i
 328  26  328  328  i
 329  10  329  329  i
 330  14  330  330  i
 331  11  331  331  i
 334  19  334  334  i
 335  24  335  335  i
 336  11  336  336  i
 337  6  337  337  i
 338  11  338  338  i
 339  7  339  339  i
 340  5  340  340  i
 341  13  341  341  i
 342  18  342  342  i
 343  17  343  343  i
 344  14  344  344  i
 345  5  345  345  i
 346  6  346  346  i
 347  3  347  347  i
 348  9  348  348  i
 349  6  349  349  i
 350  4  350  350  i
 351  7  351  351  i
 352  13  352  352  i
 353  7  353  353  i
 354  1  354  354  i
 355  16  355  355  i
 356  18  356  356  i
 357  46  357  357  i
 358  6  358  358  i
 359  13  359  359  i
 360  5  360  360  i
 361  24  361  361  i
 362  43  362  362  i
 363  28  363  363  i
 364  39  364  364  i
 365  25  365  365  i
 366  7  366  366  i
 367  16  367  367  i
 368  12  368  368  i
 369  24  369  369  i
 370  25  370  370  i
 371  34  371  371  i
 372  57  372  372  i
 373  39  373  373  i
 374  8  374  374  i
 375  6  375  375  i
 376  28  376  376  i
 377  33  377  377  i
 378  19  378  378  i
 379  16  379  379  i
 380  23  380  380  i
 381  12  381  381  i
 382  3  382  382  i
 383  16  383  383  i
 384  28  384  384  i
 385  14  385  385  i
 386  39  386  386  i
 387  19  387  387  i
 388  11  388  388  i
 389  4  389  389  i
 390  18  390  390  i
 391  19  391  391  i
 392  8  392  392  i
 393  16  393  393  i
 394  16  394  394  i
 395  3  395  395  i
 396  6  396  396  i
 397  13  397  397  i
 398  16  398  398  i
 399  9  399  399  i
 400  33  400  400  i
 401  14  401  401  i
 402  15  402  402  i
 403  5  403  403  i
 404  8  404  404  i
 405  11  405  405  i
 406  16  406  406  i
 407  19  407  407  i
 408  14  408  408  i
 409  5  409  409  i
 410  4  410  410  i
 411  16  411  411  i
 412  8  412  412  i
 413  17  413  413  i
 414  15  414  414  i
 415  17  415  415  i
 416  4  416  416  i
 417  5  417  417  i
 418  17  418  418  i
 419  21  419  419  i
 420  16  420  420  i
 421  24  421  421  i
 422  13  422  422  i
 423  8  423  423  i
 424  4  424  424  i
 425  12  425  425  i
 426  30  426  426  i
 427  27  427  427  i
 428  31  428  428  i
 429  28  429  429  i
 430  11  430  430  i
 431  5  431  431  i
 432  15  432  432  i
 433  26  433  433  i
 434  27  434  434  i
 435  15  435  435  i
 436  29  436  436  i
 437  8  437  437  i
 438  3  438  438  i
 439  22  439  439  i
 440  18  440  440  i
 441  34  441  441  i
 442  22  442  442  i
 443  12  443  443  i
 444  7  444  444  i
 445  9  445  445  i
 446  8  446  446  i
 447  24  447  447  i
 448  9  448  448  i
 449  18  449  449  i
 450  6  450  450  i
 451  8  451  451  i
 452  3  452  452  i
 453  9  453  453  i
 454  14  454  454  i
 455  17  455  455  i
 456  9  456  456  i
 457  4  457  457  i
 458  3  458  458  i
 459  6  459  459  i
 460  9  460  460  i
 461  17  461  461  i
 462  11  462  462  i
 463  12  463  463  i
 464  4  464  464  i
 465  4  465  465  i
 466  1  466  466  i
 467  4  467  467  i
 468  5  468  468  i
 469  3  469  469  i
 470  6  470  470  i
 471  2  471  471  i
 473  1  473  473  i
 474  6  474  474  i
 475  5  475  475  i
 476  2  476  476  i
 477  5  477  477  i
 478  2  478  478  i
 481  1  481  481  i
 482  4  482  482  i


