
# Curve 0 of 1, 342 points
# Curve title: "daily incidence"
# x y xlow xhigh type
 70  1  70  70  i
 72  1  72  72  i
 74  4  74  74  i
 75  5  75  75  i
 76  3  76  76  i
 77  3  77  77  i
 78  2  78  78  i
 79  10  79  79  i
 80  1  80  80  i
 82  3  82  82  i
 83  2  83  83  i
 84  20  84  84  i
 85  12  85  85  i
 86  10  86  86  i
 87  7  87  87  i
 88  1  88  88  i
 89  8  89  89  i
 90  8  90  90  i
 91  9  91  91  i
 92  7  92  92  i
 93  3  93  93  i
 94  1  94  94  i
 96  3  96  96  i
 97  8  97  97  i
 98  6  98  98  i
 99  2  99  99  i
 100  8  100  100  i
 101  3  101  101  i
 102  5  102  102  i
 103  1  103  103  i
 105  1  105  105  i
 106  2  106  106  i
 109  1  109  109  i
 110  2  110  110  i
 111  2  111  111  i
 113  4  113  113  i
 114  2  114  114  i
 115  2  115  115  i
 118  1  118  118  i
 120  1  120  120  i
 126  2  126  126  i
 127  3  127  127  i
 133  3  133  133  i
 141  1  141  141  i
 148  1  148  148  i
 149  3  149  149  i
 154  1  154  154  i
 157  1  157  157  i
 158  2  158  158  i
 161  1  161  161  i
 162  1  162  162  i
 173  1  173  173  i
 175  2  175  175  i
 176  5  176  176  i
 177  1  177  177  i
 184  1  184  184  i
 188  1  188  188  i
 190  2  190  190  i
 191  2  191  191  i
 194  1  194  194  i
 195  1  195  195  i
 197  2  197  197  i
 198  5  198  198  i
 201  12  201  201  i
 202  3  202  202  i
 203  4  203  203  i
 204  3  204  204  i
 205  10  205  205  i
 206  5  206  206  i
 207  15  207  207  i
 208  9  208  208  i
 209  6  209  209  i
 210  17  210  210  i
 211  27  211  211  i
 212  19  212  212  i
 213  6  213  213  i
 214  1  214  214  i
 215  2  215  215  i
 216  5  216  216  i
 217  10  217  217  i
 218  8  218  218  i
 219  18  219  219  i
 220  6  220  220  i
 221  4  221  221  i
 222  6  222  222  i
 223  5  223  223  i
 224  14  224  224  i
 225  9  225  225  i
 226  7  226  226  i
 227  5  227  227  i
 228  4  228  228  i
 229  3  229  229  i
 230  17  230  230  i
 231  17  231  231  i
 232  7  232  232  i
 233  31  233  233  i
 234  5  234  234  i
 235  1  235  235  i
 236  20  236  236  i
 237  36  237  237  i
 238  19  238  238  i
 239  14  239  239  i
 240  22  240  240  i
 241  18  241  241  i
 243  12  243  243  i
 244  31  244  244  i
 245  46  245  245  i
 246  34  246  246  i
 247  51  247  247  i
 248  34  248  248  i
 249  9  249  249  i
 250  53  250  250  i
 251  38  251  251  i
 252  33  252  252  i
 253  71  253  253  i
 254  73  254  254  i
 255  67  255  255  i
 256  19  256  256  i
 257  14  257  257  i
 258  80  258  258  i
 259  125  259  259  i
 260  123  260  260  i
 261  119  261  261  i
 262  114  262  262  i
 263  6  263  263  i
 264  63  264  264  i
 265  136  265  265  i
 266  105  266  266  i
 267  139  267  267  i
 268  141  268  268  i
 269  98  269  269  i
 270  13  270  270  i
 271  42  271  271  i
 272  75  272  272  i
 273  136  273  273  i
 274  176  274  274  i
 275  190  275  275  i
 276  256  276  276  i
 277  31  277  277  i
 278  94  278  278  i
 279  335  279  279  i
 280  308  280  280  i
 281  410  281  281  i
 282  484  282  282  i
 283  282  283  283  i
 284  89  284  284  i
 285  139  285  285  i
 286  574  286  286  i
 287  585  287  287  i
 288  632  288  288  i
 289  582  289  289  i
 290  596  290  290  i
 291  192  291  291  i
 292  445  292  292  i
 293  917  293  293  i
 294  671  294  294  i
 295  1117  295  295  i
 296  901  296  296  i
 297  998  297  297  i
 298  312  298  298  i
 299  632  299  299  i
 300  801  300  300  i
 301  1109  301  301  i
 302  834  302  302  i
 303  1122  303  303  i
 304  945  304  304  i
 305  187  305  305  i
 306  491  306  306  i
 307  953  307  307  i
 308  1100  308  308  i
 309  1040  309  309  i
 310  1244  310  310  i
 311  667  311  311  i
 312  217  312  312  i
 313  207  313  313  i
 314  894  314  314  i
 315  614  315  315  i
 316  598  316  316  i
 317  557  317  317  i
 318  280  318  318  i
 319  59  319  319  i
 320  375  320  320  i
 321  189  321  321  i
 322  408  322  322  i
 323  457  323  323  i
 324  288  324  324  i
 325  93  325  325  i
 326  36  326  326  i
 327  353  327  327  i
 328  552  328  328  i
 329  234  329  329  i
 330  263  330  330  i
 331  204  331  331  i
 332  72  332  332  i
 333  14  333  333  i
 334  160  334  334  i
 335  359  335  335  i
 336  257  336  336  i
 337  257  337  337  i
 338  273  338  338  i
 339  162  339  339  i
 340  20  340  340  i
 341  177  341  341  i
 342  315  342  342  i
 343  376  343  343  i
 344  260  344  344  i
 345  295  345  345  i
 346  206  346  346  i
 347  18  347  347  i
 348  195  348  348  i
 349  351  349  349  i
 350  463  350  350  i
 351  262  351  351  i
 352  404  352  352  i
 353  209  353  353  i
 354  41  354  354  i
 355  324  355  355  i
 356  597  356  356  i
 357  729  357  357  i
 358  233  358  358  i
 359  128  359  359  i
 360  97  360  360  i
 361  120  361  361  i
 362  502  362  362  i
 363  914  363  363  i
 364  888  364  364  i
 365  637  365  365  i
 366  75  366  366  i
 367  140  367  367  i
 368  105  368  368  i
 369  600  369  369  i
 370  1017  370  370  i
 371  816  371  371  i
 372  933  372  372  i
 373  825  373  373  i
 374  306  374  374  i
 375  45  375  375  i
 376  410  376  376  i
 377  668  377  377  i
 378  634  378  378  i
 379  478  379  379  i
 380  652  380  380  i
 381  207  381  381  i
 382  21  382  382  i
 383  350  383  383  i
 384  530  384  384  i
 385  413  385  385  i
 386  499  386  386  i
 387  474  387  387  i
 388  140  388  388  i
 389  46  389  389  i
 390  304  390  390  i
 391  543  391  391  i
 392  477  392  392  i
 393  429  393  393  i
 394  431  394  394  i
 395  129  395  395  i
 396  81  396  396  i
 397  372  397  397  i
 398  475  398  398  i
 399  466  399  399  i
 400  473  400  400  i
 401  462  401  401  i
 402  121  402  402  i
 403  72  403  403  i
 404  346  404  404  i
 405  464  405  405  i
 406  484  406  406  i
 407  618  407  407  i
 408  412  408  408  i
 409  160  409  409  i
 410  58  410  410  i
 411  395  411  411  i
 412  751  412  412  i
 413  558  413  413  i
 414  551  414  414  i
 415  646  415  415  i
 416  123  416  416  i
 417  190  417  417  i
 418  521  418  418  i
 419  717  419  419  i
 420  709  420  420  i
 421  961  421  421  i
 422  852  422  422  i
 423  424  423  423  i
 424  76  424  424  i
 425  592  425  425  i
 426  1002  426  426  i
 427  1095  427  427  i
 428  1032  428  428  i
 429  1022  429  429  i
 430  550  430  430  i
 431  85  431  431  i
 432  842  432  432  i
 433  928  433  433  i
 434  1145  434  434  i
 435  807  435  435  i
 436  1136  436  436  i
 437  574  437  437  i
 438  58  438  438  i
 439  727  439  439  i
 440  1148  440  440  i
 441  1114  441  441  i
 442  1045  442  442  i
 443  766  443  443  i
 444  420  444  444  i
 445  71  445  445  i
 446  581  446  446  i
 447  998  447  447  i
 448  811  448  448  i
 449  749  449  449  i
 450  578  450  450  i
 451  228  451  451  i
 452  56  452  452  i
 453  427  453  453  i
 454  826  454  454  i
 455  577  455  455  i
 456  510  456  456  i
 457  304  457  457  i
 458  61  458  458  i
 459  111  459  459  i
 460  113  460  460  i
 461  461  461  461  i
 462  659  462  462  i
 463  475  463  463  i
 464  398  464  464  i
 465  136  465  465  i
 466  26  466  466  i
 467  200  467  467  i
 468  494  468  468  i
 469  284  469  469  i
 470  330  470  470  i
 471  235  471  471  i
 472  82  472  472  i
 473  29  473  473  i
 474  267  474  474  i
 475  323  475  475  i
 476  300  476  476  i
 477  283  477  477  i
 478  246  478  478  i
 479  61  479  479  i


