
# Curve 0 of 1, 148 points
# Curve title: "1st dose"
# x y xlow xhigh type
 369  290  369  369  i
 370  390  370  370  i
 371  658  371  371  i
 372  1577  372  372  i
 373  1664  373  373  i
 374  6  374  374  i
 376  244  376  376  i
 377  1053  377  377  i
 378  1200  378  378  i
 379  1559  379  379  i
 380  1354  380  380  i
 381  72  381  381  i
 383  868  383  383  i
 384  543  384  384  i
 385  139  385  385  i
 386  1070  386  386  i
 387  1081  387  387  i
 388  269  388  388  i
 390  617  390  390  i
 391  396  391  391  i
 392  75  392  392  i
 393  51  393  393  i
 394  88  394  394  i
 395  1  395  395  i
 397  50  397  397  i
 398  32  398  398  i
 399  208  399  399  i
 400  203  400  400  i
 401  171  401  401  i
 402  3  402  402  i
 403  0  403  403  i
 404  7  404  404  i
 405  32  405  405  i
 406  389  406  406  i
 407  21  407  407  i
 408  98  408  408  i
 409  1  409  409  i
 411  249  411  411  i
 412  77  412  412  i
 413  165  413  413  i
 414  2065  414  414  i
 415  1820  415  415  i
 416  171  416  416  i
 418  664  418  418  i
 419  511  419  419  i
 420  484  420  420  i
 421  3205  421  421  i
 422  1714  422  422  i
 423  4  423  423  i
 424  22  424  424  i
 425  595  425  425  i
 426  2297  426  426  i
 427  1679  427  427  i
 428  3289  428  428  i
 429  2424  429  429  i
 431  1  431  431  i
 432  908  432  432  i
 433  2415  433  433  i
 434  3599  434  434  i
 435  5297  435  435  i
 436  3705  436  436  i
 437  368  437  437  i
 438  9  438  438  i
 439  1272  439  439  i
 440  2675  440  440  i
 441  2069  441  441  i
 442  1378  442  442  i
 443  1221  443  443  i
 444  810  444  444  i
 446  51  446  446  i
 447  677  447  447  i
 448  917  448  448  i
 449  1629  449  449  i
 450  2416  450  450  i
 451  765  451  451  i
 453  252  453  453  i
 454  2069  454  454  i
 455  1111  455  455  i
 456  2273  456  456  i
 457  791  457  457  i
 460  0  460  460  i
 461  510  461  461  i
 462  1752  462  462  i
 463  2072  463  463  i
 464  2511  464  464  i
 465  1382  465  465  i
 466  1009  466  466  i
 467  3543  467  467  i
 468  1125  468  468  i
 469  2404  469  469  i
 470  4301  470  470  i
 471  3791  471  471  i
 472  16  472  472  i
 473  741  473  473  i
 474  3133  474  474  i
 475  718  475  475  i
 476  3135  476  476  i
 477  5534  477  477  i
 478  2305  478  478  i
 479  3  479  479  i
 480  1010  480  480  i
 481  1641  481  481  i
 482  776  482  482  i
 483  5102  483  483  i
 484  5090  484  484  i
 485  4929  485  485  i
 486  1028  486  486  i
 487  1001  487  487  i
 488  4952  488  488  i
 489  4386  489  489  i
 490  5691  490  490  i
 491  6515  491  491  i
 492  6185  492  492  i
 493  942  493  493  i
 494  1187  494  494  i
 495  3913  495  495  i
 496  3255  496  496  i
 497  6031  497  497  i
 498  7414  498  498  i
 499  6605  499  499  i
 500  1590  500  500  i
 501  1468  501  501  i
 502  3018  502  502  i
 503  3159  503  503  i
 504  6755  504  504  i
 505  7073  505  505  i
 506  2531  506  506  i
 507  2304  507  507  i
 508  6  508  508  i
 509  2052  509  509  i
 510  3246  510  510  i
 511  4342  511  511  i
 512  2211  512  512  i
 513  2548  513  513  i
 514  1538  514  514  i
 515  682  515  515  i
 516  2447  516  516  i
 517  4474  517  517  i
 518  5128  518  518  i
 519  2876  519  519  i
 520  5694  520  520  i
 521  2169  521  521  i
 522  459  522  522  i
 523  6206  523  523  i
 524  6935  524  524  i
 525  3287  525  525  i
 526  2552  526  526  i


