
# Curve 0 of 1, 298 points
# Curve title: "daily incidence"
# x y xlow xhigh type
-1  64738 -1 -1  i
 70  1  70  70  i
 75  2  75  75  i
 77  1  77  77  i
 78  2  78  78  i
 79  1  79  79  i
 82  3  82  82  i
 84  5  84  84  i
 85  1  85  85  i
 86  2  86  86  i
 87  2  87  87  i
 88  1  88  88  i
 89  2  89  89  i
 90  7  90  90  i
 91  5  91  91  i
 92  3  92  92  i
 93  7  93  93  i
 94  5  94  94  i
 96  1  96  96  i
 97  1  97  97  i
 98  4  98  98  i
 100  2  100  100  i
 101  1  101  101  i
 105  4  105  105  i
 106  3  106  106  i
 107  1  107  107  i
 109  3  109  109  i
 111  1  111  111  i
 112  2  112  112  i
 114  1  114  114  i
 115  1  115  115  i
 116  1  116  116  i
 136  1  136  136  i
 142  1  142  142  i
 169  1  169  169  i
 171  2  171  171  i
 172  2  172  172  i
 175  1  175  175  i
 177  4  177  177  i
 190  3  190  190  i
 193  1  193  193  i
 195  1  195  195  i
 198  2  198  198  i
 201  2  201  201  i
 202  1  202  202  i
 204  1  204  204  i
 205  7  205  205  i
 206  3  206  206  i
 208  5  208  208  i
 209  4  209  209  i
 210  5  210  210  i
 211  5  211  211  i
 212  2  212  212  i
 213  1  213  213  i
 214  1  214  214  i
 215  5  215  215  i
 216  2  216  216  i
 217  7  217  217  i
 218  6  218  218  i
 219  5  219  219  i
 220  1  220  220  i
 223  4  223  223  i
 224  8  224  224  i
 225  8  225  225  i
 226  7  226  226  i
 227  5  227  227  i
 230  11  230  230  i
 231  8  231  231  i
 232  17  232  232  i
 233  8  233  233  i
 234  1  234  234  i
 236  4  236  236  i
 237  7  237  237  i
 238  3  238  238  i
 239  5  239  239  i
 240  1  240  240  i
 241  3  241  241  i
 243  4  243  243  i
 244  15  244  244  i
 245  14  245  245  i
 246  11  246  246  i
 247  17  247  247  i
 248  10  248  248  i
 249  1  249  249  i
 250  7  250  250  i
 251  16  251  251  i
 252  13  252  252  i
 253  30  253  253  i
 254  20  254  254  i
 255  26  255  255  i
 256  13  256  256  i
 257  31  257  257  i
 258  30  258  258  i
 259  23  259  259  i
 260  54  260  260  i
 261  36  261  261  i
 262  36  262  262  i
 263  7  263  263  i
 264  37  264  264  i
 265  54  265  265  i
 266  29  266  266  i
 267  41  267  267  i
 268  43  268  268  i
 269  24  269  269  i
 270  9  270  270  i
 271  24  271  271  i
 272  29  272  272  i
 273  38  273  273  i
 274  32  274  274  i
 275  54  275  275  i
 276  14  276  276  i
 277  15  277  277  i
 278  51  278  278  i
 279  23  279  279  i
 280  51  280  280  i
 281  67  281  281  i
 282  108  282  282  i
 283  40  283  283  i
 284  32  284  284  i
 285  52  285  285  i
 286  115  286  286  i
 287  110  287  287  i
 288  100  288  288  i
 289  119  289  289  i
 290  80  290  290  i
 291  32  291  291  i
 292  106  292  292  i
 293  126  293  293  i
 294  204  294  294  i
 295  192  295  295  i
 296  178  296  296  i
 297  144  297  297  i
 298  61  298  298  i
 299  129  299  299  i
 300  189  300  300  i
 301  147  301  301  i
 302  203  302  302  i
 303  184  303  303  i
 304  166  304  304  i
 305  119  305  305  i
 306  88  306  306  i
 307  167  307  307  i
 308  263  308  308  i
 309  201  309  309  i
 310  188  310  310  i
 311  96  311  311  i
 312  35  312  312  i
 313  96  313  313  i
 314  183  314  314  i
 315  137  315  315  i
 316  107  316  316  i
 317  165  317  317  i
 318  64  318  318  i
 319  24  319  319  i
 320  127  320  320  i
 321  80  321  321  i
 322  114  322  322  i
 323  128  323  323  i
 324  114  324  324  i
 325  43  325  325  i
 326  11  326  326  i
 327  96  327  327  i
 328  97  328  328  i
 329  95  329  329  i
 330  64  330  330  i
 331  66  331  331  i
 332  28  332  332  i
 333  7  333  333  i
 334  83  334  334  i
 335  74  335  335  i
 336  43  336  336  i
 337  57  337  337  i
 338  88  338  338  i
 339  33  339  339  i
 340  11  340  340  i
 341  72  341  341  i
 342  115  342  342  i
 343  117  343  343  i
 344  153  344  344  i
 345  134  345  345  i
 346  50  346  346  i
 347  23  347  347  i
 348  90  348  348  i
 349  146  349  349  i
 350  158  350  350  i
 351  115  351  351  i
 352  142  352  352  i
 353  86  353  353  i
 354  36  354  354  i
 355  99  355  355  i
 356  166  356  356  i
 357  198  357  357  i
 358  60  358  358  i
 359  13  359  359  i
 360  51  360  360  i
 361  66  361  361  i
 362  173  362  362  i
 363  253  363  363  i
 364  241  364  364  i
 365  213  365  365  i
 366  42  366  366  i
 367  57  367  367  i
 368  108  368  368  i
 369  250  369  369  i
 370  245  370  370  i
 371  323  371  371  i
 372  191  372  372  i
 373  190  373  373  i
 374  129  374  374  i
 375  88  375  375  i
 376  204  376  376  i
 377  133  377  377  i
 378  168  378  378  i
 379  155  379  379  i
 380  144  380  380  i
 381  77  381  381  i
 382  38  382  382  i
 383  126  383  383  i
 384  146  384  384  i
 385  153  385  385  i
 386  108  386  386  i
 387  142  387  387  i
 388  44  388  388  i
 389  31  389  389  i
 390  124  390  390  i
 391  219  391  391  i
 392  132  392  392  i
 393  119  393  393  i
 394  141  394  394  i
 395  87  395  395  i
 396  24  396  396  i
 397  169  397  397  i
 398  139  398  398  i
 399  172  399  399  i
 400  102  400  400  i
 401  143  401  401  i
 402  82  402  402  i
 403  45  403  403  i
 404  178  404  404  i
 405  161  405  405  i
 406  181  406  406  i
 407  174  407  407  i
 408  178  408  408  i
 409  94  409  409  i
 410  62  410  410  i
 411  239  411  411  i
 412  222  412  412  i
 413  204  413  413  i
 414  231  414  414  i
 415  226  415  415  i
 416  98  416  416  i
 417  65  417  417  i
 418  229  418  418  i
 419  317  419  419  i
 420  293  420  420  i
 421  271  421  421  i
 422  270  422  422  i
 423  88  423  423  i
 424  93  424  424  i
 425  261  425  425  i
 426  334  426  426  i
 427  285  427  427  i
 428  241  428  428  i
 429  223  429  429  i
 430  168  430  430  i
 431  68  431  431  i
 432  256  432  432  i
 433  273  433  433  i
 434  246  434  434  i
 435  187  435  435  i
 436  322  436  436  i
 437  108  437  437  i
 438  49  438  438  i
 439  236  439  439  i
 440  270  440  440  i
 441  210  441  441  i
 442  164  442  442  i
 443  183  443  443  i
 444  72  444  444  i
 445  59  445  445  i
 446  149  446  446  i
 447  196  447  447  i
 448  140  448  448  i
 449  164  449  449  i
 450  148  450  450  i
 451  36  451  451  i
 452  13  452  452  i
 453  133  453  453  i
 454  168  454  454  i
 455  128  455  455  i
 456  134  456  456  i
 457  89  457  457  i
 458  45  458  458  i
 459  27  459  459  i
 460  29  460  460  i
 461  145  461  461  i
 462  119  462  462  i


