
# Curve 0 of 1, 309 points
# Curve title: "daily incidence"
# x y xlow xhigh type
-1  74221 -1 -1  i
 75  1  75  75  i
 78  1  78  78  i
 79  2  79  79  i
 80  1  80  80  i
 81  1  81  81  i
 82  4  82  82  i
 84  2  84  84  i
 86  1  86  86  i
 87  3  87  87  i
 90  5  90  90  i
 91  4  91  91  i
 92  3  92  92  i
 93  6  93  93  i
 94  1  94  94  i
 95  1  95  95  i
 97  1  97  97  i
 98  4  98  98  i
 100  4  100  100  i
 102  3  102  102  i
 105  1  105  105  i
 107  1  107  107  i
 108  1  108  108  i
 112  2  112  112  i
 115  1  115  115  i
 116  1  116  116  i
 117  1  117  117  i
 119  1  119  119  i
 131  1  131  131  i
 139  1  139  139  i
 142  1  142  142  i
 161  1  161  161  i
 162  1  162  162  i
 165  1  165  165  i
 178  1  178  178  i
 194  1  194  194  i
 195  1  195  195  i
 198  1  198  198  i
 200  1  200  200  i
 202  1  202  202  i
 204  3  204  204  i
 205  2  205  205  i
 206  2  206  206  i
 208  2  208  208  i
 209  1  209  209  i
 210  2  210  210  i
 211  2  211  211  i
 212  3  212  212  i
 215  5  215  215  i
 216  1  216  216  i
 217  3  217  217  i
 218  1  218  218  i
 219  2  219  219  i
 223  3  223  223  i
 224  2  224  224  i
 225  4  225  225  i
 226  3  226  226  i
 227  6  227  227  i
 228  1  228  228  i
 229  1  229  229  i
 230  5  230  230  i
 231  2  231  231  i
 232  5  232  232  i
 233  6  233  233  i
 234  1  234  234  i
 236  2  236  236  i
 237  6  237  237  i
 238  3  238  238  i
 239  5  239  239  i
 240  1  240  240  i
 241  1  241  241  i
 243  2  243  243  i
 244  3  244  244  i
 245  12  245  245  i
 246  9  246  246  i
 247  9  247  247  i
 248  4  248  248  i
 249  5  249  249  i
 250  4  250  250  i
 251  15  251  251  i
 252  10  252  252  i
 253  17  253  253  i
 254  16  254  254  i
 255  12  255  255  i
 256  9  256  256  i
 257  6  257  257  i
 258  13  258  258  i
 259  20  259  259  i
 260  14  260  260  i
 261  15  261  261  i
 262  14  262  262  i
 263  2  263  263  i
 264  13  264  264  i
 265  17  265  265  i
 266  19  266  266  i
 267  17  267  267  i
 268  27  268  268  i
 269  18  269  269  i
 270  4  270  270  i
 271  16  271  271  i
 272  15  272  272  i
 273  22  273  273  i
 274  32  274  274  i
 275  30  275  275  i
 276  10  276  276  i
 277  6  277  277  i
 278  33  278  278  i
 279  27  279  279  i
 280  51  280  280  i
 281  64  281  281  i
 282  86  282  282  i
 283  35  283  283  i
 284  21  284  284  i
 285  37  285  285  i
 286  105  286  286  i
 287  92  287  287  i
 288  99  288  288  i
 289  126  289  289  i
 290  76  290  290  i
 291  23  291  291  i
 292  96  292  292  i
 293  122  293  293  i
 294  208  294  294  i
 295  189  295  295  i
 296  163  296  296  i
 297  118  297  297  i
 298  56  298  298  i
 299  128  299  299  i
 300  194  300  300  i
 301  142  301  301  i
 302  179  302  302  i
 303  219  303  303  i
 304  154  304  304  i
 305  69  305  305  i
 306  81  306  306  i
 307  151  307  307  i
 308  217  308  308  i
 309  154  309  309  i
 310  123  310  310  i
 311  79  311  311  i
 312  17  312  312  i
 313  82  313  313  i
 314  105  314  314  i
 315  113  315  315  i
 316  86  316  316  i
 317  105  317  317  i
 318  43  318  318  i
 319  9  319  319  i
 320  77  320  320  i
 321  62  321  321  i
 322  94  322  322  i
 323  88  323  323  i
 324  58  324  324  i
 325  28  325  325  i
 326  10  326  326  i
 327  65  327  327  i
 328  74  328  328  i
 329  73  329  329  i
 330  42  330  330  i
 331  48  331  331  i
 332  16  332  332  i
 333  3  333  333  i
 334  47  334  334  i
 335  60  335  335  i
 336  31  336  336  i
 337  39  337  337  i
 338  49  338  338  i
 339  22  339  339  i
 340  13  340  340  i
 341  40  341  341  i
 342  57  342  342  i
 343  61  343  343  i
 344  75  344  344  i
 345  66  345  345  i
 346  20  346  346  i
 347  22  347  347  i
 348  52  348  348  i
 349  75  349  349  i
 350  91  350  350  i
 351  91  351  351  i
 352  78  352  352  i
 353  58  353  353  i
 354  40  354  354  i
 355  75  355  355  i
 356  136  356  356  i
 357  153  357  357  i
 358  52  358  358  i
 359  13  359  359  i
 360  35  360  360  i
 361  51  361  361  i
 362  147  362  362  i
 363  209  363  363  i
 364  195  364  364  i
 365  172  365  365  i
 366  28  366  366  i
 367  66  367  367  i
 368  101  368  368  i
 369  179  369  369  i
 370  170  370  370  i
 371  225  371  371  i
 372  127  372  372  i
 373  150  373  373  i
 374  78  374  374  i
 375  57  375  375  i
 376  139  376  376  i
 377  110  377  377  i
 378  145  378  378  i
 379  104  379  379  i
 380  91  380  380  i
 381  42  381  381  i
 382  31  382  382  i
 383  89  383  383  i
 384  114  384  384  i
 385  100  385  385  i
 386  81  386  386  i
 387  82  387  387  i
 388  33  388  388  i
 389  20  389  389  i
 390  92  390  390  i
 391  169  391  391  i
 392  89  392  392  i
 393  94  393  393  i
 394  117  394  394  i
 395  74  395  395  i
 396  23  396  396  i
 397  93  397  397  i
 398  133  398  398  i
 399  120  399  399  i
 400  78  400  400  i
 401  102  401  401  i
 402  53  402  402  i
 403  29  403  403  i
 404  132  404  404  i
 405  133  405  405  i
 406  118  406  406  i
 407  109  407  407  i
 408  114  408  408  i
 409  84  409  409  i
 410  41  410  410  i
 411  128  411  411  i
 412  153  412  412  i
 413  138  413  413  i
 414  173  414  414  i
 415  157  415  415  i
 416  72  416  416  i
 417  34  417  417  i
 418  159  418  418  i
 419  230  419  419  i
 420  211  420  420  i
 421  170  421  421  i
 422  159  422  422  i
 423  50  423  423  i
 424  53  424  424  i
 425  191  425  425  i
 426  215  426  426  i
 427  207  427  427  i
 428  209  428  428  i
 429  143  429  429  i
 430  100  430  430  i
 431  35  431  431  i
 432  145  432  432  i
 433  200  433  433  i
 434  157  434  434  i
 435  133  435  435  i
 436  215  436  436  i
 437  59  437  437  i
 438  48  438  438  i
 439  158  439  439  i
 440  159  440  440  i
 441  151  441  441  i
 442  116  442  442  i
 443  124  443  443  i
 444  44  444  444  i
 445  21  445  445  i
 446  105  446  446  i
 447  126  447  447  i
 448  98  448  448  i
 449  98  449  449  i
 450  69  450  450  i
 451  22  451  451  i
 452  15  452  452  i
 453  73  453  453  i
 454  107  454  454  i
 455  87  455  455  i
 456  79  456  456  i
 457  27  457  457  i
 458  25  458  458  i
 459  14  459  459  i
 460  19  460  460  i
 461  83  461  461  i
 462  95  462  462  i
 463  62  463  463  i
 464  70  464  464  i
 465  14  465  465  i
 466  6  466  466  i
 467  42  467  467  i
 468  61  468  468  i
 469  33  469  469  i
 470  34  470  470  i
 471  29  471  471  i
 472  13  472  472  i
 473  4  473  473  i
 474  48  474  474  i
 475  35  475  475  i
 476  36  476  476  i
 477  11  477  477  i
 478  22  478  478  i
 479  9  479  479  i


