
# Curve 0 of 1, 269 points
# Curve title: "CFR predicted deaths"
# x y xlow xhigh type
-1  1286.94 -1 -1  i
 76  0.0354585  76  76  i
 83  0.0119707  83  83  i
 87  0.0314282  87  87  i
 89  0.0218837  89  89  i
 92  0.0193963  92  92  i
 95  0.0354585  95  95  i
 96  0.0314282  96  96  i
 97  0.0736542  97  97  i
 98  0.0619037  98  98  i
 100  0.0942847  100  100  i
 101  0.103547  101  101  i
 105  0.0418817  105  105  i
 107  0.0381957  107  107  i
 112  0.0171917  112  112  i
 113  0.0119707  113  113  i
 114  0.0135058  114  114  i
 115  0.0119707  115  115  i
 127  0.0278561  127  127  i
 135  0.0354585  135  135  i
 148  0.0354585  148  148  i
 173  0.0152377  173  173  i
 179  0.0152377  179  179  i
 180  0.0278561  180  180  i
 187  0.0193963  187  187  i
 189  0.0278561  189  189  i
 209  0.0915766  209  209  i
 215  0.0287435  215  215  i
 222  0.0152377  222  222  i
 223  0.0119707  223  223  i
 224  0.0433378  224  224  i
 225  0.0601484  225  225  i
 230  0.04128  230  230  i
 233  0.0246899  233  233  i
 239  0.0193963  239  239  i
 240  0.0278561  240  240  i
 243  0.0861547  243  243  i
 244  0.0828877  244  244  i
 245  0.0418817  245  245  i
 246  0.157253  246  246  i
 247  0.117491  247  247  i
 250  0.0474292  250  250  i
 252  0.0708479  252  252  i
 253  0.0722563  253  253  i
 254  0.0448729  254  254  i
 255  0.0742512  255  255  i
 256  0.0171917  256  256  i
 257  0.0437673  257  257  i
 258  0.0381957  258  258  i
 259  0.19808  259  259  i
 260  0.114382  260  260  i
 261  0.0880278  261  261  i
 262  0.158906  262  262  i
 263  0.0803313  263  263  i
 264  0.192213  264  264  i
 265  0.116565  265  265  i
 266  0.0994559  266  266  i
 267  0.165993  267  267  i
 268  0.161048  268  268  i
 269  0.113003  269  269  i
 271  0.0865013  271  271  i
 272  0.171963  272  272  i
 273  0.167139  273  273  i
 274  0.276707  274  274  i
 275  0.201544  275  275  i
 276  0.0864316  276  276  i
 277  0.0928335  277  277  i
 278  0.145567  278  278  i
 279  0.379561  279  279  i
 280  0.166969  280  280  i
 281  0.34669  281  281  i
 282  0.244658  282  282  i
 283  0.167987  283  283  i
 284  0.0767385  284  284  i
 285  0.400931  285  285  i
 286  0.192286  286  286  i
 287  0.426138  287  287  i
 288  0.54625  288  288  i
 289  0.673259  289  289  i
 290  0.490134  290  290  i
 291  0.251288  291  291  i
 292  0.326609  292  292  i
 293  0.970865  293  293  i
 294  0.582056  294  294  i
 295  1.04019  295  295  i
 296  1.03427  296  296  i
 297  0.486494  297  297  i
 298  0.199601  298  298  i
 299  0.896154  299  299  i
 300  0.966467  300  300  i
 301  1.10076  301  301  i
 302  1.56668  302  302  i
 303  0.981143  303  303  i
 304  0.705403  304  304  i
 305  0.371135  305  305  i
 306  0.97946  306  306  i
 307  1.41667  307  307  i
 308  2.10316  308  308  i
 309  1.68097  309  309  i
 310  2.16536  310  310  i
 311  1.4024  311  311  i
 312  0.719713  312  312  i
 313  1.06762  313  313  i
 314  1.58938  314  314  i
 315  2.25765  315  315  i
 316  1.63392  316  316  i
 317  1.54885  317  317  i
 318  0.794505  318  318  i
 319  0.211664  319  319  i
 320  0.789106  320  320  i
 321  0.906931  321  321  i
 322  1.2093  322  322  i
 323  1.09991  323  323  i
 324  1.25754  324  324  i
 325  0.380351  325  325  i
 326  0.140885  326  326  i
 327  0.866149  327  327  i
 328  0.847078  328  328  i
 329  0.830788  329  329  i
 330  1.04818  330  330  i
 331  0.604329  331  331  i
 332  0.260683  332  332  i
 333  0.0949922  333  333  i
 334  0.74625  334  334  i
 335  0.65892  335  335  i
 336  0.909841  336  336  i
 337  0.66015  337  337  i
 338  0.729201  338  338  i
 339  0.202718  339  339  i
 340  0.103916  340  340  i
 341  0.821485  341  341  i
 342  0.669572  342  342  i
 343  0.410807  343  343  i
 344  0.315166  344  344  i
 345  0.689086  345  345  i
 346  0.2038  346  346  i
 347  0.176067  347  347  i
 348  0.5213  348  348  i
 349  0.680815  349  349  i
 350  0.967015  350  350  i
 351  0.835644  351  351  i
 352  0.963952  352  352  i
 353  0.313761  353  353  i
 354  0.213563  354  354  i
 355  0.526027  355  355  i
 356  0.769739  356  356  i
 357  1.03777  357  357  i
 358  0.666321  358  358  i
 359  0.929655  359  359  i
 360  0.550158  360  360  i
 361  0.159659  361  361  i
 362  0.979883  362  362  i
 363  1.20544  363  363  i
 364  1.61093  364  364  i
 365  0.2807  365  365  i
 366  0.247885  366  366  i
 367  0.217342  367  367  i
 368  0.503163  368  368  i
 369  1.51994  369  369  i
 370  1.46797  370  370  i
 371  2.0892  371  371  i
 372  1.83122  372  372  i
 373  0.157567  373  373  i
 374  0.724044  374  374  i
 375  1.06641  375  375  i
 376  2.23538  376  376  i
 377  2.91866  377  377  i
 378  2.75826  378  378  i
 379  1.64112  379  379  i
 380  1.83135  380  380  i
 381  0.873463  381  381  i
 382  0.549575  382  382  i
 383  1.58198  383  383  i
 384  1.53779  384  384  i
 385  1.70666  385  385  i
 386  1.14493  386  386  i
 387  1.44876  387  387  i
 388  0.55592  388  388  i
 389  0.273738  389  389  i
 390  1.05865  390  390  i
 391  1.07953  391  391  i
 392  1.74912  392  392  i
 393  1.00429  393  393  i
 394  1.36471  394  394  i
 395  0.373427  395  395  i
 396  0.171785  396  396  i
 397  0.83152  397  397  i
 398  1.15885  398  398  i
 399  0.951245  399  399  i
 400  0.905118  400  400  i
 401  1.49709  401  401  i
 402  0.570173  402  402  i
 403  0.335796  403  403  i
 404  0.915203  404  404  i
 405  1.35254  405  405  i
 406  1.366  406  406  i
 407  1.07836  407  407  i
 408  1.21186  408  408  i
 409  0.728545  409  409  i
 410  0.161004  410  410  i
 411  1.48424  411  411  i
 412  1.21644  412  412  i
 413  1.38319  413  413  i
 414  0.865928  414  414  i
 415  1.29634  415  415  i
 416  0.523911  416  416  i
 417  0.444481  417  417  i
 418  1.53346  418  418  i
 419  2.05043  419  419  i
 420  1.90192  420  420  i
 421  1.63093  421  421  i
 422  2.04457  422  422  i
 423  0.94166  423  423  i
 424  0.495158  424  424  i
 425  1.54164  425  425  i
 426  2.12086  426  426  i
 427  1.98257  427  427  i
 428  2.53001  428  428  i
 429  2.02992  429  429  i
 430  0.582767  430  430  i
 431  0.709797  431  431  i
 432  1.54584  432  432  i
 433  1.90601  433  433  i
 434  2.10446  434  434  i
 435  2.15557  435  435  i
 436  1.53083  436  436  i
 437  0.979207  437  437  i
 438  0.397045  438  438  i
 439  1.79303  439  439  i
 440  2.29387  440  440  i
 441  1.91946  441  441  i
 442  1.48324  442  442  i
 443  3.49574  443  443  i
 444  0.501864  444  444  i
 445  0.287604  445  445  i
 446  1.73775  446  446  i
 447  1.70482  447  447  i
 448  1.81357  448  448  i
 449  1.20231  449  449  i
 450  1.26734  450  450  i
 451  0.64726  451  451  i
 452  0.198297  452  452  i
 453  1.38011  453  453  i
 454  1.69377  454  454  i
 455  0.833794  455  455  i
 456  0.961999  456  456  i
 457  1.04116  457  457  i
 458  0.439515  458  458  i
 459  0.107257  459  459  i
 460  0.897282  460  460  i
 461  1.20022  461  461  i
 462  1.00522  462  462  i
 463  0.907977  463  463  i
 464  0.383155  464  464  i
 465  0.271921  465  465  i
 466  0.211475  466  466  i
 467  0.149382  467  467  i
 468  0.75665  468  468  i
 469  0.932024  469  469  i
 470  0.481091  470  470  i
 471  0.592671  471  471  i
 472  0.328295  472  472  i
 473  0.135663  473  473  i
 474  0.475998  474  474  i
 475  0.790024  475  475  i
 476  0.304401  476  476  i
 477  0.350151  477  477  i
 478  0.381939  478  478  i


