
# Curve 0 of 1, 348 points
# Curve title: "daily incidence"
# x y xlow xhigh type
 69  1  69  69  i
 70  1  70  70  i
 74  2  74  74  i
 75  8  75  75  i
 76  1  76  76  i
 77  2  77  77  i
 78  3  78  78  i
 79  4  79  79  i
 80  5  80  80  i
 81  3  81  81  i
 82  11  82  82  i
 83  3  83  83  i
 84  12  84  84  i
 85  3  85  85  i
 86  6  86  86  i
 87  8  87  87  i
 88  4  88  88  i
 89  5  89  89  i
 90  26  90  90  i
 91  14  91  91  i
 92  8  92  92  i
 93  32  93  93  i
 94  16  94  94  i
 95  2  95  95  i
 96  2  96  96  i
 97  4  97  97  i
 98  20  98  98  i
 99  1  99  99  i
 100  12  100  100  i
 101  2  101  101  i
 102  6  102  102  i
 103  2  103  103  i
 105  10  105  105  i
 106  6  106  106  i
 107  3  107  107  i
 108  2  108  108  i
 109  3  109  109  i
 110  1  110  110  i
 111  2  111  111  i
 112  5  112  112  i
 114  1  114  114  i
 115  3  115  115  i
 116  3  116  116  i
 117  2  117  117  i
 118  1  118  118  i
 119  1  119  119  i
 120  1  120  120  i
 121  2  121  121  i
 126  3  126  126  i
 128  1  128  128  i
 131  1  131  131  i
 134  1  134  134  i
 136  1  136  136  i
 139  1  139  139  i
 141  1  141  141  i
 142  2  142  142  i
 148  1  148  148  i
 156  1  156  156  i
 161  3  161  161  i
 162  1  162  162  i
 165  1  165  165  i
 166  1  166  166  i
 169  1  169  169  i
 171  4  171  171  i
 172  7  172  172  i
 173  3  173  173  i
 175  1  175  175  i
 177  6  177  177  i
 178  1  178  178  i
 180  2  180  180  i
 182  1  182  182  i
 188  3  188  188  i
 190  4  190  190  i
 191  1  191  191  i
 193  2  193  193  i
 194  2  194  194  i
 195  3  195  195  i
 197  2  197  197  i
 198  4  198  198  i
 200  1  200  200  i
 201  2  201  201  i
 202  5  202  202  i
 203  1  203  203  i
 204  6  204  204  i
 205  13  205  205  i
 206  7  206  206  i
 208  15  208  208  i
 209  12  209  209  i
 210  9  210  210  i
 211  11  211  211  i
 212  8  212  212  i
 213  1  213  213  i
 214  1  214  214  i
 215  12  215  215  i
 216  6  216  216  i
 217  15  217  217  i
 218  9  218  218  i
 219  8  219  219  i
 220  3  220  220  i
 222  1  222  222  i
 223  11  223  223  i
 224  11  224  224  i
 225  15  225  225  i
 226  18  226  226  i
 227  17  227  227  i
 228  1  228  228  i
 229  3  229  229  i
 230  20  230  230  i
 231  14  231  231  i
 232  30  232  232  i
 233  25  233  233  i
 234  2  234  234  i
 236  15  236  236  i
 237  23  237  237  i
 238  12  238  238  i
 239  23  239  239  i
 240  16  240  240  i
 241  9  241  241  i
 243  10  243  243  i
 244  27  244  244  i
 245  43  245  245  i
 246  44  246  246  i
 247  33  247  247  i
 248  24  248  248  i
 249  10  249  249  i
 250  21  250  250  i
 251  50  251  251  i
 252  58  252  252  i
 253  76  253  253  i
 254  65  254  254  i
 255  115  255  255  i
 256  33  256  256  i
 257  59  257  257  i
 258  77  258  258  i
 259  70  259  259  i
 260  114  260  260  i
 261  88  261  261  i
 262  73  262  262  i
 263  11  263  263  i
 264  77  264  264  i
 265  120  265  265  i
 266  99  266  266  i
 267  105  267  267  i
 268  123  268  268  i
 269  79  269  269  i
 270  26  270  270  i
 271  67  271  271  i
 272  100  272  272  i
 273  114  273  273  i
 274  144  274  274  i
 275  164  275  275  i
 276  63  276  276  i
 277  35  277  277  i
 278  158  278  278  i
 279  101  279  279  i
 280  190  280  280  i
 281  281  281  281  i
 282  359  282  282  i
 283  154  283  283  i
 284  101  284  284  i
 285  188  285  285  i
 286  470  286  286  i
 287  387  287  287  i
 288  422  288  288  i
 289  523  289  289  i
 290  314  290  290  i
 291  109  291  291  i
 292  422  292  292  i
 293  548  293  293  i
 294  777  294  294  i
 295  763  295  295  i
 296  682  296  296  i
 297  536  297  297  i
 298  242  298  298  i
 299  580  299  299  i
 300  828  300  300  i
 301  692  301  301  i
 302  817  302  302  i
 303  884  303  303  i
 304  678  304  304  i
 305  351  305  305  i
 306  412  306  306  i
 307  684  307  307  i
 308  994  308  308  i
 309  821  309  309  i
 310  724  310  310  i
 311  365  311  311  i
 312  101  312  312  i
 313  358  313  313  i
 314  581  314  314  i
 315  600  315  315  i
 316  508  316  316  i
 317  611  317  317  i
 318  219  318  318  i
 319  73  319  319  i
 320  428  320  320  i
 321  298  321  321  i
 322  449  322  322  i
 323  510  323  323  i
 324  327  324  324  i
 325  147  325  325  i
 326  63  326  326  i
 327  369  327  327  i
 328  352  328  328  i
 329  373  329  329  i
 330  237  330  330  i
 331  268  331  331  i
 332  102  332  332  i
 333  24  333  333  i
 334  280  334  334  i
 335  284  335  335  i
 336  177  336  336  i
 337  218  337  337  i
 338  291  338  338  i
 339  122  339  339  i
 340  48  340  340  i
 341  237  341  341  i
 342  344  342  342  i
 343  353  343  343  i
 344  423  344  344  i
 345  396  345  345  i
 346  130  346  346  i
 347  85  347  347  i
 348  293  348  348  i
 349  414  349  349  i
 350  478  350  350  i
 351  401  351  351  i
 352  440  352  352  i
 353  266  353  353  i
 354  134  354  354  i
 355  375  355  355  i
 356  565  356  356  i
 357  704  357  357  i
 358  218  358  358  i
 359  70  359  359  i
 360  154  360  360  i
 361  234  361  361  i
 362  628  362  362  i
 363  866  363  363  i
 364  905  364  364  i
 365  824  365  365  i
 366  139  366  366  i
 367  267  367  367  i
 368  442  368  368  i
 369  890  369  369  i
 370  953  370  370  i
 371  1129  371  371  i
 372  759  372  372  i
 373  728  373  373  i
 374  441  374  374  i
 375  275  375  375  i
 376  681  376  376  i
 377  571  377  377  i
 378  652  378  378  i
 379  530  379  379  i
 380  584  380  380  i
 381  250  381  381  i
 382  151  382  382  i
 383  466  383  383  i
 384  512  384  384  i
 385  613  385  385  i
 386  395  386  386  i
 387  510  387  387  i
 388  162  388  388  i
 389  91  389  389  i
 390  455  390  390  i
 391  781  391  391  i
 392  459  392  392  i
 393  454  393  393  i
 394  574  394  394  i
 395  315  395  395  i
 396  99  396  396  i
 397  509  397  397  i
 398  598  398  398  i
 399  612  399  399  i
 400  420  400  400  i
 401  499  401  401  i
 402  313  402  402  i
 403  138  403  403  i
 404  634  404  404  i
 405  666  405  405  i
 406  634  406  406  i
 407  563  407  407  i
 408  604  408  408  i
 409  344  409  409  i
 410  217  410  410  i
 411  710  411  411  i
 412  782  412  412  i
 413  711  413  413  i
 414  787  414  414  i
 415  831  415  415  i
 416  349  416  416  i
 417  225  417  417  i
 418  823  418  418  i
 419  1068  419  419  i
 420  1030  420  420  i
 421  936  421  421  i
 422  883  422  422  i
 423  290  423  423  i
 424  312  424  424  i
 425  893  425  425  i
 426  1076  426  426  i
 427  1044  427  427  i
 428  887  428  428  i
 429  767  429  429  i
 430  504  430  430  i
 431  192  431  431  i
 432  813  432  432  i
 433  936  433  433  i
 434  803  434  434  i
 435  678  435  435  i
 436  1165  436  436  i
 437  309  437  437  i
 438  186  438  438  i
 439  788  439  439  i
 440  842  440  440  i
 441  715  441  441  i
 442  586  442  442  i
 443  617  443  443  i
 444  243  444  444  i
 445  150  445  445  i
 446  542  446  446  i
 447  718  447  447  i
 448  478  448  448  i
 449  507  449  449  i
 450  439  450  450  i
 451  134  451  451  i
 452  57  452  452  i
 453  416  453  453  i
 454  540  454  454  i
 455  416  455  455  i
 456  434  456  456  i
 457  223  457  457  i
 458  137  458  458  i
 459  79  459  459  i
 460  89  460  460  i
 461  427  461  461  i
 462  453  462  462  i
 463  268  463  463  i
 464  326  464  464  i
 465  73  465  465  i
 466  39  466  466  i
 467  218  467  467  i
 468  361  468  468  i
 469  178  469  469  i
 470  159  470  470  i
 471  170  471  471  i


