
# Curve 0 of 1, 146 points
# Curve title: "1st dose"
# x y xlow xhigh type
-1  148307 -1 -1  i
 365  1  365  365  i
 370  1  370  370  i
 371  1  371  371  i
 372  4  372  372  i
 373  5  373  373  i
 374  1  374  374  i
 376  4  376  376  i
 377  3  377  377  i
 378  10  378  378  i
 379  6  379  379  i
 380  8  380  380  i
 383  13  383  383  i
 384  17  384  384  i
 385  21  385  385  i
 386  6  386  386  i
 387  1  387  387  i
 390  3  390  390  i
 391  6  391  391  i
 392  3  392  392  i
 393  8  393  393  i
 394  2  394  394  i
 397  2  397  397  i
 398  1  398  398  i
 399  5  399  399  i
 400  15  400  400  i
 401  3  401  401  i
 404  43  404  404  i
 405  22  405  405  i
 406  14  406  406  i
 407  43  407  407  i
 408  17  408  408  i
 411  27  411  411  i
 412  22  412  412  i
 413  55  413  413  i
 414  46  414  414  i
 415  58  415  415  i
 416  28  416  416  i
 418  24  418  418  i
 419  10  419  419  i
 420  14  420  420  i
 421  11  421  421  i
 422  20  422  422  i
 425  42  425  425  i
 426  114  426  426  i
 427  395  427  427  i
 428  516  428  428  i
 429  485  429  429  i
 430  13  430  430  i
 431  19  431  431  i
 432  432  432  432  i
 433  505  433  433  i
 434  679  434  434  i
 435  453  435  435  i
 436  491  436  436  i
 437  104  437  437  i
 438  30  438  438  i
 439  623  439  439  i
 440  1051  440  440  i
 441  965  441  441  i
 442  1307  442  442  i
 443  959  443  443  i
 444  1038  444  444  i
 445  613  445  445  i
 446  1050  446  446  i
 447  948  447  447  i
 448  903  448  448  i
 449  850  449  449  i
 450  668  450  450  i
 451  191  451  451  i
 452  117  452  452  i
 453  904  453  453  i
 454  954  454  454  i
 455  722  455  455  i
 456  906  456  456  i
 457  294  457  457  i
 458  47  458  458  i
 459  22  459  459  i
 460  42  460  460  i
 461  181  461  461  i
 462  526  462  462  i
 463  826  463  463  i
 464  1128  464  464  i
 465  227  465  465  i
 466  118  466  466  i
 467  989  467  467  i
 468  982  468  468  i
 469  1094  469  469  i
 470  1063  470  470  i
 471  597  471  471  i
 472  372  472  472  i
 473  352  473  473  i
 474  494  474  474  i
 475  600  475  475  i
 476  500  476  476  i
 477  477  477  477  i
 478  406  478  478  i
 479  217  479  479  i
 480  202  480  480  i
 481  332  481  481  i
 482  265  482  482  i
 483  366  483  483  i
 484  316  484  484  i
 485  304  485  485  i
 486  65  486  486  i
 487  78  487  487  i
 488  390  488  488  i
 489  341  489  489  i
 490  221  490  490  i
 491  331  491  491  i
 492  184  492  492  i
 493  65  493  493  i
 494  63  494  494  i
 495  260  495  495  i
 496  337  496  496  i
 497  278  497  497  i
 498  317  498  498  i
 499  164  499  499  i
 500  48  500  500  i
 501  52  501  501  i
 502  253  502  502  i
 503  254  503  503  i
 504  213  504  504  i
 505  185  505  505  i
 506  108  506  506  i
 507  34  507  507  i
 508  33  508  508  i
 509  97  509  509  i
 510  138  510  510  i
 511  236  511  511  i
 512  221  512  512  i
 513  134  513  513  i
 514  8  514  514  i
 515  1  515  515  i
 516  95  516  516  i
 517  156  517  517  i
 518  178  518  518  i
 519  175  519  519  i
 520  103  520  520  i
 521  21  521  521  i
 522  9  522  522  i
 523  101  523  523  i
 524  134  524  524  i
 525  136  525  525  i
 526  130  526  526  i


