
# Curve 0 of 1, 368 points
# Curve title: "daily incidence"
# x y xlow xhigh type
-1  67513 -1 -1  i
 69  1  69  69  i
 70  1  70  70  i
 71  1  71  71  i
 72  3  72  72  i
 74  2  74  74  i
 75  1  75  75  i
 77  1  77  77  i
 78  5  78  78  i
 80  4  80  80  i
 81  4  81  81  i
 82  1  82  82  i
 83  1  83  83  i
 84  5  84  84  i
 86  2  86  86  i
 87  2  87  87  i
 88  4  88  88  i
 89  2  89  89  i
 90  6  90  90  i
 91  4  91  91  i
 93  3  93  93  i
 94  2  94  94  i
 95  1  95  95  i
 96  3  96  96  i
 97  1  97  97  i
 98  4  98  98  i
 99  5  99  99  i
 101  3  101  101  i
 103  2  103  103  i
 105  1  105  105  i
 106  1  106  106  i
 108  3  108  108  i
 110  5  110  110  i
 112  11  112  112  i
 116  1  116  116  i
 128  1  128  128  i
 130  1  130  130  i
 141  4  141  141  i
 143  1  143  143  i
 146  4  146  146  i
 148  2  148  148  i
 182  1  182  182  i
 185  1  185  185  i
 188  1  188  188  i
 189  1  189  189  i
 195  4  195  195  i
 197  3  197  197  i
 198  4  198  198  i
 199  2  199  199  i
 200  10  200  200  i
 203  2  203  203  i
 204  1  204  204  i
 205  3  205  205  i
 206  1  206  206  i
 208  5  208  208  i
 209  3  209  209  i
 210  5  210  210  i
 211  2  211  211  i
 213  1  213  213  i
 214  2  214  214  i
 215  1  215  215  i
 216  4  216  216  i
 217  1  217  217  i
 218  2  218  218  i
 219  3  219  219  i
 220  1  220  220  i
 222  2  222  222  i
 223  9  223  223  i
 224  7  224  224  i
 225  4  225  225  i
 226  6  226  226  i
 227  2  227  227  i
 228  1  228  228  i
 229  1  229  229  i
 230  12  230  230  i
 231  1  231  231  i
 232  2  232  232  i
 233  3  233  233  i
 236  1  236  236  i
 237  7  237  237  i
 238  9  238  238  i
 239  3  239  239  i
 240  2  240  240  i
 241  8  241  241  i
 243  2  243  243  i
 244  4  244  244  i
 245  6  245  245  i
 246  4  246  246  i
 247  6  247  247  i
 248  6  248  248  i
 249  1  249  249  i
 250  5  250  250  i
 251  10  251  251  i
 252  15  252  252  i
 253  31  253  253  i
 254  34  254  254  i
 255  37  255  255  i
 256  9  256  256  i
 257  8  257  257  i
 258  38  258  258  i
 259  78  259  259  i
 260  95  260  260  i
 261  32  261  261  i
 262  52  262  262  i
 263  27  263  263  i
 264  18  264  264  i
 265  34  265  265  i
 266  41  266  266  i
 267  62  267  267  i
 268  71  268  268  i
 269  42  269  269  i
 270  33  270  270  i
 271  73  271  271  i
 272  58  272  272  i
 273  61  273  273  i
 274  63  274  274  i
 275  90  275  275  i
 276  49  276  276  i
 277  29  277  277  i
 278  76  278  278  i
 279  98  279  279  i
 280  112  280  280  i
 281  122  281  281  i
 282  189  282  282  i
 283  97  283  283  i
 284  96  284  284  i
 285  74  285  285  i
 286  131  286  286  i
 287  199  287  287  i
 288  201  288  288  i
 289  211  289  289  i
 290  194  290  290  i
 291  112  291  291  i
 292  165  292  292  i
 293  204  293  293  i
 294  281  294  294  i
 295  253  295  295  i
 296  291  296  296  i
 297  275  297  297  i
 298  187  298  298  i
 299  169  299  299  i
 300  279  300  300  i
 301  258  301  301  i
 302  196  302  302  i
 303  255  303  303  i
 304  225  304  304  i
 305  130  305  305  i
 306  151  306  306  i
 307  212  307  307  i
 308  274  308  308  i
 309  203  309  309  i
 310  193  310  310  i
 311  101  311  311  i
 312  97  312  312  i
 313  127  313  313  i
 314  126  314  314  i
 315  144  315  315  i
 316  119  316  316  i
 317  87  317  317  i
 318  76  318  318  i
 319  56  319  319  i
 320  89  320  320  i
 321  95  321  321  i
 322  74  322  322  i
 323  110  323  323  i
 324  86  324  324  i
 325  59  325  325  i
 326  52  326  326  i
 327  66  327  327  i
 328  103  328  328  i
 329  83  329  329  i
 330  76  330  330  i
 331  86  331  331  i
 332  74  332  332  i
 333  27  333  333  i
 334  44  334  334  i
 335  81  335  335  i
 336  71  336  336  i
 337  57  337  337  i
 338  92  338  338  i
 339  84  339  339  i
 340  30  340  340  i
 341  67  341  341  i
 342  120  342  342  i
 343  108  343  343  i
 344  109  344  344  i
 345  129  345  345  i
 346  87  346  346  i
 347  78  347  347  i
 348  74  348  348  i
 349  174  349  349  i
 350  166  350  350  i
 351  127  351  351  i
 352  176  352  352  i
 353  96  353  353  i
 354  92  354  354  i
 355  122  355  355  i
 356  179  356  356  i
 357  251  357  357  i
 358  63  358  358  i
 359  51  359  359  i
 360  76  360  360  i
 361  75  361  361  i
 362  125  362  362  i
 363  260  363  363  i
 364  264  364  364  i
 365  220  365  365  i
 366  79  366  366  i
 367  81  367  367  i
 368  87  368  368  i
 369  194  369  369  i
 370  323  370  370  i
 371  234  371  371  i
 372  237  372  372  i
 373  189  373  373  i
 374  123  374  374  i
 375  105  375  375  i
 376  146  376  376  i
 377  201  377  377  i
 378  150  378  378  i
 379  113  379  379  i
 380  124  380  380  i
 381  94  381  381  i
 382  39  382  382  i
 383  70  383  383  i
 384  120  384  384  i
 385  107  385  385  i
 386  47  386  386  i
 387  106  387  387  i
 388  64  388  388  i
 389  50  389  389  i
 390  78  390  390  i
 391  117  391  391  i
 392  85  392  392  i
 393  59  393  393  i
 394  60  394  394  i
 395  53  395  395  i
 396  29  396  396  i
 397  60  397  397  i
 398  68  398  398  i
 399  62  399  399  i
 400  71  400  400  i
 401  67  401  401  i
 402  46  402  402  i
 403  24  403  403  i
 404  43  404  404  i
 405  84  405  405  i
 406  56  406  406  i
 407  57  407  407  i
 408  51  408  408  i
 409  44  409  409  i
 410  27  410  410  i
 411  48  411  411  i
 412  81  412  412  i
 413  69  413  413  i
 414  89  414  414  i
 415  65  415  415  i
 416  75  416  416  i
 417  52  417  417  i
 418  59  418  418  i
 419  119  419  419  i
 420  118  420  420  i
 421  95  421  421  i
 422  99  422  422  i
 423  98  423  423  i
 424  44  424  424  i
 425  65  425  425  i
 426  107  426  426  i
 427  138  427  427  i
 428  114  428  428  i
 429  85  429  429  i
 430  109  430  430  i
 431  54  431  431  i
 432  73  432  432  i
 433  109  433  433  i
 434  134  434  434  i
 435  82  435  435  i
 436  141  436  436  i
 437  94  437  437  i
 438  41  438  438  i
 439  80  439  439  i
 440  162  440  440  i
 441  125  441  441  i
 442  100  442  442  i
 443  85  443  443  i
 444  92  444  444  i
 445  28  445  445  i
 446  60  446  446  i
 447  150  447  447  i
 448  118  448  448  i
 449  101  449  449  i
 450  103  450  450  i
 451  74  451  451  i
 452  56  452  452  i
 453  54  453  453  i
 454  152  454  454  i
 455  86  455  455  i
 456  128  456  456  i
 457  69  457  457  i
 458  53  458  458  i
 459  35  459  459  i
 460  28  460  460  i
 461  47  461  461  i
 462  124  462  462  i
 463  83  463  463  i
 464  89  464  464  i
 465  71  465  465  i
 466  36  466  466  i
 467  53  467  467  i
 468  123  468  468  i
 469  62  469  469  i
 470  85  470  470  i
 471  67  471  471  i
 472  64  472  472  i
 473  44  473  473  i
 474  63  474  474  i
 475  81  475  475  i
 476  93  476  476  i
 477  78  477  477  i
 478  81  478  478  i
 479  52  479  479  i
 480  31  480  480  i
 481  48  481  481  i
 482  63  482  482  i
 483  70  483  483  i
 484  71  484  484  i
 485  44  485  485  i
 486  52  486  486  i
 487  2  487  487  i
 488  53  488  488  i
 489  66  489  489  i
 490  50  490  490  i
 491  44  491  491  i
 492  35  492  492  i
 493  32  493  493  i
 494  7  494  494  i
 495  25  495  495  i
 496  50  496  496  i
 497  29  497  497  i
 498  35  498  498  i
 499  18  499  499  i
 500  20  500  500  i
 501  4  501  501  i
 502  23  502  502  i
 503  24  503  503  i
 504  16  504  504  i
 505  26  505  505  i
 506  12  506  506  i
 507  16  507  507  i
 508  3  508  508  i
 509  26  509  509  i
 510  27  510  510  i
 511  6  511  511  i
 512  11  512  512  i
 513  13  513  513  i
 514  12  514  514  i
 515  2  515  515  i
 516  16  516  516  i
 517  24  517  517  i
 518  9  518  518  i
 519  8  519  519  i
 520  10  520  520  i
 521  3  521  521  i
 523  6  523  523  i
 524  10  524  524  i
 525  10  525  525  i
 526  7  526  526  i


