
# Curve 0 of 1, 293 points
# Curve title: "daily incidence"
# x y xlow xhigh type
-1  75119 -1 -1  i
 72  2  72  72  i
 76  1  76  76  i
 77  2  77  77  i
 78  2  78  78  i
 80  3  80  80  i
 84  2  84  84  i
 85  1  85  85  i
 86  1  86  86  i
 87  1  87  87  i
 90  4  90  90  i
 93  13  93  93  i
 96  1  96  96  i
 98  1  98  98  i
 99  1  99  99  i
 100  1  100  100  i
 101  1  101  101  i
 105  1  105  105  i
 109  1  109  109  i
 110  1  110  110  i
 112  2  112  112  i
 113  1  113  113  i
 119  1  119  119  i
 137  1  137  137  i
 141  1  141  141  i
 174  1  174  174  i
 184  1  184  184  i
 188  1  188  188  i
 191  1  191  191  i
 195  1  195  195  i
 196  1  196  196  i
 197  2  197  197  i
 198  2  198  198  i
 202  2  202  202  i
 204  1  204  204  i
 205  2  205  205  i
 206  1  206  206  i
 211  1  211  211  i
 213  2  213  213  i
 216  2  216  216  i
 217  2  217  217  i
 219  2  219  219  i
 220  1  220  220  i
 222  2  222  222  i
 223  4  223  223  i
 224  1  224  224  i
 225  3  225  225  i
 226  2  226  226  i
 227  3  227  227  i
 229  1  229  229  i
 230  6  230  230  i
 232  1  232  232  i
 234  2  234  234  i
 236  3  236  236  i
 237  1  237  237  i
 238  2  238  238  i
 240  2  240  240  i
 241  3  241  241  i
 242  1  242  242  i
 243  1  243  243  i
 244  4  244  244  i
 245  1  245  245  i
 246  4  246  246  i
 247  7  247  247  i
 248  2  248  248  i
 250  3  250  250  i
 251  3  251  251  i
 252  6  252  252  i
 253  19  253  253  i
 254  7  254  254  i
 255  9  255  255  i
 256  4  256  256  i
 257  7  257  257  i
 258  14  258  258  i
 259  18  259  259  i
 260  26  260  260  i
 261  10  261  261  i
 262  11  262  262  i
 263  10  263  263  i
 264  4  264  264  i
 265  14  265  265  i
 266  12  266  266  i
 267  9  267  267  i
 268  26  268  268  i
 269  20  269  269  i
 270  3  270  270  i
 271  10  271  271  i
 272  18  272  272  i
 273  26  273  273  i
 274  34  274  274  i
 275  43  275  275  i
 276  37  276  276  i
 277  9  277  277  i
 278  26  278  278  i
 279  40  279  279  i
 280  52  280  280  i
 281  68  281  281  i
 282  90  282  282  i
 283  40  283  283  i
 284  52  284  284  i
 285  45  285  285  i
 286  77  286  286  i
 287  107  287  287  i
 288  116  288  288  i
 289  129  289  289  i
 290  117  290  290  i
 291  73  291  291  i
 292  94  292  292  i
 293  142  293  293  i
 294  169  294  294  i
 295  160  295  295  i
 296  173  296  296  i
 297  178  297  297  i
 298  83  298  298  i
 299  79  299  299  i
 300  182  300  300  i
 301  143  301  301  i
 302  114  302  302  i
 303  148  303  303  i
 304  131  304  304  i
 305  61  305  305  i
 306  75  306  306  i
 307  132  307  307  i
 308  147  308  308  i
 309  127  309  309  i
 310  96  310  310  i
 311  67  311  311  i
 312  46  312  312  i
 313  64  313  313  i
 314  72  314  314  i
 315  67  315  315  i
 316  60  316  316  i
 317  53  317  317  i
 318  45  318  318  i
 319  18  319  319  i
 320  52  320  320  i
 321  53  321  321  i
 322  22  322  322  i
 323  55  323  323  i
 324  52  324  324  i
 325  30  325  325  i
 326  20  326  326  i
 327  33  327  327  i
 328  61  328  328  i
 329  53  329  329  i
 330  25  330  330  i
 331  50  331  331  i
 332  28  332  332  i
 333  13  333  333  i
 334  43  334  334  i
 335  46  335  335  i
 336  53  336  336  i
 337  32  337  337  i
 338  36  338  338  i
 339  41  339  339  i
 340  10  340  340  i
 341  34  341  341  i
 342  62  342  342  i
 343  63  343  343  i
 344  66  344  344  i
 345  69  345  345  i
 346  41  346  346  i
 347  35  347  347  i
 348  43  348  348  i
 349  84  349  349  i
 350  76  350  350  i
 351  59  351  351  i
 352  84  352  352  i
 353  71  353  353  i
 354  55  354  354  i
 355  75  355  355  i
 356  112  356  356  i
 357  163  357  357  i
 358  40  358  358  i
 359  36  359  359  i
 360  48  360  360  i
 361  34  361  361  i
 362  74  362  362  i
 363  170  363  363  i
 364  159  364  364  i
 365  145  365  365  i
 366  38  366  366  i
 367  67  367  367  i
 368  62  368  368  i
 369  123  369  369  i
 370  177  370  370  i
 371  155  371  371  i
 372  143  372  372  i
 373  127  373  373  i
 374  50  374  374  i
 375  57  375  375  i
 376  71  376  376  i
 377  97  377  377  i
 378  68  378  378  i
 379  58  379  379  i
 380  64  380  380  i
 381  47  381  381  i
 382  18  382  382  i
 383  45  383  383  i
 384  80  384  384  i
 385  47  385  385  i
 386  33  386  386  i
 387  70  387  387  i
 388  33  388  388  i
 389  14  389  389  i
 390  54  390  390  i
 391  61  391  391  i
 392  38  392  392  i
 393  43  393  393  i
 394  53  394  394  i
 395  26  395  395  i
 396  11  396  396  i
 397  27  397  397  i
 398  47  398  398  i
 399  31  399  399  i
 400  43  400  400  i
 401  39  401  401  i
 402  34  402  402  i
 403  14  403  403  i
 404  22  404  404  i
 405  41  405  405  i
 406  37  406  406  i
 407  27  407  407  i
 408  36  408  408  i
 409  21  409  409  i
 410  14  410  410  i
 411  42  411  411  i
 412  46  412  412  i
 413  46  413  413  i
 414  48  414  414  i
 415  44  415  415  i
 416  24  416  416  i
 417  9  417  417  i
 418  43  418  418  i
 419  63  419  419  i
 420  57  420  420  i
 421  63  421  421  i
 422  52  422  422  i
 423  54  423  423  i
 424  14  424  424  i
 425  46  425  425  i
 426  72  426  426  i
 427  59  427  427  i
 428  55  428  428  i
 429  40  429  429  i
 430  66  430  430  i
 431  26  431  431  i
 432  40  432  432  i
 433  84  433  433  i
 434  71  434  434  i
 435  64  435  435  i
 436  84  436  436  i
 437  52  437  437  i
 438  13  438  438  i
 439  43  439  439  i
 440  84  440  440  i
 441  59  441  441  i
 442  54  442  442  i
 443  55  443  443  i
 444  27  444  444  i
 445  29  445  445  i
 446  27  446  446  i
 447  65  447  447  i
 448  64  448  448  i
 449  49  449  449  i
 450  52  450  450  i
 451  36  451  451  i
 452  11  452  452  i
 453  46  453  453  i
 454  87  454  454  i
 455  78  455  455  i
 456  60  456  456  i
 457  34  457  457  i
 458  21  458  458  i
 459  16  459  459  i
 460  7  460  460  i
 461  30  461  461  i
 462  65  462  462  i
 463  68  463  463  i
 464  51  464  464  i
 465  29  465  465  i
 466  11  466  466  i
 467  19  467  467  i
 468  52  468  468  i
 469  41  469  469  i
 470  37  470  470  i
 471  41  471  471  i
 472  33  472  472  i
 473  15  473  473  i
 474  35  474  474  i
 475  39  475  475  i
 476  54  476  476  i


