
# Curve 0 of 1, 227 points
# Curve title: "reported deaths"
# x y xlow xhigh type
 98  1  98  98  i
 114  1  114  114  i
 133  1  133  133  i
 155  1  155  155  i
 216  1  216  216  i
 253  1  253  253  i
 254  1  254  254  i
 256  1  256  256  i
 257  1  257  257  i
 259  1  259  259  i
 260  1  260  260  i
 261  1  261  261  i
 262  1  262  262  i
 263  1  263  263  i
 264  2  264  264  i
 265  1  265  265  i
 267  3  267  267  i
 268  1  268  268  i
 269  1  269  269  i
 274  2  274  274  i
 275  1  275  275  i
 276  1  276  276  i
 277  1  277  277  i
 278  3  278  278  i
 279  2  279  279  i
 280  3  280  280  i
 281  2  281  281  i
 282  6  282  282  i
 283  4  283  283  i
 284  2  284  284  i
 285  1  285  285  i
 286  6  286  286  i
 287  2  287  287  i
 288  2  288  288  i
 289  4  289  289  i
 290  7  290  290  i
 291  6  291  291  i
 292  6  292  292  i
 293  7  293  293  i
 294  5  294  294  i
 295  12  295  295  i
 296  9  296  296  i
 297  15  297  297  i
 298  13  298  298  i
 299  14  299  299  i
 300  17  300  300  i
 301  8  301  301  i
 302  10  302  302  i
 303  15  303  303  i
 304  17  304  304  i
 305  17  305  305  i
 306  14  306  306  i
 307  19  307  307  i
 308  12  308  308  i
 309  19  309  309  i
 310  15  310  310  i
 311  14  311  311  i
 312  9  312  312  i
 313  7  313  313  i
 314  12  314  314  i
 315  14  315  315  i
 316  16  316  316  i
 317  16  317  317  i
 318  14  318  318  i
 319  15  319  319  i
 320  12  320  320  i
 321  9  321  321  i
 322  11  322  322  i
 323  4  323  323  i
 324  7  324  324  i
 325  9  325  325  i
 326  11  326  326  i
 327  6  327  327  i
 328  6  328  328  i
 329  6  329  329  i
 330  6  330  330  i
 331  8  331  331  i
 332  6  332  332  i
 333  8  333  333  i
 334  13  334  334  i
 335  6  335  335  i
 336  14  336  336  i
 337  4  337  337  i
 338  3  338  338  i
 339  7  339  339  i
 340  2  340  340  i
 341  5  341  341  i
 342  12  342  342  i
 343  8  343  343  i
 344  7  344  344  i
 345  8  345  345  i
 346  5  346  346  i
 347  10  347  347  i
 348  10  348  348  i
 349  10  349  349  i
 350  8  350  350  i
 351  11  351  351  i
 352  9  352  352  i
 353  9  353  353  i
 354  7  354  354  i
 355  5  355  355  i
 356  7  356  356  i
 357  18  357  357  i
 358  12  358  358  i
 359  10  359  359  i
 360  12  360  360  i
 361  6  361  361  i
 362  10  362  362  i
 363  8  363  363  i
 364  10  364  364  i
 365  8  365  365  i
 366  11  366  366  i
 367  15  367  367  i
 368  8  368  368  i
 369  10  369  369  i
 370  18  370  370  i
 371  11  371  371  i
 372  9  372  372  i
 373  15  373  373  i
 374  15  374  374  i
 375  11  375  375  i
 376  10  376  376  i
 377  9  377  377  i
 378  11  378  378  i
 379  5  379  379  i
 380  8  380  380  i
 381  9  381  381  i
 382  7  382  382  i
 383  8  383  383  i
 384  6  384  384  i
 385  6  385  385  i
 386  5  386  386  i
 387  7  387  387  i
 388  4  388  388  i
 389  6  389  389  i
 390  6  390  390  i
 391  5  391  391  i
 392  5  392  392  i
 393  6  393  393  i
 394  9  394  394  i
 395  4  395  395  i
 396  7  396  396  i
 397  5  397  397  i
 398  2  398  398  i
 399  5  399  399  i
 400  2  400  400  i
 401  2  401  401  i
 402  4  402  402  i
 403  5  403  403  i
 404  2  404  404  i
 405  5  405  405  i
 406  4  406  406  i
 407  1  407  407  i
 408  3  408  408  i
 409  2  409  409  i
 410  2  410  410  i
 411  2  411  411  i
 412  4  412  412  i
 413  3  413  413  i
 414  6  414  414  i
 415  5  415  415  i
 416  6  416  416  i
 417  4  417  417  i
 418  5  418  418  i
 419  7  419  419  i
 420  7  420  420  i
 421  6  421  421  i
 422  4  422  422  i
 423  4  423  423  i
 424  3  424  424  i
 425  3  425  425  i
 426  5  426  426  i
 427  8  427  427  i
 428  4  428  428  i
 429  9  429  429  i
 430  5  430  430  i
 431  4  431  431  i
 432  7  432  432  i
 433  7  433  433  i
 434  2  434  434  i
 435  2  435  435  i
 436  5  436  436  i
 437  7  437  437  i
 438  6  438  438  i
 439  8  439  439  i
 440  6  440  440  i
 441  4  441  441  i
 442  7  442  442  i
 443  4  443  443  i
 444  3  444  444  i
 445  3  445  445  i
 446  7  446  446  i
 447  5  447  447  i
 448  9  448  448  i
 449  6  449  449  i
 450  5  450  450  i
 451  7  451  451  i
 452  2  452  452  i
 453  8  453  453  i
 454  5  454  454  i
 455  6  455  455  i
 456  11  456  456  i
 457  4  457  457  i
 458  3  458  458  i
 459  5  459  459  i
 460  10  460  460  i
 461  9  461  461  i
 462  10  462  462  i
 463  9  463  463  i
 464  5  464  464  i
 465  9  465  465  i
 466  4  466  466  i
 467  5  467  467  i
 468  3  468  468  i
 469  6  469  469  i
 470  3  470  470  i
 471  1  471  471  i
 472  2  472  472  i
 473  8  473  473  i
 474  7  474  474  i
 475  5  475  475  i
 476  5  476  476  i
 477  1  477  477  i
 478  9  478  478  i
 479  3  479  479  i
 480  4  480  480  i


