
# Curve 0 of 1, 153 points
# Curve title: "2nd dose"
# x y xlow xhigh type
-1  79869 -1 -1  i
 366  0  366  366  i
 371  0  371  371  i
 373  0  373  373  i
 376  0  376  376  i
 377  0  377  377  i
 378  0  378  378  i
 379  0  379  379  i
 380  0  380  380  i
 381  0  381  381  i
 382  0  382  382  i
 383  0  383  383  i
 384  0  384  384  i
 385  0  385  385  i
 386  0  386  386  i
 387  0  387  387  i
 388  0  388  388  i
 389  0  389  389  i
 390  0  390  390  i
 391  0  391  391  i
 392  1  392  392  i
 393  0  393  393  i
 394  4  394  394  i
 397  2  397  397  i
 398  2  398  398  i
 399  0  399  399  i
 400  7  400  400  i
 401  16  401  401  i
 403  93  403  403  i
 404  175  404  404  i
 405  65  405  405  i
 406  217  406  406  i
 407  308  407  407  i
 408  199  408  408  i
 409  60  409  409  i
 410  62  410  410  i
 411  162  411  411  i
 412  153  412  412  i
 413  134  413  413  i
 414  209  414  414  i
 415  315  415  415  i
 416  0  416  416  i
 417  0  417  417  i
 418  259  418  418  i
 419  135  419  419  i
 420  232  420  420  i
 421  180  421  421  i
 422  54  422  422  i
 423  0  423  423  i
 424  7  424  424  i
 425  113  425  425  i
 426  106  426  426  i
 427  147  427  427  i
 428  136  428  428  i
 429  273  429  429  i
 430  0  430  430  i
 431  0  431  431  i
 432  115  432  432  i
 433  221  433  433  i
 434  207  434  434  i
 435  170  435  435  i
 436  138  436  436  i
 437  0  437  437  i
 438  0  438  438  i
 439  260  439  439  i
 440  335  440  440  i
 441  320  441  441  i
 442  302  442  442  i
 443  384  443  443  i
 444  59  444  444  i
 445  59  445  445  i
 446  289  446  446  i
 447  370  447  447  i
 448  325  448  448  i
 449  302  449  449  i
 450  356  450  450  i
 451  56  451  451  i
 452  48  452  452  i
 453  216  453  453  i
 454  273  454  454  i
 455  254  455  455  i
 456  305  456  456  i
 457  7  457  457  i
 458  96  458  458  i
 459  99  459  459  i
 460  109  460  460  i
 461  132  461  461  i
 462  168  462  462  i
 463  119  463  463  i
 464  167  464  464  i
 465  29  465  465  i
 466  33  466  466  i
 467  79  467  467  i
 468  132  468  468  i
 469  121  469  469  i
 470  194  470  470  i
 471  156  471  471  i
 472  29  472  472  i
 473  26  473  473  i
 474  176  474  474  i
 475  122  475  475  i
 476  144  476  476  i
 477  123  477  477  i
 478  58  478  478  i
 479  26  479  479  i
 480  17  480  480  i
 481  65  481  481  i
 482  53  482  482  i
 483  94  483  483  i
 484  106  484  484  i
 485  56  485  485  i
 486  26  486  486  i
 487  17  487  487  i
 488  32  488  488  i
 489  100  489  489  i
 490  207  490  490  i
 491  157  491  491  i
 492  167  492  492  i
 493  1  493  493  i
 494  6  494  494  i
 495  97  495  495  i
 496  246  496  496  i
 497  265  497  497  i
 498  257  498  498  i
 499  245  499  499  i
 500  20  500  500  i
 501  2  501  501  i
 502  114  502  502  i
 503  271  503  503  i
 504  136  504  504  i
 505  389  505  505  i
 506  137  506  506  i
 507  6  507  507  i
 508  3  508  508  i
 509  204  509  509  i
 510  341  510  510  i
 511  353  511  511  i
 512  434  512  512  i
 513  190  513  513  i
 514  6  514  514  i
 515  10  515  515  i
 516  149  516  516  i
 517  234  517  517  i
 518  336  518  518  i
 519  442  519  519  i
 520  191  520  520  i
 521  31  521  521  i
 522  7  522  522  i
 523  131  523  523  i
 524  212  524  524  i
 525  146  525  525  i
 526  157  526  526  i


