
# Curve 0 of 1, 157 points
# Curve title: "1st dose"
# x y xlow xhigh type
 366  1  366  366  i
 369  256  369  369  i
 370  341  370  370  i
 371  365  371  371  i
 372  374  372  372  i
 373  327  373  373  i
 374  98  374  374  i
 375  103  375  375  i
 376  432  376  376  i
 377  419  377  377  i
 378  649  378  378  i
 379  594  379  379  i
 380  609  380  380  i
 381  152  381  381  i
 382  150  382  382  i
 383  518  383  383  i
 384  216  384  384  i
 385  135  385  385  i
 386  940  386  386  i
 387  1100  387  387  i
 388  61  388  388  i
 389  66  389  389  i
 390  852  390  390  i
 391  778  391  391  i
 392  706  392  392  i
 393  438  393  393  i
 394  224  394  394  i
 397  153  397  397  i
 398  245  398  398  i
 399  376  399  399  i
 400  268  400  400  i
 401  505  401  401  i
 403  25  403  403  i
 404  244  404  404  i
 405  294  405  405  i
 406  351  406  406  i
 407  377  407  407  i
 408  287  408  408  i
 409  0  409  409  i
 410  2  410  410  i
 411  358  411  411  i
 412  666  412  412  i
 413  725  413  413  i
 414  827  414  414  i
 415  650  415  415  i
 416  83  416  416  i
 417  60  417  417  i
 418  352  418  418  i
 419  541  419  419  i
 420  563  420  420  i
 421  870  421  421  i
 422  976  422  422  i
 423  63  423  423  i
 424  70  424  424  i
 425  1173  425  425  i
 426  1081  426  426  i
 427  1358  427  427  i
 428  1706  428  428  i
 429  1004  429  429  i
 430  222  430  430  i
 431  184  431  431  i
 432  1261  432  432  i
 433  1296  433  433  i
 434  1650  434  434  i
 435  1621  435  435  i
 436  1189  436  436  i
 437  409  437  437  i
 438  332  438  438  i
 439  989  439  439  i
 440  1600  440  440  i
 441  1889  441  441  i
 442  2133  442  442  i
 443  1834  443  443  i
 444  484  444  444  i
 445  393  445  445  i
 446  2030  446  446  i
 447  2193  447  447  i
 448  2302  448  448  i
 449  2028  449  449  i
 450  1611  450  450  i
 451  541  451  451  i
 452  501  452  452  i
 453  1428  453  453  i
 454  1683  454  454  i
 455  2227  455  455  i
 456  2264  456  456  i
 457  399  457  457  i
 458  287  458  458  i
 459  237  459  459  i
 460  197  460  460  i
 461  1640  461  461  i
 462  2068  462  462  i
 463  2617  463  463  i
 464  2442  464  464  i
 465  1095  465  465  i
 466  621  466  466  i
 467  1994  467  467  i
 468  2139  468  468  i
 469  2370  469  469  i
 470  2569  470  470  i
 471  2126  471  471  i
 472  446  472  472  i
 473  347  473  473  i
 474  2043  474  474  i
 475  2024  475  475  i
 476  1992  476  476  i
 477  2358  477  477  i
 478  2547  478  478  i
 479  393  479  479  i
 480  425  480  480  i
 481  2704  481  481  i
 482  2501  482  482  i
 483  2586  483  483  i
 484  2775  484  484  i
 485  2533  485  485  i
 486  1143  486  486  i
 487  1046  487  487  i
 488  3589  488  488  i
 489  3645  489  489  i
 490  3530  490  490  i
 491  3583  491  491  i
 492  3812  492  492  i
 493  2288  493  493  i
 494  1324  494  494  i
 495  4504  495  495  i
 496  4563  496  496  i
 497  4559  497  497  i
 498  4762  498  498  i
 499  4883  499  499  i
 500  2397  500  500  i
 501  1458  501  501  i
 502  4658  502  502  i
 503  4443  503  503  i
 504  4306  504  504  i
 505  4436  505  505  i
 506  4319  506  506  i
 507  2092  507  507  i
 508  1193  508  508  i
 509  2819  509  509  i
 510  2933  510  510  i
 511  3430  511  511  i
 512  3368  512  512  i
 513  3398  513  513  i
 514  1921  514  514  i
 515  1124  515  515  i
 516  3099  516  516  i
 517  3454  517  517  i
 518  3503  518  518  i
 519  3368  519  519  i
 520  3439  520  520  i
 521  2644  521  521  i
 522  1862  522  522  i
 523  2703  523  523  i
 524  2840  524  524  i
 525  2449  525  525  i
 526  2224  526  526  i


