
# Curve 0 of 1, 402 points
# Curve title: "daily incidence"
# x y xlow xhigh type
-1  132440 -1 -1  i
 60  1  60  60  i
 65  2  65  65  i
 68  2  68  68  i
 69  1  69  69  i
 70  1  70  70  i
 71  5  71  71  i
 72  3  72  72  i
 73  5  73  73  i
 74  10  74  74  i
 75  5  75  75  i
 76  3  76  76  i
 77  12  77  77  i
 78  24  78  78  i
 79  11  79  79  i
 80  20  80  80  i
 81  5  81  81  i
 82  8  82  82  i
 83  13  83  83  i
 84  11  84  84  i
 85  17  85  85  i
 86  14  86  86  i
 87  21  87  87  i
 88  10  88  88  i
 89  10  89  89  i
 90  15  90  90  i
 91  15  91  91  i
 92  25  92  92  i
 93  16  93  93  i
 94  5  94  94  i
 95  12  95  95  i
 96  9  96  96  i
 97  6  97  97  i
 98  13  98  98  i
 99  7  99  99  i
 100  12  100  100  i
 101  3  101  101  i
 102  3  102  102  i
 103  1  103  103  i
 104  3  104  104  i
 105  10  105  105  i
 106  2  106  106  i
 107  4  107  107  i
 108  6  108  108  i
 109  3  109  109  i
 110  8  110  110  i
 111  1  111  111  i
 112  6  112  112  i
 113  2  113  113  i
 114  4  114  114  i
 115  2  115  115  i
 117  2  117  117  i
 118  2  118  118  i
 119  2  119  119  i
 120  3  120  120  i
 121  6  121  121  i
 122  1  122  122  i
 124  2  124  124  i
 125  3  125  125  i
 126  2  126  126  i
 127  3  127  127  i
 128  3  128  128  i
 129  2  129  129  i
 130  4  130  130  i
 131  2  131  131  i
 132  4  132  132  i
 133  7  133  133  i
 135  7  135  135  i
 136  4  136  136  i
 137  5  137  137  i
 138  9  138  138  i
 139  4  139  139  i
 140  5  140  140  i
 141  1  141  141  i
 142  8  142  142  i
 143  1  143  143  i
 144  2  144  144  i
 146  2  146  146  i
 147  4  147  147  i
 148  1  148  148  i
 149  2  149  149  i
 150  3  150  150  i
 151  1  151  151  i
 152  1  152  152  i
 153  7  153  153  i
 154  9  154  154  i
 155  2  155  155  i
 157  2  157  157  i
 158  1  158  158  i
 159  3  159  159  i
 160  2  160  160  i
 161  2  161  161  i
 162  3  162  162  i
 163  3  163  163  i
 164  6  164  164  i
 165  4  165  165  i
 166  2  166  166  i
 167  2  167  167  i
 169  8  169  169  i
 170  8  170  170  i
 171  1  171  171  i
 172  4  172  172  i
 173  2  173  173  i
 174  5  174  174  i
 175  6  175  175  i
 176  4  176  176  i
 177  2  177  177  i
 178  3  178  178  i
 179  3  179  179  i
 181  3  181  181  i
 182  1  182  182  i
 183  7  183  183  i
 184  3  184  184  i
 186  3  186  186  i
 187  3  187  187  i
 188  3  188  188  i
 189  6  189  189  i
 190  4  190  190  i
 191  5  191  191  i
 192  2  192  192  i
 193  1  193  193  i
 194  6  194  194  i
 195  3  195  195  i
 196  9  196  196  i
 197  9  197  197  i
 198  4  198  198  i
 199  12  199  199  i
 200  15  200  200  i
 201  16  201  201  i
 202  40  202  202  i
 203  36  203  203  i
 204  24  204  204  i
 205  58  205  205  i
 206  25  206  206  i
 207  13  207  207  i
 208  22  208  208  i
 209  30  209  209  i
 210  34  210  210  i
 211  25  211  211  i
 212  30  212  212  i
 213  19  213  213  i
 214  12  214  214  i
 215  20  215  215  i
 216  39  216  216  i
 217  20  217  217  i
 218  20  218  218  i
 219  36  219  219  i
 220  24  220  220  i
 221  16  221  221  i
 222  29  222  222  i
 223  36  223  223  i
 224  31  224  224  i
 225  38  225  225  i
 226  30  226  226  i
 227  14  227  227  i
 228  12  228  228  i
 229  16  229  229  i
 230  25  230  230  i
 231  43  231  231  i
 232  25  232  232  i
 233  58  233  233  i
 234  35  234  234  i
 235  15  235  235  i
 236  31  236  236  i
 237  24  237  237  i
 238  48  238  238  i
 239  38  239  239  i
 240  60  240  240  i
 241  26  241  241  i
 242  56  242  242  i
 243  17  243  243  i
 244  54  244  244  i
 245  64  245  245  i
 246  74  246  246  i
 247  78  247  247  i
 248  43  248  248  i
 249  65  249  249  i
 250  52  250  250  i
 251  153  251  251  i
 252  105  252  252  i
 253  137  253  253  i
 254  128  254  254  i
 255  189  255  255  i
 256  111  256  256  i
 257  118  257  257  i
 258  127  258  258  i
 259  186  259  259  i
 260  298  260  260  i
 261  185  261  261  i
 262  166  262  262  i
 263  85  263  263  i
 264  109  264  264  i
 265  199  265  265  i
 266  147  266  266  i
 267  192  267  267  i
 268  219  268  268  i
 269  187  269  269  i
 270  168  270  270  i
 271  110  271  271  i
 272  144  272  272  i
 273  178  273  273  i
 274  235  274  274  i
 275  196  275  275  i
 276  151  276  276  i
 277  181  277  277  i
 278  122  278  278  i
 279  273  279  279  i
 280  329  280  280  i
 281  228  281  281  i
 282  444  282  282  i
 283  228  283  283  i
 284  136  284  284  i
 285  184  285  285  i
 286  353  286  286  i
 287  391  287  287  i
 288  357  288  288  i
 289  407  289  289  i
 290  382  290  290  i
 291  193  291  291  i
 292  279  292  292  i
 293  449  293  293  i
 294  472  294  294  i
 295  494  295  295  i
 296  405  296  296  i
 297  396  297  297  i
 298  224  298  298  i
 299  344  299  299  i
 300  404  300  300  i
 301  317  301  301  i
 302  383  302  302  i
 303  324  303  303  i
 304  252  304  304  i
 305  124  305  305  i
 306  193  306  306  i
 307  242  307  307  i
 308  221  308  308  i
 309  220  309  309  i
 310  178  310  310  i
 311  121  311  311  i
 312  64  312  312  i
 313  98  313  313  i
 314  167  314  314  i
 315  149  315  315  i
 316  116  316  316  i
 317  122  317  317  i
 318  82  318  318  i
 319  52  319  319  i
 320  105  320  320  i
 321  88  321  321  i
 322  90  322  322  i
 323  123  323  323  i
 324  122  324  324  i
 325  79  325  325  i
 326  34  326  326  i
 327  75  327  327  i
 328  123  328  328  i
 329  91  329  329  i
 330  88  330  330  i
 331  93  331  331  i
 332  78  332  332  i
 333  34  333  333  i
 334  73  334  334  i
 335  129  335  335  i
 336  105  336  336  i
 337  123  337  337  i
 338  141  338  338  i
 339  118  339  339  i
 340  45  340  340  i
 341  78  341  341  i
 342  146  342  342  i
 343  144  343  343  i
 344  162  344  344  i
 345  161  345  345  i
 346  122  346  346  i
 347  71  347  347  i
 348  109  348  348  i
 349  268  349  349  i
 350  221  350  350  i
 351  264  351  351  i
 352  257  352  352  i
 353  254  353  353  i
 354  128  354  354  i
 355  195  355  355  i
 356  315  356  356  i
 357  437  357  357  i
 358  236  358  358  i
 359  95  359  359  i
 360  74  360  360  i
 361  158  361  361  i
 362  378  362  362  i
 363  572  363  363  i
 364  518  364  364  i
 365  546  365  365  i
 366  133  366  366  i
 367  160  367  367  i
 368  256  368  368  i
 369  334  369  369  i
 370  577  370  370  i
 371  537  371  371  i
 372  439  372  372  i
 373  372  373  373  i
 374  255  374  374  i
 375  165  375  375  i
 376  234  376  376  i
 377  271  377  377  i
 378  329  378  378  i
 379  203  379  379  i
 380  215  380  380  i
 381  144  381  381  i
 382  81  382  382  i
 383  204  383  383  i
 384  220  384  384  i
 385  236  385  385  i
 386  180  386  386  i
 387  244  387  387  i
 388  150  388  388  i
 389  80  389  389  i
 390  226  390  390  i
 391  277  391  391  i
 392  248  392  392  i
 393  234  393  393  i
 394  286  394  394  i
 395  140  395  395  i
 396  100  396  396  i
 397  220  397  397  i
 398  280  398  398  i
 399  283  399  399  i
 400  318  400  400  i
 401  256  401  401  i
 402  167  402  402  i
 403  88  403  403  i
 404  359  404  404  i
 405  367  405  405  i
 406  313  406  406  i
 407  360  407  407  i
 408  316  408  408  i
 409  293  409  409  i
 410  155  410  410  i
 411  326  411  411  i
 412  412  412  412  i
 413  393  413  413  i
 414  450  414  414  i
 415  360  415  415  i
 416  340  416  416  i
 417  256  417  417  i
 418  409  418  418  i
 419  631  419  419  i
 420  493  420  420  i
 421  535  421  421  i
 422  599  422  422  i
 423  391  423  423  i
 424  318  424  424  i
 425  443  425  425  i
 426  586  426  426  i
 427  528  427  427  i
 428  575  428  428  i
 429  435  429  429  i
 430  385  430  430  i
 431  200  431  431  i
 432  354  432  432  i
 433  543  433  433  i
 434  503  434  434  i
 435  315  435  435  i
 436  377  436  436  i
 437  265  437  437  i
 438  147  438  438  i
 439  271  439  439  i
 440  408  440  440  i
 441  351  441  441  i
 442  293  442  442  i
 443  373  443  443  i
 444  220  444  444  i
 445  99  445  445  i
 446  280  446  446  i
 447  306  447  447  i
 448  252  448  448  i
 449  235  449  449  i
 450  224  450  450  i
 451  151  451  451  i
 452  66  452  452  i
 453  205  453  453  i
 454  225  454  454  i
 455  231  455  455  i
 456  142  456  456  i
 457  170  457  457  i
 458  95  458  458  i
 459  90  459  459  i
 460  57  460  460  i
 461  131  461  461  i
 462  183  462  462  i
 463  118  463  463  i
 464  147  464  464  i
 465  96  465  465  i
 466  45  466  466  i
 467  123  467  467  i
 468  131  468  468  i
 469  105  469  469  i
 470  84  470  470  i
 471  120  471  471  i
 472  73  472  472  i
 473  27  473  473  i


