
# Curve 0 of 1, 385 points
# Curve title: "CFR predicted deaths"
# x y xlow xhigh type
-1  2782.82 -1 -1  i
 72  0.00052626  72  72  i
 73  0.000964368  73  73  i
 76  0.00099168  76  76  i
 79  0.000779866  79  79  i
 80  0.000691226  80  80  i
 81  0.00210722  81  81  i
 82  0.000691226  82  82  i
 83  0.001694  83  83  i
 84  0.00116584  84  84  i
 85  0.00332459  85  85  i
 86  0.00193806  86  86  i
 87  0.00399762  87  87  i
 88  0.00187659  88  88  i
 89  0.00335558  89  89  i
 90  0.00271332  90  90  i
 91  0.00536561  91  91  i
 92  0.00665692  92  92  i
 93  0.0066181  93  93  i
 94  0.00346796  94  94  i
 95  0.00230518  95  95  i
 96  0.000481304  96  96  i
 97  0.00259533  97  97  i
 98  0.00478375  98  98  i
 99  0.00642416  99  99  i
 100  0.00674653  100  100  i
 101  0.0022485  101  101  i
 102  0.00100602  102  102  i
 103  0.00301193  103  103  i
 104  0.00162707  104  104  i
 105  0.00284709  105  105  i
 106  0.000466445  106  106  i
 107  0.00310749  107  107  i
 108  0.0017221  108  108  i
 109  0.00103502  109  109  i
 110  0.000324788  110  110  i
 111  0.000879873  111  111  i
 112  0.00229976  112  112  i
 113  0.00161275  113  113  i
 114  0.00127948  114  114  i
 115  0.00202831  115  115  i
 116  0.00065431  116  116  i
 117  0.00186714  117  117  i
 118  0.00055094  118  118  i
 119  0.000939688  119  119  i
 121  0.000867813  121  121  i
 122  0.000726707  122  122  i
 125  0.000738216  125  125  i
 126  0.000893044  126  126  i
 127  0.00265324  127  127  i
 129  0.000226152  129  129  i
 130  0.000226152  130  130  i
 132  0.00188993  132  132  i
 133  0.000918533  133  133  i
 134  0.000627046  134  134  i
 135  0.00180073  135  135  i
 136  0.00116584  136  136  i
 137  0.00147362  137  137  i
 138  0.000466445  138  138  i
 139  0.000366438  139  139  i
 140  0.00155277  140  140  i
 141  0.00048832  141  141  i
 142  0.00147362  142  142  i
 143  0.00164701  143  143  i
 145  0.00134616  145  145  i
 146  0.000854757  146  146  i
 147  0.000794192  147  147  i
 148  0.00118749  148  148  i
 149  0.00200657  149  149  i
 150  0.000366438  150  150  i
 151  0.000413428  151  151  i
 154  0.000525235  154  154  i
 155  0.000226152  155  155  i
 156  0.00104934  156  156  i
 158  0.00136994  158  158  i
 159  0.000413428  159  159  i
 160  0.000880462  160  160  i
 161  0.0020496  161  161  i
 163  0.00100717  163  163  i
 165  0.000287872  165  165  i
 166  0.00183238  166  166  i
 167  0.000466445  167  167  i
 168  0.00128058  168  168  i
 169  0.000466445  169  169  i
 170  0.003288  170  170  i
 171  0.00177412  171  171  i
 172  0.000918533  172  172  i
 173  0.000413428  173  173  i
 174  0.00144501  174  174  i
 175  0.0014229  175  175  i
 176  0.000891673  176  176  i
 177  0.00186934  177  177  i
 178  0.000366438  178  178  i
 179  0.000832882  179  179  i
 180  0.00063958  180  180  i
 181  0.00149063  181  181  i
 182  0.00219107  182  182  i
 183  0.00244661  183  183  i
 184  0.00182821  184  184  i
 185  0.000754317  185  185  i
 186  0.000776192  186  186  i
 188  0.000794192  188  188  i
 189  0.000613875  189  189  i
 191  0.00153125  191  191  i
 192  0.000200447  192  192  i
 193  0.000892697  193  193  i
 194  0.00142099  194  194  i
 196  0.000575745  196  196  i
 197  0.00110991  197  197  i
 198  0.00155606  198  198  i
 199  0.000754317  199  199  i
 201  0.000413428  201  201  i
 202  0.00119484  202  202  i
 203  0.0007013  203  203  i
 204  0.00201655  204  204  i
 205  0.000918533  205  205  i
 206  0.00111473  206  206  i
 207  0.00130706  207  207  i
 208  0.00147421  208  208  i
 209  0.00141691  209  209  i
 210  0.00144554  210  210  i
 211  0.00299536  211  211  i
 212  0.00343551  212  212  i
 213  0.00144676  213  213  i
 214  0.00310912  214  214  i
 215  0.00182015  215  215  i
 216  0.00423158  216  216  i
 217  0.0040701  217  217  i
 218  0.00159609  218  218  i
 219  0.00269857  219  219  i
 220  0.00157155  220  220  i
 221  0.00307773  221  221  i
 222  0.00217116  222  222  i
 223  0.00521934  223  223  i
 224  0.0019977  224  224  i
 225  0.00572606  225  225  i
 226  0.00594985  226  226  i
 227  0.00587203  227  227  i
 228  0.00248873  228  228  i
 229  0.00310125  229  229  i
 230  0.00931127  230  230  i
 231  0.00661465  231  231  i
 232  0.00602316  232  232  i
 233  0.0092763  233  233  i
 234  0.00306983  234  234  i
 235  0.00616284  235  235  i
 236  0.00395561  236  236  i
 237  0.00556588  237  237  i
 238  0.00677215  238  238  i
 239  0.0032582  239  239  i
 240  0.00949034  240  240  i
 241  0.00511947  241  241  i
 242  0.00229984  242  242  i
 243  0.00558728  243  243  i
 244  0.00664872  244  244  i
 245  0.00895197  245  245  i
 246  0.00912198  246  246  i
 247  0.0101197  247  247  i
 248  0.00645596  248  248  i
 249  0.0106191  249  249  i
 250  0.00461711  250  250  i
 251  0.00793258  251  251  i
 252  0.0117616  252  252  i
 253  0.0195576  253  253  i
 254  0.0216891  254  254  i
 255  0.00934257  255  255  i
 256  0.0140096  256  256  i
 257  0.00961045  257  257  i
 258  0.0255128  258  258  i
 259  0.0245847  259  259  i
 260  0.0255807  260  260  i
 261  0.0286099  261  261  i
 262  0.0379469  262  262  i
 263  0.0160218  263  263  i
 264  0.0260783  264  264  i
 265  0.0196521  265  265  i
 266  0.0325172  266  266  i
 267  0.0543149  267  267  i
 268  0.0234661  268  268  i
 269  0.0225494  269  269  i
 270  0.0171059  270  270  i
 271  0.0160155  271  271  i
 272  0.0288459  272  272  i
 273  0.0295748  273  273  i
 274  0.0263091  274  274  i
 275  0.031934  275  275  i
 276  0.0352035  276  276  i
 277  0.0183868  277  277  i
 278  0.0140183  278  278  i
 279  0.0291457  279  279  i
 280  0.0383366  280  280  i
 281  0.0409421  281  281  i
 282  0.0424816  282  282  i
 283  0.0356288  283  283  i
 284  0.0396171  284  284  i
 285  0.0297409  285  285  i
 286  0.0660819  286  286  i
 287  0.0592223  287  287  i
 288  0.044607  288  288  i
 289  0.0999187  289  289  i
 290  0.0587265  290  290  i
 291  0.0345542  291  291  i
 292  0.0355033  292  292  i
 293  0.0866138  293  293  i
 294  0.0941188  294  294  i
 295  0.0999105  295  295  i
 296  0.108992  296  296  i
 297  0.101176  297  297  i
 298  0.0568215  298  298  i
 299  0.0676144  299  299  i
 300  0.115493  300  300  i
 301  0.12908  301  301  i
 302  0.131329  302  302  i
 303  0.118647  303  303  i
 304  0.100304  304  304  i
 305  0.0465424  305  305  i
 306  0.0926915  306  306  i
 307  0.0977125  307  307  i
 308  0.08021  308  308  i
 309  0.0885205  309  309  i
 310  0.0769446  310  310  i
 311  0.0644169  311  311  i
 312  0.0218506  312  312  i
 313  0.0460286  313  313  i
 314  0.0695111  314  314  i
 315  0.0524559  315  315  i
 316  0.0619487  316  316  i
 317  0.0547161  317  317  i
 318  0.0275333  318  318  i
 319  0.0169126  319  319  i
 320  0.0218484  320  320  i
 321  0.0413804  321  321  i
 322  0.0468069  322  322  i
 323  0.0209542  323  323  i
 324  0.0289149  324  324  i
 325  0.010646  325  325  i
 326  0.00691164  326  326  i
 327  0.0281235  327  327  i
 328  0.0258585  328  328  i
 329  0.0229335  329  329  i
 330  0.0411124  330  330  i
 331  0.0297243  331  331  i
 332  0.0176062  332  332  i
 333  0.00826574  333  333  i
 334  0.0182377  334  334  i
 335  0.0314583  335  335  i
 336  0.0215972  336  336  i
 337  0.0134542  337  337  i
 338  0.0259984  338  338  i
 339  0.0158163  339  339  i
 340  0.00883949  340  340  i
 341  0.0175556  341  341  i
 342  0.0263402  342  342  i
 343  0.0240302  343  343  i
 344  0.0369677  344  344  i
 345  0.0304961  345  345  i
 346  0.0253456  346  346  i
 347  0.00673838  347  347  i
 348  0.0227583  348  348  i
 349  0.0420709  349  349  i
 350  0.0377912  350  350  i
 351  0.0399025  351  351  i
 352  0.0342231  352  352  i
 353  0.0309493  353  353  i
 354  0.0149984  354  354  i
 355  0.0296729  355  355  i
 356  0.0567518  356  356  i
 357  0.0519776  357  357  i
 358  0.0613899  358  358  i
 359  0.0675535  359  359  i
 360  0.0614892  360  360  i
 361  0.0319525  361  361  i
 362  0.0599332  362  362  i
 363  0.0927617  363  363  i
 364  0.108858  364  364  i
 365  0.0569348  365  365  i
 366  0.0236857  366  366  i
 367  0.0261833  367  367  i
 368  0.0380263  368  368  i
 369  0.103526  369  369  i
 370  0.146893  370  370  i
 371  0.130011  371  371  i
 372  0.13561  372  372  i
 373  0.0280748  373  373  i
 374  0.0406905  374  374  i
 375  0.0602548  375  375  i
 376  0.09781  376  376  i
 377  0.16966  377  377  i
 378  0.137719  378  378  i
 379  0.104658  379  379  i
 380  0.0951737  380  380  i
 381  0.0580422  381  381  i
 382  0.0340667  382  382  i
 383  0.0554385  383  383  i
 384  0.0687165  384  384  i
 385  0.0645411  385  385  i
 386  0.0512344  386  386  i
 387  0.0439272  387  387  i
 388  0.0373983  388  388  i
 389  0.0219513  389  389  i
 390  0.0458981  390  390  i
 391  0.0704592  391  391  i
 392  0.0615552  392  392  i
 393  0.0515839  393  393  i
 394  0.0598946  394  394  i
 395  0.0378731  395  395  i
 396  0.0177167  396  396  i
 397  0.0460218  397  397  i
 398  0.0578269  398  398  i
 399  0.0593342  399  399  i
 400  0.0531028  400  400  i
 401  0.0642534  401  401  i
 402  0.0292427  402  402  i
 403  0.0194823  403  403  i
 404  0.0545476  404  404  i
 405  0.0736437  405  405  i
 406  0.0604135  406  406  i
 407  0.0745469  407  407  i
 408  0.0659765  408  408  i
 409  0.0478723  409  409  i
 410  0.0254659  410  410  i
 411  0.0840211  411  411  i
 412  0.0805865  412  412  i
 413  0.076486  413  413  i
 414  0.0833042  414  414  i
 415  0.0744826  415  415  i
 416  0.0567098  416  416  i
 417  0.0326767  417  417  i
 418  0.0713189  418  418  i
 419  0.0994731  419  419  i
 420  0.102565  420  420  i
 421  0.102693  421  421  i
 422  0.0859537  422  422  i
 423  0.0700386  423  423  i
 424  0.0605379  424  424  i
 425  0.10201  425  425  i
 426  0.153999  426  426  i
 427  0.106271  427  427  i
 428  0.123198  428  428  i
 429  0.134147  429  429  i
 430  0.09738  430  430  i
 431  0.0624824  431  431  i
 432  0.110583  432  432  i
 433  0.155095  433  433  i
 434  0.128611  434  434  i
 435  0.12886  435  435  i
 436  0.0966199  436  436  i
 437  0.0935728  437  437  i
 438  0.0476013  438  438  i
 439  0.0746358  439  439  i
 440  0.118532  440  440  i
 441  0.117965  441  441  i
 442  0.0869241  442  442  i
 443  0.096408  443  443  i
 444  0.0612641  444  444  i
 445  0.0284132  445  445  i
 446  0.0668482  446  446  i
 447  0.10017  447  447  i
 448  0.0786559  448  448  i
 449  0.0729541  449  449  i
 450  0.081288  450  450  i
 451  0.0443309  451  451  i
 452  0.0237704  452  452  i
 453  0.0584055  453  453  i
 454  0.0736529  454  454  i
 455  0.0539387  455  455  i
 456  0.0552059  456  456  i
 457  0.0501271  457  457  i
 458  0.0329409  458  458  i
 459  0.0183987  459  459  i
 460  0.0438386  460  460  i
 461  0.0492206  461  461  i
 462  0.0548  462  462  i
 463  0.0332356  463  463  i
 464  0.0309573  464  464  i
 465  0.0152362  465  465  i
 466  0.0128013  466  466  i
 467  0.00895224  467  467  i
 468  0.0387248  468  468  i
 469  0.043968  469  469  i
 470  0.0291051  470  470  i
 471  0.0302839  471  471  i
 472  0.020327  472  472  i
 473  0.00912827  473  473  i


