
# Curve 0 of 1, 404 points
# Curve title: "CFR predicted deaths"
# x y xlow xhigh type
-1  2823.78 -1 -1  i
 72  0.00313983  72  72  i
 75  0.000759798  75  75  i
 76  0.00143324  76  76  i
 77  0.00198588  77  77  i
 78  0.000759798  78  78  i
 80  0.00283044  80  80  i
 81  0.00461101  81  81  i
 82  0.00356487  82  82  i
 83  0.00291557  83  83  i
 84  0.00769304  84  84  i
 85  0.0172832  85  85  i
 86  0.00672709  86  86  i
 87  0.0122981  87  87  i
 88  0.00324513  88  88  i
 89  0.0039629  89  89  i
 90  0.0129172  90  90  i
 91  0.0133669  91  91  i
 92  0.00448507  92  92  i
 93  0.0204339  93  93  i
 94  0.0131243  94  94  i
 95  0.00544735  95  95  i
 96  0.00599905  96  96  i
 97  0.0104788  97  97  i
 98  0.0105242  98  98  i
 99  0.0079338  99  99  i
 100  0.00870985  100  100  i
 101  0.00259148  101  101  i
 102  0.00377642  102  102  i
 103  0.00637678  103  103  i
 104  0.00261721  104  104  i
 105  0.00901456  105  105  i
 106  0.00353827  106  106  i
 107  0.00501138  107  107  i
 108  0.00291919  108  108  i
 109  0.00123111  109  109  i
 111  0.00246223  111  111  i
 112  0.00337216  112  112  i
 113  0.00384851  113  113  i
 114  0.000673439  114  114  i
 115  0.00375553  115  115  i
 116  0.00127033  116  116  i
 117  0.00344142  117  117  i
 118  0.00441986  118  118  i
 119  0.000596895  119  119  i
 121  0.00208834  121  121  i
 122  0.00430548  122  122  i
 123  0.000967159  123  123  i
 126  0.000857231  126  126  i
 127  0.00482827  127  127  i
 128  0.0024336  128  128  i
 131  0.00198588  131  131  i
 132  0.00278028  132  132  i
 133  0.00191804  133  133  i
 134  0.00530754  134  134  i
 136  0.000857231  136  136  i
 140  0.00371787  140  140  i
 141  0.00301423  141  141  i
 142  0.00156405  142  142  i
 143  0.00457828  143  143  i
 144  0.00236152  144  144  i
 145  0.00252442  145  145  i
 146  0.000759798  146  146  i
 147  0.0016406  147  147  i
 149  0.00161703  149  149  i
 150  0.000673439  150  150  i
 151  0.000759798  151  151  i
 152  0.000596895  152  152  i
 153  0.00208834  153  153  i
 155  0.00431321  155  155  i
 156  0.00370537  156  156  i
 157  0.00227939  157  157  i
 158  0.00199091  158  158  i
 160  0.00352925  160  160  i
 161  0.000596895  161  161  i
 162  0.00182801  162  162  i
 165  0.0023223  165  165  i
 166  0.00239628  166  166  i
 167  0.000468919  167  167  i
 168  0.00375222  168  168  i
 169  0.00407183  169  169  i
 170  0.00153067  170  170  i
 171  0.00235466  171  171  i
 172  0.00120249  172  172  i
 173  0.000468919  173  173  i
 174  0.000529052  174  174  i
 175  0.00526943  175  175  i
 176  0.00642767  176  176  i
 177  0.00120249  177  177  i
 178  0.00218237  178  178  i
 179  0.000468919  179  179  i
 180  0.00109118  180  180  i
 181  0.00463532  181  181  i
 182  0.00329529  182  182  i
 183  0.00353777  183  183  i
 185  0.00156405  185  185  i
 186  0.000529052  186  186  i
 187  0.000468919  187  187  i
 188  0.00106581  188  188  i
 189  0.00132615  189  189  i
 190  0.00292372  190  190  i
 191  0.00190455  191  191  i
 194  0.000759798  194  194  i
 195  0.000673439  195  195  i
 196  0.00390893  196  196  i
 197  0.00391355  197  197  i
 198  0.00307707  198  198  i
 199  0.00122872  199  199  i
 200  0.00237347  200  200  i
 201  0.00123111  201  201  i
 202  0.00390895  202  202  i
 203  0.0023223  203  203  i
 204  0.000967159  204  204  i
 205  0.00149621  205  205  i
 206  0.000967159  206  206  i
 207  0.00368321  207  207  i
 208  0.00403676  208  208  i
 209  0.0107703  209  209  i
 210  0.00626969  210  210  i
 211  0.00712263  211  211  i
 212  0.00521333  212  212  i
 213  0.00417328  213  213  i
 214  0.00313756  214  214  i
 215  0.00874848  215  215  i
 216  0.00798969  216  216  i
 217  0.0103469  217  217  i
 218  0.00645186  218  218  i
 219  0.0060005  219  219  i
 220  0.00566701  220  220  i
 221  0.00229047  221  221  i
 222  0.00873772  222  222  i
 223  0.00774546  223  223  i
 224  0.00547835  224  224  i
 225  0.0118947  225  225  i
 226  0.00739416  226  226  i
 227  0.0015601  227  227  i
 228  0.00247282  228  228  i
 229  0.00228682  229  229  i
 230  0.00721671  230  230  i
 231  0.0153877  231  231  i
 232  0.0139948  232  232  i
 233  0.00704958  233  233  i
 234  0.0091637  234  234  i
 235  0.00361567  235  235  i
 236  0.00795263  236  236  i
 237  0.0142506  237  237  i
 238  0.0094312  238  238  i
 239  0.0024548  239  239  i
 240  0.0125842  240  240  i
 241  0.0102693  241  241  i
 242  0.00598565  242  242  i
 243  0.00428219  243  243  i
 244  0.0124716  244  244  i
 245  0.0151085  245  245  i
 246  0.0167276  246  246  i
 247  0.0121738  247  247  i
 248  0.00878241  248  248  i
 249  0.0142571  249  249  i
 250  0.00717211  250  250  i
 251  0.0192703  251  251  i
 252  0.0137299  252  252  i
 253  0.0205664  253  253  i
 254  0.0287097  254  254  i
 255  0.0215533  255  255  i
 256  0.0203298  256  256  i
 257  0.0263833  257  257  i
 258  0.039398  258  258  i
 259  0.041528  259  259  i
 260  0.0452448  260  260  i
 261  0.0261832  261  261  i
 262  0.0507919  262  262  i
 263  0.0469121  263  263  i
 264  0.0305492  264  264  i
 265  0.0404198  265  265  i
 266  0.082212  266  266  i
 267  0.107566  267  267  i
 268  0.0559166  268  268  i
 269  0.0641834  269  269  i
 270  0.0330786  270  270  i
 271  0.0479469  271  271  i
 272  0.0754604  272  272  i
 273  0.076333  273  273  i
 274  0.0698911  274  274  i
 275  0.0874034  275  275  i
 276  0.0791794  276  276  i
 277  0.0423277  277  277  i
 278  0.04397  278  278  i
 279  0.0663119  279  279  i
 280  0.088648  280  280  i
 281  0.128902  281  281  i
 282  0.0769049  282  282  i
 283  0.0897221  283  283  i
 284  0.0762964  284  284  i
 285  0.092598  285  285  i
 286  0.154297  286  286  i
 287  0.128  287  287  i
 288  0.111451  288  288  i
 289  0.237963  289  289  i
 290  0.112071  290  290  i
 291  0.0674664  291  291  i
 292  0.113066  292  292  i
 293  0.210674  293  293  i
 294  0.225061  294  294  i
 295  0.225878  295  295  i
 296  0.236267  296  296  i
 297  0.182591  297  297  i
 298  0.117655  298  298  i
 299  0.194648  299  299  i
 300  0.317437  300  300  i
 301  0.351397  301  301  i
 302  0.301206  302  302  i
 303  0.244501  303  303  i
 304  0.242586  304  304  i
 305  0.129981  305  305  i
 306  0.261072  306  306  i
 307  0.289784  307  307  i
 308  0.205509  308  308  i
 309  0.233247  309  309  i
 310  0.196459  310  310  i
 311  0.160801  311  311  i
 312  0.0738121  312  312  i
 313  0.121408  313  313  i
 314  0.146511  314  314  i
 315  0.160831  315  315  i
 316  0.135467  316  316  i
 317  0.110495  317  317  i
 318  0.0685605  318  318  i
 319  0.029495  319  319  i
 320  0.0615617  320  320  i
 321  0.101793  321  321  i
 322  0.108975  322  322  i
 323  0.0868418  323  323  i
 324  0.0815357  324  324  i
 325  0.040025  325  325  i
 326  0.0168792  326  326  i
 327  0.0474746  327  327  i
 328  0.051111  328  328  i
 329  0.0501515  329  329  i
 330  0.0824561  330  330  i
 331  0.071288  331  331  i
 332  0.0258822  332  332  i
 333  0.015251  333  333  i
 334  0.0516274  334  334  i
 335  0.0700002  335  335  i
 336  0.0577501  336  336  i
 337  0.0467507  337  337  i
 338  0.0716049  338  338  i
 339  0.0332786  339  339  i
 340  0.0235634  340  340  i
 341  0.0548527  341  341  i
 342  0.0776134  342  342  i
 343  0.0427227  343  343  i
 344  0.0900376  344  344  i
 345  0.0706642  345  345  i
 346  0.0612035  346  346  i
 347  0.024976  347  347  i
 348  0.0698024  348  348  i
 349  0.0898334  349  349  i
 350  0.0993364  350  350  i
 351  0.0899  351  351  i
 352  0.0913199  352  352  i
 353  0.0678928  353  353  i
 354  0.0431733  354  354  i
 355  0.0762181  355  355  i
 356  0.155198  356  356  i
 357  0.157767  357  357  i
 358  0.150555  358  358  i
 359  0.143933  359  359  i
 360  0.142118  360  360  i
 361  0.0822531  361  361  i
 362  0.157919  362  362  i
 363  0.23603  363  363  i
 364  0.282527  364  364  i
 365  0.148678  365  365  i
 366  0.0646188  366  366  i
 367  0.0693739  367  367  i
 368  0.122567  368  368  i
 369  0.233508  369  369  i
 370  0.382492  370  370  i
 371  0.338622  371  371  i
 372  0.273164  372  372  i
 373  0.0574059  373  373  i
 374  0.0896701  374  374  i
 375  0.142158  375  375  i
 376  0.26094  376  376  i
 377  0.374719  377  377  i
 378  0.332856  378  378  i
 379  0.223967  379  379  i
 380  0.185588  380  380  i
 381  0.140902  381  381  i
 382  0.0696531  382  382  i
 383  0.139814  383  383  i
 384  0.164662  384  384  i
 385  0.203861  385  385  i
 386  0.122926  386  386  i
 387  0.138722  387  387  i
 388  0.0854256  388  388  i
 389  0.0483967  389  389  i
 390  0.131455  390  390  i
 391  0.172699  391  391  i
 392  0.132113  392  392  i
 393  0.108989  393  393  i
 394  0.169345  394  394  i
 395  0.0870226  395  395  i
 396  0.0549486  396  396  i
 397  0.150579  397  397  i
 398  0.174342  398  398  i
 399  0.169126  399  399  i
 400  0.156849  400  400  i
 401  0.171113  401  401  i
 402  0.075985  402  402  i
 403  0.0669383  403  403  i
 404  0.141065  404  404  i
 405  0.161623  405  405  i
 406  0.183286  406  406  i
 407  0.19377  407  407  i
 408  0.138961  408  408  i
 409  0.10805  409  409  i
 410  0.05491  410  410  i
 411  0.218877  411  411  i
 412  0.213384  412  412  i
 413  0.165255  413  413  i
 414  0.182021  414  414  i
 415  0.173476  415  415  i
 416  0.1474  416  416  i
 417  0.091502  417  417  i
 418  0.223581  418  418  i
 419  0.24935  419  419  i
 420  0.247997  420  420  i
 421  0.250728  421  421  i
 422  0.21863  422  422  i
 423  0.179579  423  423  i
 424  0.155027  424  424  i
 425  0.231961  425  425  i
 426  0.374365  426  426  i
 427  0.26757  427  427  i
 428  0.295239  428  428  i
 429  0.308197  429  429  i
 430  0.242318  430  430  i
 431  0.171531  431  431  i
 432  0.25772  432  432  i
 433  0.369273  433  433  i
 434  0.306434  434  434  i
 435  0.346587  435  435  i
 436  0.244206  436  436  i
 437  0.248313  437  437  i
 438  0.122085  438  438  i
 439  0.223207  439  439  i
 440  0.361463  440  440  i
 441  0.315561  441  441  i
 442  0.181272  442  442  i
 443  0.251679  443  443  i
 444  0.167978  444  444  i
 445  0.0809022  445  445  i
 446  0.171224  446  446  i
 447  0.273122  447  447  i
 448  0.209653  448  448  i
 449  0.199317  449  449  i
 450  0.19842  450  450  i
 451  0.0991403  451  451  i
 452  0.053051  452  452  i
 453  0.141513  453  453  i
 454  0.160475  454  454  i
 455  0.127494  455  455  i
 456  0.127401  456  456  i
 457  0.131782  457  457  i
 458  0.069584  458  458  i
 459  0.0381996  459  459  i
 460  0.0990036  460  460  i
 461  0.124716  461  461  i
 462  0.106834  462  462  i
 463  0.0733932  463  463  i
 464  0.0974425  464  464  i
 465  0.0384921  465  465  i
 466  0.0429666  466  466  i
 467  0.0345285  467  467  i
 468  0.0817718  468  468  i
 469  0.110968  469  469  i
 470  0.0581565  470  470  i
 471  0.062931  471  471  i
 472  0.0360106  472  472  i
 473  0.0206392  473  473  i
 474  0.0469828  474  474  i
 475  0.0633711  475  475  i
 476  0.0595133  476  476  i
 477  0.0497511  477  477  i
 478  0.0447379  478  478  i
 479  0.0268482  479  479  i
 480  0.0197206  480  480  i
 481  0.0484128  481  481  i
 482  0.0594234  482  482  i
 483  0.0457437  483  483  i
 484  0.0381087  484  484  i
 485  0.0452443  485  485  i
 486  0.0255483  486  486  i
 487  0.0170466  487  487  i
 488  0.0335345  488  488  i
 489  0.0475477  489  489  i
 490  0.0411061  490  490  i
 491  0.0343245  491  491  i
 492  0.0349985  492  492  i
 493  0.0182509  493  493  i
 494  0.0108665  494  494  i


