
# Curve 0 of 1, 333 points
# Curve title: "CFR predicted deaths B.1.1.7"
# x y xlow xhigh type
-1  2024.85 -1 -1  i
 77  0.0550091  77  77  i
 81  0.132085  81  81  i
 82  0.0891322  82  82  i
 83  0.127758  83  83  i
 84  0.339051  84  84  i
 85  0.455051  85  85  i
 86  0.118779  86  86  i
 87  0.070022  87  87  i
 88  0.392411  88  88  i
 89  0.20259  89  89  i
 90  0.165829  90  90  i
 91  0.551045  91  91  i
 92  0.55146  92  92  i
 93  0.675895  93  93  i
 94  0.496331  94  94  i
 95  0.399665  95  95  i
 96  0.429909  96  96  i
 97  0.300219  97  97  i
 98  0.850776  98  98  i
 99  0.481954  99  99  i
 100  0.240606  100  100  i
 101  0.336882  101  101  i
 102  0.376235  102  102  i
 103  0.266096  103  103  i
 104  0.507002  104  104  i
 105  0.118779  105  105  i
 106  0.394862  106  106  i
 107  0.170584  107  107  i
 108  0.070022  108  108  i
 109  0.070022  109  109  i
 110  0.103766  110  110  i
 112  0.726224  112  112  i
 113  0.0891322  113  113  i
 115  0.223424  115  115  i
 117  0.635857  117  117  i
 119  0.170584  119  119  i
 121  0.128007  121  121  i
 122  0.170584  122  122  i
 124  0.0620633  124  124  i
 125  0.0790014  125  125  i
 126  0.0550091  126  126  i
 128  0.254522  128  128  i
 133  0.070022  133  133  i
 135  0.0620633  135  135  i
 136  0.178264  136  136  i
 138  0.100562  138  138  i
 140  0.0620633  140  140  i
 141  0.070022  141  141  i
 145  0.35115  145  145  i
 147  0.0790014  147  147  i
 149  0.127758  149  149  i
 154  0.110018  154  154  i
 157  0.070022  157  157  i
 161  0.168467  161  161  i
 162  0.137889  162  162  i
 166  0.0487567  166  166  i
 170  0.179564  170  170  i
 173  0.224278  173  173  i
 175  0.0620633  175  175  i
 185  0.0487567  185  185  i
 187  0.113458  187  187  i
 189  0.11082  189  189  i
 193  0.0550091  193  193  i
 198  0.0620633  198  198  i
 200  0.0487567  200  200  i
 202  0.070022  202  202  i
 205  0.125031  205  205  i
 208  0.170584  208  208  i
 209  0.0620633  209  209  i
 210  0.0550091  210  210  i
 211  0.0891322  211  211  i
 212  0.210066  212  212  i
 214  0.345547  214  214  i
 215  0.0620633  215  215  i
 216  0.127758  216  216  i
 217  0.0550091  217  217  i
 219  0.100562  219  219  i
 221  0.113458  221  221  i
 223  0.443014  223  223  i
 224  0.149023  224  224  i
 225  0.0620633  225  225  i
 227  0.0487567  227  227  i
 228  0.0891322  228  228  i
 230  0.19778  230  230  i
 231  0.0620633  231  231  i
 232  0.113458  232  232  i
 233  0.272149  233  233  i
 234  0.103766  234  234  i
 235  0.100562  235  235  i
 236  0.113458  236  236  i
 237  0.0487567  237  237  i
 238  0.217139  238  238  i
 240  0.485624  240  240  i
 241  0.284042  241  241  i
 242  0.0790014  242  242  i
 245  0.103766  245  245  i
 246  0.536707  246  246  i
 247  0.229176  247  247  i
 248  0.0487567  248  248  i
 250  0.263201  250  250  i
 251  0.490064  251  251  i
 252  0.513526  252  252  i
 253  0.402303  253  253  i
 254  0.545073  254  254  i
 255  0.430764  255  255  i
 256  0.456462  256  256  i
 257  0.173788  257  257  i
 258  0.799128  258  258  i
 259  0.922417  259  259  i
 260  0.497274  260  260  i
 261  0.349225  261  261  i
 262  0.864237  262  262  i
 263  0.771228  263  263  i
 264  0.673484  264  264  i
 265  1.48615  265  265  i
 266  1.29437  266  266  i
 267  1.51347  267  267  i
 268  1.06151  268  268  i
 269  1.63564  269  269  i
 270  1.18643  270  270  i
 271  0.422307  271  271  i
 272  1.22789  272  272  i
 273  1.15303  273  273  i
 274  1.91806  274  274  i
 275  1.57233  275  275  i
 276  1.17625  276  276  i
 277  0.565736  277  277  i
 278  0.561467  278  278  i
 279  0.811241  279  279  i
 280  2.08127  280  280  i
 281  2.48097  281  281  i
 282  1.56851  282  282  i
 283  1.30395  283  283  i
 284  2.46621  284  284  i
 285  2.32468  285  285  i
 286  3.28016  286  286  i
 287  3.01979  287  287  i
 288  3.21413  288  288  i
 289  6.55515  289  289  i
 290  2.15977  290  290  i
 291  2.15002  291  291  i
 292  3.6244  292  292  i
 293  5.00679  293  293  i
 294  5.7753  294  294  i
 295  4.46066  295  295  i
 296  6.81535  296  296  i
 297  4.51003  297  297  i
 298  2.99195  298  298  i
 299  5.6908  299  299  i
 300  7.14626  300  300  i
 301  7.29707  301  301  i
 302  8.25781  302  302  i
 303  6.50354  303  303  i
 304  8.84068  304  304  i
 305  4.39825  305  305  i
 306  6.361  306  306  i
 307  8.16102  307  307  i
 308  5.69788  308  308  i
 309  8.55745  309  309  i
 310  8.91191  310  310  i
 311  5.38436  311  311  i
 312  3.98606  312  312  i
 313  6.01944  313  313  i
 314  5.81085  314  314  i
 315  7.24045  315  315  i
 316  7.55243  316  316  i
 317  6.56996  317  317  i
 318  2.65599  318  318  i
 319  1.70478  319  319  i
 320  2.17543  320  320  i
 321  4.8816  321  321  i
 322  5.21555  322  322  i
 323  4.48446  323  323  i
 324  3.9242  324  324  i
 325  2.87634  325  325  i
 326  1.1766  326  326  i
 327  2.40577  327  327  i
 328  1.84696  328  328  i
 329  3.48845  329  329  i
 330  3.65821  330  330  i
 331  3.60549  331  331  i
 332  1.36659  332  332  i
 333  0.429962  333  333  i
 334  2.4937  334  334  i
 335  3.63212  335  335  i
 336  3.23573  336  336  i
 337  2.27973  337  337  i
 338  2.17439  338  338  i
 339  2.04596  339  339  i
 340  0.95921  340  340  i
 341  1.29607  341  341  i
 342  2.66923  342  342  i
 343  3.60033  343  343  i
 344  3.15693  344  344  i
 345  2.94037  345  345  i
 346  1.1986  346  346  i
 347  0.941088  347  347  i
 348  2.29718  348  348  i
 349  3.07761  349  349  i
 350  2.97403  350  350  i
 351  4.70005  351  351  i
 352  3.59301  352  352  i
 353  1.9718  353  353  i
 354  1.43396  354  354  i
 355  2.23191  355  355  i
 356  4.58006  356  356  i
 357  5.65216  357  357  i
 358  3.61065  358  358  i
 359  3.56574  359  359  i
 360  3.1998  360  360  i
 361  1.6096  361  361  i
 362  3.56633  362  362  i
 363  4.56365  363  363  i
 364  4.91598  364  364  i
 365  2.6074  365  365  i
 366  1.63638  366  366  i
 367  1.05495  367  367  i
 368  2.78641  368  368  i
 369  7.45358  369  369  i
 370  11.0863  370  370  i
 371  11.0374  371  371  i
 372  10.4992  372  372  i
 373  1.92297  373  373  i
 374  4.47168  374  374  i
 375  4.96838  375  375  i
 376  7.21767  376  376  i
 377  13.0347  377  377  i
 378  10.962  378  378  i
 379  10.5238  379  379  i
 380  9.58261  380  380  i
 381  5.09917  381  381  i
 382  2.72035  382  382  i
 383  5.7372  383  383  i
 384  6.47457  384  384  i
 385  6.59745  385  385  i
 386  5.17367  386  386  i
 387  5.03306  387  387  i
 388  2.89774  388  388  i
 389  1.51633  389  389  i
 390  3.13024  390  390  i
 391  5.7424  391  391  i
 392  5.36169  392  392  i
 393  4.3788  393  393  i
 394  5.69994  394  394  i
 395  2.36261  395  395  i
 396  1.20196  396  396  i
 397  2.92356  397  397  i
 398  6.62094  398  398  i
 399  4.71546  399  399  i
 400  4.78971  400  400  i
 401  5.40268  401  401  i
 402  2.50064  402  402  i
 403  1.60121  403  403  i
 404  5.33935  404  404  i
 405  5.72766  405  405  i
 406  5.59336  406  406  i
 407  7.30477  407  407  i
 408  6.6508  408  408  i
 409  2.88815  409  409  i
 410  1.93438  410  410  i
 411  4.85278  411  411  i
 412  5.98339  412  412  i
 413  6.58181  413  413  i
 414  7.73098  414  414  i
 415  8.31734  415  415  i
 416  5.91704  416  416  i
 417  2.83326  417  417  i
 418  5.89711  418  418  i
 419  10.2787  419  419  i
 420  9.52166  420  420  i
 421  9.32193  421  421  i
 422  7.50846  422  422  i
 423  5.38983  423  423  i
 424  5.57243  424  424  i
 425  8.48772  425  425  i
 426  14.9208  426  426  i
 427  11.3737  427  427  i
 428  11.1679  428  428  i
 429  9.34257  429  429  i
 430  9.01929  430  430  i
 431  7.01303  431  431  i
 432  11.628  432  432  i
 433  15.0233  433  433  i
 434  11.8768  434  434  i
 435  13.5211  435  435  i
 436  11.7259  436  436  i
 437  9.84321  437  437  i
 438  4.97347  438  438  i
 439  8.18467  439  439  i
 440  13.5595  440  440  i
 441  12.9325  441  441  i
 442  10.414  442  442  i
 443  12.8824  443  443  i
 444  7.49417  444  444  i
 445  4.96606  445  445  i
 446  7.11949  446  446  i
 447  12.2923  447  447  i
 448  11.6099  448  448  i
 449  9.71157  449  449  i
 450  9.20649  450  450  i
 451  4.97106  451  451  i
 452  2.91827  452  452  i
 453  6.25641  453  453  i
 454  8.22407  454  454  i
 455  6.04076  455  455  i
 456  7.36013  456  456  i
 457  8.18057  457  457  i
 458  3.0618  458  458  i
 459  2.57098  459  459  i
 460  6.98052  460  460  i
 461  6.37251  461  461  i
 462  4.59889  462  462  i
 463  4.52558  463  463  i
 464  3.94187  464  464  i
 465  2.55486  465  465  i
 466  1.511  466  466  i
 467  1.23981  467  467  i
 468  3.60758  468  468  i
 469  4.66615  469  469  i
 470  4.38478  470  470  i
 471  2.05267  471  471  i
 472  1.05069  472  472  i
 473  0.966802  473  473  i
 474  2.4882  474  474  i
 475  4.59801  475  475  i
 476  2.29025  476  476  i
 477  2.78207  477  477  i
 478  2.33751  478  478  i
 479  1.69768  479  479  i
 480  0.33812  480  480  i
 481  2.32414  481  481  i


