
# Curve 0 of 1, 299 points
# Curve title: "CFR predicted deaths B.1.1.7"
# x y xlow xhigh type
-1  2174.57 -1 -1  i
 76  0.190946  76  76  i
 81  0.381892  81  81  i
 82  0.10445  82  82  i
 88  0.132957  88  88  i
 89  0.190946  89  89  i
 90  0.215432  90  90  i
 91  1.91865  91  91  i
 92  0.44347  92  92  i
 93  3.20067  93  93  i
 94  0.465353  94  94  i
 96  0.478635  96  96  i
 97  0.615179  97  97  i
 98  2.03943  98  98  i
 99  0.646528  99  99  i
 100  0.413241  100  100  i
 102  0.459399  102  102  i
 104  1.05517  104  104  i
 105  1.82108  105  105  i
 106  1.78693  106  106  i
 107  0.309393  107  107  i
 109  0.392072  109  109  i
 111  0.274227  111  111  i
 112  0.618785  112  112  i
 113  0.150006  113  113  i
 114  0.295396  114  114  i
 115  0.347508  115  115  i
 116  0.340952  116  116  i
 117  2.23571  117  117  i
 119  0.517285  119  119  i
 121  0.392072  121  121  i
 125  0.767883  125  125  i
 126  0.132957  126  126  i
 127  0.309393  127  127  i
 131  0.215432  131  131  i
 132  0.150006  132  132  i
 136  0.132957  136  136  i
 137  0.10445  137  137  i
 138  0.150006  138  138  i
 142  0.215432  142  142  i
 145  0.190946  145  145  i
 155  0.215432  155  155  i
 157  0.132957  157  157  i
 159  0.274227  159  159  i
 162  0.987174  162  162  i
 165  0.235689  165  165  i
 172  0.169243  172  172  i
 173  0.309393  173  173  i
 201  0.169243  201  201  i
 207  0.243058  207  207  i
 211  0.150006  211  211  i
 218  0.150006  218  218  i
 219  0.169243  219  219  i
 222  0.282963  222  222  i
 223  0.427237  223  223  i
 227  0.274227  227  227  i
 228  0.215432  228  228  i
 231  0.489659  231  231  i
 232  0.235689  232  232  i
 233  0.132957  233  233  i
 236  0.169243  236  236  i
 238  0.282963  238  238  i
 240  1.55197  240  240  i
 241  0.552451  241  241  i
 245  0.132957  245  245  i
 246  0.583017  246  246  i
 247  0.510195  247  247  i
 249  0.132957  249  249  i
 250  0.132957  250  250  i
 251  0.333277  251  251  i
 252  0.237407  252  252  i
 253  0.215432  253  253  i
 256  0.471442  256  256  i
 257  0.10445  257  257  i
 258  0.733092  258  258  i
 259  0.751742  259  259  i
 260  1.10136  260  260  i
 261  0.542078  261  261  i
 262  0.794907  262  262  i
 263  0.825542  263  263  i
 265  0.53742  265  265  i
 266  1.30951  266  266  i
 267  2.31944  267  267  i
 268  0.391538  268  268  i
 269  1.2992  269  269  i
 270  0.445403  270  270  i
 271  0.391538  271  271  i
 272  1.29494  272  272  i
 273  0.775626  273  273  i
 274  1.23713  274  274  i
 275  0.302199  275  275  i
 276  0.969399  276  276  i
 277  0.812681  277  277  i
 278  1.17255  278  278  i
 279  0.712314  279  279  i
 280  1.60998  280  280  i
 281  2.08325  281  281  i
 282  2.25915  282  282  i
 283  0.989463  283  283  i
 284  1.35163  284  284  i
 285  1.87376  285  285  i
 286  2.73353  286  286  i
 287  4.10076  287  287  i
 288  3.38093  288  288  i
 289  7.22531  289  289  i
 290  2.36024  290  290  i
 291  2.56948  291  291  i
 292  4.85101  292  292  i
 293  7.52977  293  293  i
 294  7.8504  294  294  i
 295  3.18261  295  295  i
 296  4.84817  296  296  i
 297  2.4858  297  297  i
 298  2.37322  298  298  i
 299  10.4948  299  299  i
 300  8.2175  300  300  i
 301  9.86915  301  301  i
 302  10.064  302  302  i
 303  12.1725  303  303  i
 304  6.90939  304  304  i
 305  5.24066  305  305  i
 306  5.65701  306  306  i
 307  10.7307  307  307  i
 308  10.1963  308  308  i
 309  6.285  309  309  i
 310  9.66568  310  310  i
 311  5.51756  311  311  i
 312  5.11759  312  312  i
 313  6.46847  313  313  i
 314  8.73162  314  314  i
 315  13.007  315  315  i
 316  7.97307  316  316  i
 317  6.51005  317  317  i
 318  4.13235  318  318  i
 319  1.10779  319  319  i
 320  6.48604  320  320  i
 321  4.46438  321  321  i
 322  15.6231  322  322  i
 323  9.26936  323  323  i
 324  8.94233  324  324  i
 325  2.64665  325  325  i
 326  0.680877  326  326  i
 327  5.04262  327  327  i
 328  3.72324  328  328  i
 329  6.59431  329  329  i
 330  3.70344  330  330  i
 331  6.49475  331  331  i
 332  1.31882  332  332  i
 333  1.26261  333  333  i
 334  5.4788  334  334  i
 335  5.35794  335  335  i
 336  5.23976  336  336  i
 337  2.73064  337  337  i
 338  4.442  338  338  i
 339  2.77418  339  339  i
 340  1.19632  340  340  i
 341  4.27214  341  341  i
 342  2.22263  342  342  i
 343  7.19999  343  343  i
 344  4.25701  344  344  i
 345  2.31508  345  345  i
 346  2.49801  346  346  i
 347  1.91842  347  347  i
 348  3.45777  348  348  i
 349  3.64911  349  349  i
 350  3.98123  350  350  i
 351  4.12694  351  351  i
 352  2.96245  352  352  i
 353  1.7021  353  353  i
 354  1.58396  354  354  i
 355  3.72827  355  355  i
 356  3.848  356  356  i
 357  4.30664  357  357  i
 358  2.55035  358  358  i
 359  2.2126  359  359  i
 360  3.01867  360  360  i
 361  1.18276  361  361  i
 362  3.5482  362  362  i
 363  7.52681  363  363  i
 364  5.03883  364  364  i
 365  2.36231  365  365  i
 366  3.14343  366  366  i
 367  1.09321  367  367  i
 368  3.83661  368  368  i
 369  5.26484  369  369  i
 370  6.87443  370  370  i
 371  12.511  371  371  i
 372  6.09599  372  372  i
 373  2.24144  373  373  i
 374  3.69806  374  374  i
 375  5.23146  375  375  i
 376  3.90971  376  376  i
 377  10.7203  377  377  i
 378  10.0919  378  378  i
 379  8.42913  379  379  i
 380  5.24624  380  380  i
 381  3.18877  381  381  i
 382  2.42523  382  382  i
 383  5.68404  383  383  i
 384  6.68115  384  384  i
 385  6.0454  385  385  i
 386  4.43294  386  386  i
 387  4.48801  387  387  i
 388  2.09545  388  388  i
 389  2.14237  389  389  i
 390  3.34695  390  390  i
 391  6.07373  391  391  i
 392  6.09598  392  392  i
 393  3.66083  393  393  i
 394  2.53087  394  394  i
 395  2.21881  395  395  i
 396  1.1535  396  396  i
 397  3.25885  397  397  i
 398  6.62103  398  398  i
 399  4.98521  399  399  i
 400  8.49283  400  400  i
 401  6.45512  401  401  i
 402  2.29043  402  402  i
 403  2.41388  403  403  i
 404  7.29725  404  404  i
 405  7.26542  405  405  i
 406  5.01894  406  406  i
 407  6.08215  407  407  i
 408  4.04048  408  408  i
 409  4.82907  409  409  i
 410  3.67771  410  410  i
 411  5.50038  411  411  i
 412  8.30425  412  412  i
 413  4.77533  413  413  i
 414  6.11849  414  414  i
 415  4.50798  415  415  i
 416  5.67135  416  416  i
 417  3.6528  417  417  i
 418  5.00847  418  418  i
 419  7.67002  419  419  i
 420  3.82793  420  420  i
 421  4.56493  421  421  i
 422  8.48599  422  422  i
 423  5.14069  423  423  i
 424  3.28385  424  424  i
 425  4.95427  425  425  i
 426  9.37021  426  426  i
 427  4.50888  427  427  i
 428  5.86496  428  428  i
 429  8.57791  429  429  i
 430  3.55703  430  430  i
 431  3.27347  431  431  i
 432  6.24912  432  432  i
 433  8.40071  433  433  i
 434  5.96675  434  434  i
 435  7.41585  435  435  i
 436  5.60234  436  436  i
 437  5.6309  437  437  i
 438  4.16029  438  438  i
 439  3.92056  439  439  i
 440  4.47893  440  440  i
 441  5.78264  441  441  i
 442  4.08857  442  442  i
 443  4.30093  443  443  i
 444  4.4068  444  444  i
 445  1.76415  445  445  i
 446  4.27692  446  446  i
 447  6.426  447  447  i
 448  6.71631  448  448  i
 449  3.75797  449  449  i
 450  3.73025  450  450  i
 451  3.05847  451  451  i
 452  2.03004  452  452  i
 453  2.07394  453  453  i
 454  2.63679  454  454  i
 455  2.9806  455  455  i
 456  4.54226  456  456  i
 457  1.14083  457  457  i
 458  1.2014  458  458  i
 459  0.330794  459  459  i
 460  1.6552  460  460  i
 461  1.95782  461  461  i
 462  2.27008  462  462  i
 463  1.2875  463  463  i
 464  2.05963  464  464  i
 465  1.28242  465  465  i
 466  0.831565  466  466  i
 467  0.415847  467  467  i
 468  1.3369  468  468  i
 469  2.05757  469  469  i
 470  1.07791  470  470  i
 471  2.60719  471  471  i
 472  1.58274  472  472  i
 473  0.799733  473  473  i
 474  0.948268  474  474  i
 475  1.06521  475  475  i
 476  1.35137  476  476  i
 477  1.27504  477  477  i
 478  0.746512  478  478  i
 479  1.01106  479  479  i
 480  0.440031  480  480  i
 481  0.692644  481  481  i
 482  1.81693  482  482  i


