
# Curve 0 of 1, 299 points
# Curve title: "reported deaths"
# x y xlow xhigh type
 81  1  81  81  i
 83  1  83  83  i
 84  4  84  84  i
 86  2  86  86  i
 87  3  87  87  i
 88  2  88  88  i
 89  4  89  89  i
 90  3  90  90  i
 91  3  91  91  i
 92  2  92  92  i
 93  4  93  93  i
 94  5  94  94  i
 95  3  95  95  i
 96  3  96  96  i
 97  4  97  97  i
 98  6  98  98  i
 99  1  99  99  i
 100  7  100  100  i
 101  4  101  101  i
 102  3  102  102  i
 103  4  103  103  i
 104  2  104  104  i
 107  1  107  107  i
 108  2  108  108  i
 109  1  109  109  i
 110  3  110  110  i
 113  3  113  113  i
 114  2  114  114  i
 115  2  115  115  i
 119  1  119  119  i
 120  1  120  120  i
 121  1  121  121  i
 123  1  123  123  i
 124  1  124  124  i
 129  1  129  129  i
 130  1  130  130  i
 134  1  134  134  i
 136  1  136  136  i
 148  1  148  148  i
 152  1  152  152  i
 155  1  155  155  i
 162  1  162  162  i
 169  1  169  169  i
 171  1  171  171  i
 172  1  172  172  i
 175  3  175  175  i
 183  1  183  183  i
 185  1  185  185  i
 186  2  186  186  i
 187  1  187  187  i
 208  1  208  208  i
 211  2  211  211  i
 215  1  215  215  i
 228  1  228  228  i
 231  2  231  231  i
 232  1  232  232  i
 235  2  235  235  i
 238  1  238  238  i
 242  1  242  242  i
 243  1  243  243  i
 246  1  246  246  i
 247  1  247  247  i
 248  3  248  248  i
 252  2  252  252  i
 255  1  255  255  i
 256  3  256  256  i
 257  1  257  257  i
 260  3  260  260  i
 261  1  261  261  i
 263  1  263  263  i
 264  5  264  264  i
 265  3  265  265  i
 266  2  266  266  i
 267  1  267  267  i
 268  2  268  268  i
 269  2  269  269  i
 270  5  270  270  i
 271  2  271  271  i
 272  3  272  272  i
 273  1  273  273  i
 274  2  274  274  i
 275  2  275  275  i
 276  1  276  276  i
 277  4  277  277  i
 278  4  278  278  i
 279  3  279  279  i
 280  6  280  280  i
 281  7  281  281  i
 282  6  282  282  i
 283  4  283  283  i
 284  7  284  284  i
 285  7  285  285  i
 286  7  286  286  i
 287  4  287  287  i
 288  4  288  288  i
 289  11  289  289  i
 290  11  290  290  i
 291  5  291  291  i
 292  5  292  292  i
 293  7  293  293  i
 294  14  294  294  i
 295  10  295  295  i
 296  9  296  296  i
 297  15  297  297  i
 298  12  298  298  i
 299  19  299  299  i
 300  10  300  300  i
 301  18  301  301  i
 302  18  302  302  i
 303  13  303  303  i
 304  9  304  304  i
 305  16  305  305  i
 306  16  306  306  i
 307  24  307  307  i
 308  24  308  308  i
 309  10  309  309  i
 310  17  310  310  i
 311  11  311  311  i
 312  15  312  312  i
 313  12  313  313  i
 314  12  314  314  i
 315  10  315  315  i
 316  13  316  316  i
 317  11  317  317  i
 318  7  318  318  i
 319  9  319  319  i
 320  11  320  320  i
 321  15  321  321  i
 322  11  322  322  i
 323  12  323  323  i
 324  9  324  324  i
 325  15  325  325  i
 326  9  326  326  i
 327  16  327  327  i
 328  15  328  328  i
 329  17  329  329  i
 330  15  330  330  i
 331  14  331  331  i
 332  9  332  332  i
 333  12  333  333  i
 334  10  334  334  i
 335  8  335  335  i
 336  16  336  336  i
 337  11  337  337  i
 338  11  338  338  i
 339  8  339  339  i
 340  8  340  340  i
 341  8  341  341  i
 342  8  342  342  i
 343  11  343  343  i
 344  8  344  344  i
 345  7  345  345  i
 346  9  346  346  i
 347  7  347  347  i
 348  7  348  348  i
 349  7  349  349  i
 350  8  350  350  i
 351  9  351  351  i
 352  8  352  352  i
 353  12  353  353  i
 354  7  354  354  i
 355  17  355  355  i
 356  9  356  356  i
 357  12  357  357  i
 358  4  358  358  i
 359  8  359  359  i
 360  10  360  360  i
 361  8  361  361  i
 362  7  362  362  i
 363  18  363  363  i
 364  10  364  364  i
 365  10  365  365  i
 366  11  366  366  i
 367  13  367  367  i
 368  8  368  368  i
 369  9  369  369  i
 370  7  370  370  i
 371  9  371  371  i
 372  14  372  372  i
 373  22  373  373  i
 374  12  374  374  i
 375  15  375  375  i
 376  13  376  376  i
 377  14  377  377  i
 378  10  378  378  i
 379  19  379  379  i
 380  13  380  380  i
 381  14  381  381  i
 382  12  382  382  i
 383  11  383  383  i
 384  13  384  384  i
 385  11  385  385  i
 386  16  386  386  i
 387  10  387  387  i
 388  9  388  388  i
 389  13  389  389  i
 390  12  390  390  i
 391  18  391  391  i
 392  11  392  392  i
 393  9  393  393  i
 394  12  394  394  i
 395  12  395  395  i
 396  12  396  396  i
 397  5  397  397  i
 398  10  398  398  i
 399  15  399  399  i
 400  10  400  400  i
 401  11  401  401  i
 402  14  402  402  i
 403  10  403  403  i
 404  9  404  404  i
 405  14  405  405  i
 406  7  406  406  i
 407  23  407  407  i
 408  23  408  408  i
 409  9  409  409  i
 410  10  410  410  i
 411  6  411  411  i
 412  13  412  412  i
 413  12  413  413  i
 414  19  414  414  i
 415  21  415  415  i
 416  14  416  416  i
 417  12  417  417  i
 418  15  418  418  i
 419  16  419  419  i
 420  12  420  420  i
 421  18  421  421  i
 422  20  422  422  i
 423  16  423  423  i
 424  10  424  424  i
 425  23  425  425  i
 426  20  426  426  i
 427  21  427  427  i
 428  24  428  428  i
 429  21  429  429  i
 430  19  430  430  i
 431  19  431  431  i
 432  28  432  432  i
 433  18  433  433  i
 434  20  434  434  i
 435  25  435  435  i
 436  28  436  436  i
 437  19  437  437  i
 438  35  438  438  i
 439  16  439  439  i
 440  23  440  440  i
 441  26  441  441  i
 442  12  442  442  i
 443  18  443  443  i
 444  26  444  444  i
 445  13  445  445  i
 446  20  446  446  i
 447  27  447  447  i
 448  19  448  448  i
 449  18  449  449  i
 450  16  450  450  i
 451  15  451  451  i
 452  13  452  452  i
 453  19  453  453  i
 454  14  454  454  i
 455  8  455  455  i
 456  12  456  456  i
 457  8  457  457  i
 458  10  458  458  i
 459  10  459  459  i
 460  8  460  460  i
 461  10  461  461  i
 462  11  462  462  i
 463  5  463  463  i
 464  11  464  464  i
 465  12  465  465  i
 466  9  466  466  i
 467  5  467  467  i
 468  14  468  468  i
 469  10  469  469  i
 470  6  470  470  i
 471  9  471  471  i
 473  4  473  473  i
 474  7  474  474  i
 475  4  475  475  i
 476  3  476  476  i
 477  2  477  477  i
 478  5  478  478  i
 479  5  479  479  i
 480  1  480  480  i
 481  5  481  481  i
 482  2  482  482  i
 483  7  483  483  i
 484  3  484  484  i
 486  1  486  486  i
 488  3  488  488  i
 489  4  489  489  i
 490  2  490  490  i
 491  2  491  491  i
 492  3  492  492  i
 493  1  493  493  i
 494  2  494  494  i


