
# Curve 0 of 1, 167 points
# Curve title: "1st dose"
# x y xlow xhigh type
-1  551208 -1 -1  i
 361  327  361  361  i
 362  350  362  362  i
 363  319  363  363  i
 364  377  364  364  i
 365  45  365  365  i
 367  98  367  367  i
 368  93  368  368  i
 369  312  369  369  i
 370  311  370  370  i
 371  434  371  371  i
 372  459  372  372  i
 373  677  373  373  i
 374  144  374  374  i
 375  155  375  375  i
 376  563  376  376  i
 377  600  377  377  i
 378  511  378  378  i
 379  547  379  379  i
 380  570  380  380  i
 381  131  381  381  i
 382  27  382  382  i
 383  321  383  383  i
 384  226  384  384  i
 385  137  385  385  i
 386  154  386  386  i
 387  168  387  387  i
 388  4  388  388  i
 389  17  389  389  i
 390  58  390  390  i
 391  66  391  391  i
 392  66  392  392  i
 393  32  393  393  i
 394  33  394  394  i
 395  12  395  395  i
 396  13  396  396  i
 397  74  397  397  i
 398  61  398  398  i
 399  47  399  399  i
 400  39  400  400  i
 401  60  401  401  i
 402  5  402  402  i
 403  6  403  403  i
 404  42  404  404  i
 405  57  405  405  i
 406  59  406  406  i
 407  63  407  407  i
 408  87  408  408  i
 409  9  409  409  i
 410  9  410  410  i
 411  117  411  411  i
 412  68  412  412  i
 413  96  413  413  i
 414  88  414  414  i
 415  171  415  415  i
 416  17  416  416  i
 417  34  417  417  i
 418  203  418  418  i
 419  265  419  419  i
 420  273  420  420  i
 421  264  421  421  i
 422  336  422  422  i
 423  62  423  423  i
 424  19  424  424  i
 425  265  425  425  i
 426  484  426  426  i
 427  525  427  427  i
 428  500  428  428  i
 429  321  429  429  i
 430  94  430  430  i
 431  57  431  431  i
 432  296  432  432  i
 433  450  433  433  i
 434  413  434  434  i
 435  458  435  435  i
 436  527  436  436  i
 437  261  437  437  i
 438  163  438  438  i
 439  336  439  439  i
 440  551  440  440  i
 441  448  441  441  i
 442  461  442  442  i
 443  449  443  443  i
 444  168  444  444  i
 445  138  445  445  i
 446  429  446  446  i
 447  441  447  447  i
 448  454  448  448  i
 449  516  449  449  i
 450  547  450  450  i
 451  156  451  451  i
 452  484  452  452  i
 453  347  453  453  i
 454  415  454  454  i
 455  494  455  455  i
 456  599  456  456  i
 457  253  457  457  i
 458  198  458  458  i
 459  48  459  459  i
 460  50  460  460  i
 461  286  461  461  i
 462  381  462  462  i
 463  630  463  463  i
 464  639  464  464  i
 465  74  465  465  i
 466  60  466  466  i
 467  368  467  467  i
 468  442  468  468  i
 469  496  469  469  i
 470  706  470  470  i
 471  690  471  471  i
 472  473  472  472  i
 473  148  473  473  i
 474  540  474  474  i
 475  548  475  475  i
 476  437  476  476  i
 477  438  477  477  i
 478  881  478  478  i
 479  621  479  479  i
 480  242  480  480  i
 481  619  481  481  i
 482  580  482  482  i
 483  704  483  483  i
 484  700  484  484  i
 485  1114  485  485  i
 486  216  486  486  i
 487  179  487  487  i
 488  768  488  488  i
 489  857  489  489  i
 490  797  490  490  i
 491  1226  491  491  i
 492  1416  492  492  i
 493  690  493  493  i
 494  527  494  494  i
 495  1290  495  495  i
 496  1572  496  496  i
 497  1400  497  497  i
 498  2534  498  498  i
 499  2251  499  499  i
 500  891  500  500  i
 501  1473  501  501  i
 502  5111  502  502  i
 503  5620  503  503  i
 504  5367  504  504  i
 505  6608  505  505  i
 506  7633  506  506  i
 507  3958  507  507  i
 508  3650  508  508  i
 509  7139  509  509  i
 510  6802  510  510  i
 511  6590  511  511  i
 512  6532  512  512  i
 513  6426  513  513  i
 514  5063  514  514  i
 515  5130  515  515  i
 516  6277  516  516  i
 517  7515  517  517  i
 518  5709  518  518  i
 519  4145  519  519  i
 520  4962  520  520  i
 521  1845  521  521  i
 522  1466  522  522  i
 523  2475  523  523  i
 524  2285  524  524  i
 525  1668  525  525  i
 526  1600  526  526  i


