
# Curve 0 of 1, 138 points
# Curve title: "2nd dose"
# x y xlow xhigh type
-1  188100 -1 -1  i
 361  0  361  361  i
 362  0  362  362  i
 363  0  363  363  i
 364  0  364  364  i
 365  0  365  365  i
 367  0  367  367  i
 368  0  368  368  i
 369  0  369  369  i
 370  0  370  370  i
 371  0  371  371  i
 372  0  372  372  i
 373  0  373  373  i
 374  0  374  374  i
 375  0  375  375  i
 376  0  376  376  i
 377  0  377  377  i
 378  0  378  378  i
 379  0  379  379  i
 380  0  380  380  i
 381  0  381  381  i
 382  81  382  382  i
 383  194  383  383  i
 384  190  384  384  i
 385  171  385  385  i
 386  76  386  386  i
 387  20  387  387  i
 388  51  388  388  i
 389  71  389  389  i
 390  154  390  390  i
 391  124  391  391  i
 392  144  392  392  i
 393  160  393  393  i
 394  217  394  394  i
 395  69  395  395  i
 396  100  396  396  i
 397  372  397  397  i
 398  342  398  398  i
 399  372  399  399  i
 400  302  400  400  i
 401  247  401  401  i
 402  76  402  402  i
 403  71  403  403  i
 404  246  404  404  i
 405  280  405  405  i
 406  273  406  406  i
 407  309  407  407  i
 408  211  408  408  i
 409  38  409  409  i
 410  8  410  410  i
 411  121  411  411  i
 412  95  412  412  i
 413  65  413  413  i
 414  69  414  414  i
 415  54  415  415  i
 416  9  416  416  i
 417  3  417  417  i
 418  26  418  418  i
 419  44  419  419  i
 420  42  420  420  i
 421  16  421  421  i
 422  45  422  422  i
 423  9  423  423  i
 424  16  424  424  i
 425  50  425  425  i
 426  52  426  426  i
 427  46  427  427  i
 428  25  428  428  i
 429  50  429  429  i
 430  5  430  430  i
 431  9  431  431  i
 432  44  432  432  i
 433  48  433  433  i
 434  112  434  434  i
 435  135  435  435  i
 436  145  436  436  i
 437  40  437  437  i
 438  106  438  438  i
 439  162  439  439  i
 440  177  440  440  i
 441  181  441  441  i
 442  211  442  442  i
 443  266  443  443  i
 444  50  444  444  i
 445  36  445  445  i
 446  182  446  446  i
 447  247  447  447  i
 448  350  448  448  i
 449  392  449  449  i
 450  416  450  450  i
 451  143  451  451  i
 452  127  452  452  i
 453  361  453  453  i
 454  396  454  454  i
 455  423  455  455  i
 456  402  456  456  i
 457  74  457  457  i
 458  134  458  458  i
 459  107  459  459  i
 460  40  460  460  i
 461  426  461  461  i
 462  256  462  462  i
 463  280  463  463  i
 464  398  464  464  i
 465  135  465  465  i
 466  100  466  466  i
 467  299  467  467  i
 468  294  468  468  i
 469  347  469  469  i
 470  310  470  470  i
 471  368  471  471  i
 472  168  472  472  i
 473  73  473  473  i
 474  298  474  474  i
 475  325  475  475  i
 476  376  476  476  i
 477  506  477  477  i
 478  401  478  478  i
 479  138  479  479  i
 480  138  480  480  i
 481  242  481  481  i
 482  271  482  482  i
 483  441  483  483  i
 484  399  484  484  i
 485  164  485  485  i
 486  21  486  486  i
 487  27  487  487  i
 488  129  488  488  i
 489  341  489  489  i
 490  278  490  490  i
 491  333  491  491  i
 492  403  492  492  i
 493  134  493  493  i
 494  119  494  494  i
 495  241  495  495  i
 496  273  496  496  i
 497  270  497  497  i


