
# Curve 0 of 1, 138 points
# Curve title: "1st dose"
# x y xlow xhigh type
-1  306014 -1 -1  i
 361  67  361  361  i
 362  84  362  362  i
 363  95  363  363  i
 364  52  364  364  i
 365  31  365  365  i
 367  23  367  367  i
 368  19  368  368  i
 369  71  369  369  i
 370  86  370  370  i
 371  138  371  371  i
 372  144  372  372  i
 373  185  373  373  i
 374  52  374  374  i
 375  102  375  375  i
 376  191  376  376  i
 377  293  377  377  i
 378  468  378  378  i
 379  439  379  379  i
 380  425  380  380  i
 381  174  381  381  i
 382  80  382  382  i
 383  279  383  383  i
 384  172  384  384  i
 385  144  385  385  i
 386  185  386  386  i
 387  170  387  387  i
 388  9  388  388  i
 389  39  389  389  i
 390  86  390  390  i
 391  44  391  391  i
 392  33  392  392  i
 393  16  393  393  i
 394  35  394  394  i
 395  12  395  395  i
 396  11  396  396  i
 397  37  397  397  i
 398  32  398  398  i
 399  41  399  399  i
 400  19  400  400  i
 401  31  401  401  i
 402  13  402  402  i
 403  13  403  403  i
 404  45  404  404  i
 405  29  405  405  i
 406  33  406  406  i
 407  40  407  407  i
 408  86  408  408  i
 409  23  409  409  i
 410  5  410  410  i
 411  55  411  411  i
 412  58  412  412  i
 413  95  413  413  i
 414  98  414  414  i
 415  129  415  415  i
 416  5  416  416  i
 417  10  417  417  i
 418  89  418  418  i
 419  94  419  419  i
 420  120  420  420  i
 421  140  421  421  i
 422  250  422  422  i
 423  31  423  423  i
 424  12  424  424  i
 425  511  425  425  i
 426  888  426  426  i
 427  1802  427  427  i
 428  1232  428  428  i
 429  999  429  429  i
 430  565  430  430  i
 431  314  431  431  i
 432  945  432  432  i
 433  2041  433  433  i
 434  2987  434  434  i
 435  2992  435  435  i
 436  2629  436  436  i
 437  1739  437  437  i
 438  1076  438  438  i
 439  2979  439  439  i
 440  3574  440  440  i
 441  3825  441  441  i
 442  3934  442  442  i
 443  3049  443  443  i
 444  2458  444  444  i
 445  1857  445  445  i
 446  2951  446  446  i
 447  2949  447  447  i
 448  2795  448  448  i
 449  2547  449  449  i
 450  1890  450  450  i
 451  1616  451  451  i
 452  1283  452  452  i
 453  1972  453  453  i
 454  2034  454  454  i
 455  1685  455  455  i
 456  1751  456  456  i
 457  50  457  457  i
 458  451  458  458  i
 459  665  459  459  i
 460  429  460  460  i
 461  1293  461  461  i
 462  1389  462  462  i
 463  1254  463  463  i
 464  1146  464  464  i
 465  405  465  465  i
 466  543  466  466  i
 467  1519  467  467  i
 468  1684  468  468  i
 469  1710  469  469  i
 470  1809  470  470  i
 471  1465  471  471  i
 472  360  472  472  i
 473  285  473  473  i
 474  1146  474  474  i
 475  1146  475  475  i
 476  959  476  476  i
 477  1039  477  477  i
 478  974  478  478  i
 479  426  479  479  i
 480  224  480  480  i
 481  1226  481  481  i
 482  1202  482  482  i
 483  987  483  483  i
 484  1039  484  484  i
 485  894  485  485  i
 486  343  486  486  i
 487  240  487  487  i
 488  852  488  488  i
 489  791  489  489  i
 490  874  490  490  i
 491  788  491  491  i
 492  648  492  492  i
 493  451  493  493  i
 494  376  494  494  i
 495  599  495  495  i
 496  592  496  496  i
 497  414  497  497  i


