
# Curve 0 of 1, 137 points
# Curve title: "2nd dose"
# x y xlow xhigh type
 361  0  361  361  i
 362  0  362  362  i
 363  0  363  363  i
 364  0  364  364  i
 365  0  365  365  i
 367  0  367  367  i
 368  0  368  368  i
 369  0  369  369  i
 370  0  370  370  i
 371  0  371  371  i
 372  0  372  372  i
 373  0  373  373  i
 374  0  374  374  i
 375  0  375  375  i
 376  0  376  376  i
 377  0  377  377  i
 378  0  378  378  i
 379  0  379  379  i
 380  0  380  380  i
 381  2  381  381  i
 382  628  382  382  i
 383  1189  383  383  i
 384  1255  384  384  i
 385  1031  385  385  i
 386  392  386  386  i
 387  164  387  387  i
 388  258  388  388  i
 389  484  389  389  i
 390  1215  390  390  i
 391  905  391  391  i
 392  1048  392  392  i
 393  1083  393  393  i
 394  1612  394  394  i
 395  467  395  395  i
 396  552  396  396  i
 397  1984  397  397  i
 398  1937  398  398  i
 399  2433  399  399  i
 400  2322  400  400  i
 401  1892  401  401  i
 402  1356  402  402  i
 403  1351  403  403  i
 404  3140  404  404  i
 405  3630  405  405  i
 406  3971  406  406  i
 407  4245  407  407  i
 408  3417  408  408  i
 409  721  409  409  i
 410  331  410  410  i
 411  2349  411  411  i
 412  2023  412  412  i
 413  1738  413  413  i
 414  1739  414  414  i
 415  1799  415  415  i
 416  733  416  416  i
 417  609  417  417  i
 418  1229  418  418  i
 419  1625  419  419  i
 420  1477  420  420  i
 421  1149  421  421  i
 422  1263  422  422  i
 423  361  423  423  i
 424  385  424  424  i
 425  774  425  425  i
 426  829  426  426  i
 427  896  427  427  i
 428  820  428  428  i
 429  871  429  429  i
 430  260  430  430  i
 431  276  431  431  i
 432  848  432  432  i
 433  760  433  433  i
 434  936  434  434  i
 435  1038  435  435  i
 436  1314  436  436  i
 437  177  437  437  i
 438  595  438  438  i
 439  1174  439  439  i
 440  1256  440  440  i
 441  1329  441  441  i
 442  1317  442  442  i
 443  1685  443  443  i
 444  651  444  444  i
 445  486  445  445  i
 446  1452  446  446  i
 447  1716  447  447  i
 448  2025  448  448  i
 449  1913  449  449  i
 450  2788  450  450  i
 451  1120  451  451  i
 452  643  452  452  i
 453  2564  453  453  i
 454  3068  454  454  i
 455  4052  455  455  i
 456  3527  456  456  i
 457  919  457  457  i
 458  2305  458  458  i
 459  997  459  459  i
 460  309  460  460  i
 461  4705  461  461  i
 462  4309  462  462  i
 463  4546  463  463  i
 464  4960  464  464  i
 465  2976  465  465  i
 466  2155  466  466  i
 467  4225  467  467  i
 468  4247  468  468  i
 469  4640  469  469  i
 470  4438  470  470  i
 471  4448  471  471  i
 472  3294  472  472  i
 473  2389  473  473  i
 474  3570  474  474  i
 475  3340  475  475  i
 476  3146  476  476  i
 477  4453  477  477  i
 478  3072  478  478  i
 479  1960  479  479  i
 480  1936  480  480  i
 481  1611  481  481  i
 482  2190  482  482  i
 483  3423  483  483  i
 484  3778  484  484  i
 485  1577  485  485  i
 486  356  486  486  i
 487  532  487  487  i
 488  1126  488  488  i
 489  1835  489  489  i
 490  1547  490  490  i
 491  1712  491  491  i
 492  1649  492  492  i
 493  341  493  493  i
 494  342  494  494  i
 495  951  495  495  i
 496  1074  496  496  i
 497  1112  497  497  i


