
# Curve 0 of 1, 329 points
# Curve title: "CFR predicted deaths"
# x y xlow xhigh type
-1  1403.72 -1 -1  i
 80  0.000253827  80  80  i
 81  8.95313e-05  81  81  i
 82  6.89327e-05  82  82  i
 84  4.8975e-05  84  84  i
 85  0.000138206  85  85  i
 86  9.83682e-05  86  86  i
 88  0.000419199  88  88  i
 89  3.44754e-05  89  89  i
 90  0.000140702  90  90  i
 91  0.000642249  91  91  i
 92  0.000497356  92  92  i
 93  0.000583938  93  93  i
 94  0.000480865  94  94  i
 95  0.000477741  95  95  i
 96  0.000858397  96  96  i
 97  0.00038642  97  97  i
 98  0.000419247  98  98  i
 99  0.00103333  99  99  i
 100  0.000375093  100  100  i
 101  0.000956007  101  101  i
 102  0.000192023  102  102  i
 103  0.000799988  103  103  i
 104  0.000146659  104  104  i
 105  0.000324976  105  105  i
 106  0.000446758  106  106  i
 108  0.000370945  108  108  i
 109  0.000384231  109  109  i
 112  0.000293701  112  112  i
 113  0.000138827  113  113  i
 114  0.000108273  114  114  i
 115  0.000155345  115  115  i
 116  0.000111658  116  116  i
 117  6.09598e-05  117  117  i
 118  1.27259e-05  118  118  i
 119  6.56038e-05  119  119  i
 120  6.96129e-06  120  120  i
 123  4.25295e-05  123  123  i
 124  1.43579e-05  124  124  i
 125  0.00011511  125  125  i
 128  0.000111658  128  128  i
 129  3.3411e-05  129  129  i
 132  7.77481e-05  132  132  i
 139  2.40054e-05  139  139  i
 140  1.18085e-05  140  140  i
 141  6.96129e-06  141  141  i
 149  4.25295e-05  149  149  i
 156  0.000111658  156  156  i
 159  0.000125731  159  159  i
 160  0.000206148  160  160  i
 163  9.39472e-05  163  163  i
 165  5.24952e-05  165  165  i
 166  0.000214182  166  166  i
 167  7.77481e-05  167  167  i
 168  6.62746e-05  168  168  i
 170  1.82408e-05  170  170  i
 173  2.62476e-05  173  173  i
 174  4.25295e-05  174  174  i
 175  0.00020321  175  175  i
 176  6.17007e-06  176  176  i
 177  0.000174766  177  177  i
 181  7.09663e-05  181  181  i
 183  1.43579e-05  183  183  i
 184  0.000215936  184  184  i
 186  0.000125977  186  186  i
 187  1.0316e-05  187  187  i
 191  3.76955e-05  191  191  i
 197  0.000190981  197  197  i
 198  0.000188688  198  198  i
 201  6.17007e-06  201  201  i
 202  1.12795e-05  202  202  i
 204  0.000122498  204  204  i
 205  1.27259e-05  205  205  i
 208  0.000142131  208  208  i
 209  0.000282075  209  209  i
 210  0.000264241  210  210  i
 211  0.000120278  211  211  i
 212  2.32643e-05  212  212  i
 215  0.000171745  215  215  i
 216  0.000188731  216  216  i
 217  0.00121  217  217  i
 218  0.00051615  218  218  i
 219  0.000246227  219  219  i
 220  7.47565e-05  220  220  i
 221  0.00021032  221  221  i
 222  0.000523294  222  222  i
 223  8.77183e-05  223  223  i
 224  0.000302692  224  224  i
 225  5.41365e-05  225  225  i
 226  0.000203487  226  226  i
 229  0.000269631  229  229  i
 230  0.000133397  230  230  i
 231  0.000132378  231  231  i
 232  0.000268108  232  232  i
 233  0.000445003  233  233  i
 236  0.00049528  236  236  i
 237  6.10787e-05  237  237  i
 238  0.000184646  238  238  i
 239  0.000125215  239  239  i
 240  0.000508514  240  240  i
 242  0.000185077  242  242  i
 243  0.000296724  243  243  i
 244  0.000771553  244  244  i
 245  0.000377279  245  245  i
 246  0.000326036  246  246  i
 247  0.000249723  247  247  i
 248  7.03355e-05  248  248  i
 249  0.000213695  249  249  i
 250  0.00025417  250  250  i
 251  5.46877e-06  251  251  i
 252  0.000644276  252  252  i
 253  0.000655219  253  253  i
 254  0.000728167  254  254  i
 255  0.000109305  255  255  i
 256  8.77183e-05  256  256  i
 257  4.25295e-05  257  257  i
 258  0.001648  258  258  i
 259  0.000547762  259  259  i
 260  0.00183218  260  260  i
 261  0.000342438  261  261  i
 262  0.000809916  262  262  i
 263  0.000563219  263  263  i
 264  0.000866217  264  264  i
 265  0.0022916  265  265  i
 266  0.00188897  266  266  i
 267  0.00244637  267  267  i
 268  0.00206719  268  268  i
 269  0.0014769  269  269  i
 270  0.000349352  270  270  i
 271  0.00171984  271  271  i
 272  0.00276645  272  272  i
 273  0.00198588  273  273  i
 274  0.00266926  274  274  i
 275  0.00476877  275  275  i
 276  0.00212254  276  276  i
 277  0.00037337  277  277  i
 278  0.0015165  278  278  i
 279  0.00263024  279  279  i
 280  0.00364077  280  280  i
 281  0.00340195  281  281  i
 282  0.00596652  282  282  i
 283  0.00206146  283  283  i
 284  0.000297679  284  284  i
 285  0.00501256  285  285  i
 286  0.00518976  286  286  i
 287  0.00572855  287  287  i
 288  0.00609688  288  288  i
 289  0.0106835  289  289  i
 290  0.00398748  290  290  i
 291  0.00108756  291  291  i
 292  0.0058532  292  292  i
 293  0.0056098  293  293  i
 294  0.0109252  294  294  i
 295  0.0132567  295  295  i
 296  0.0128946  296  296  i
 297  0.00846242  297  297  i
 298  0.00343347  298  298  i
 299  0.00956196  299  299  i
 300  0.0135169  300  300  i
 301  0.0179868  301  301  i
 302  0.0133245  302  302  i
 303  0.0147546  303  303  i
 304  0.00822655  304  304  i
 305  0.00865956  305  305  i
 306  0.00550942  306  306  i
 307  0.0230538  307  307  i
 308  0.00999569  308  308  i
 309  0.0104637  309  309  i
 310  0.0143999  310  310  i
 311  0.00512913  311  311  i
 312  0.00748723  312  312  i
 313  0.00834728  313  313  i
 314  0.00933757  314  314  i
 315  0.0126007  315  315  i
 316  0.0105987  316  316  i
 317  0.00994348  317  317  i
 318  0.00646777  318  318  i
 319  0.00492173  319  319  i
 320  0.00879263  320  320  i
 321  0.00403069  321  321  i
 322  0.011566  322  322  i
 323  0.00530534  323  323  i
 324  0.00501944  324  324  i
 325  0.00224287  325  325  i
 326  0.000969418  326  326  i
 327  0.00579226  327  327  i
 328  0.00298008  328  328  i
 329  0.00495863  329  329  i
 330  0.00468666  330  330  i
 331  0.00447304  331  331  i
 332  0.00311087  332  332  i
 333  0.000372507  333  333  i
 334  0.00416666  334  334  i
 335  0.00296161  335  335  i
 336  0.00565257  336  336  i
 337  0.00291056  337  337  i
 338  0.00385494  338  338  i
 339  0.00249527  339  339  i
 340  0.000188498  340  340  i
 341  0.00396198  341  341  i
 342  0.00418531  342  342  i
 343  0.00399567  343  343  i
 344  0.00270573  344  344  i
 345  0.0053281  345  345  i
 346  0.00274174  346  346  i
 347  0.000197934  347  347  i
 348  0.0034185  348  348  i
 349  0.00384241  349  349  i
 350  0.00736102  350  350  i
 351  0.00362911  351  351  i
 352  0.00671192  352  352  i
 353  0.00168375  353  353  i
 354  0.00132852  354  354  i
 355  0.00422445  355  355  i
 356  0.00702637  356  356  i
 357  0.00798624  357  357  i
 358  0.00620632  358  358  i
 359  0.0057078  359  359  i
 360  0.00308265  360  360  i
 361  0.00313977  361  361  i
 362  0.00627151  362  362  i
 363  0.00620164  363  363  i
 364  0.0157116  364  364  i
 365  0.00176387  365  365  i
 366  0.00232943  366  366  i
 367  0.00176454  367  367  i
 368  0.00284714  368  368  i
 369  0.00524102  369  369  i
 370  0.0167777  370  370  i
 371  0.0134878  371  371  i
 372  0.00701961  372  372  i
 373  0.000943774  373  373  i
 374  0.000881128  374  374  i
 375  0.004725  375  375  i
 376  0.013866  376  376  i
 377  0.0103857  377  377  i
 378  0.0183644  378  378  i
 379  0.0122016  379  379  i
 380  0.00531619  380  380  i
 381  0.0110667  381  381  i
 382  0.00234344  382  382  i
 383  0.00941857  383  383  i
 384  0.00870422  384  384  i
 385  0.00720856  385  385  i
 386  0.00406702  386  386  i
 387  0.00599126  387  387  i
 388  0.00160056  388  388  i
 389  0.00196699  389  389  i
 390  0.00883905  390  390  i
 391  0.00612065  391  391  i
 392  0.00564821  392  392  i
 393  0.00647499  393  393  i
 394  0.00421472  394  394  i
 395  0.00233707  395  395  i
 396  0.00167172  396  396  i
 397  0.00538713  397  397  i
 398  0.00606782  398  398  i
 399  0.00580758  399  399  i
 400  0.00459275  400  400  i
 401  0.00499505  401  401  i
 402  0.000853337  402  402  i
 403  0.00155776  403  403  i
 404  0.00599186  404  404  i
 405  0.00599746  405  405  i
 406  0.0045305  406  406  i
 407  0.00381019  407  407  i
 408  0.00470963  408  408  i
 409  0.00102293  409  409  i
 410  0.00126089  410  410  i
 411  0.00500572  411  411  i
 412  0.00480001  412  412  i
 413  0.00500882  413  413  i
 414  0.00665495  414  414  i
 415  0.00540592  415  415  i
 416  0.00119718  416  416  i
 417  0.00173232  417  417  i
 418  0.0064522  418  418  i
 419  0.00717157  419  419  i
 420  0.00707782  420  420  i
 421  0.00721383  421  421  i
 422  0.00484763  422  422  i
 423  0.00623793  423  423  i
 424  0.000677876  424  424  i
 425  0.00813449  425  425  i
 426  0.0099374  426  426  i
 427  0.00747245  427  427  i
 428  0.00563127  428  428  i
 429  0.0121819  429  429  i
 430  0.00260109  430  430  i
 431  0.00098875  431  431  i
 432  0.00899674  432  432  i
 433  0.00993795  433  433  i
 434  0.00855469  434  434  i
 435  0.00820404  435  435  i
 436  0.00811032  436  436  i
 437  0.00443994  437  437  i
 438  0.00271836  438  438  i
 439  0.00701144  439  439  i
 440  0.0115336  440  440  i
 441  0.00891372  441  441  i
 442  0.00730101  442  442  i
 443  0.0118193  443  443  i
 444  0.0023908  444  444  i
 445  0.00209289  445  445  i
 446  0.00880062  446  446  i
 447  0.0097851  447  447  i
 448  0.0100869  448  448  i
 449  0.00868937  449  449  i
 450  0.0077372  450  450  i
 451  0.00131454  451  451  i
 452  0.0022324  452  452  i
 453  0.00918149  453  453  i
 454  0.00875562  454  454  i
 455  0.00879014  455  455  i
 456  0.00535635  456  456  i
 457  0.00467674  457  457  i
 458  0.00151212  458  458  i
 459  0.000935227  459  459  i
 460  0.00972249  460  460  i
 461  0.00525338  461  461  i
 462  0.00540453  462  462  i
 463  0.00686087  463  463  i
 464  0.00333667  464  464  i
 465  0.00036196  465  465  i
 466  0.00162423  466  466  i
 467  0.00039336  467  467  i
 468  0.00645224  468  468  i
 469  0.00559978  469  469  i


