
# Curve 0 of 1, 343 points
# Curve title: "daily incidence"
# x y xlow xhigh type
-1  67520 -1 -1  i
 73  6  73  73  i
 74  2  74  74  i
 75  2  75  75  i
 77  2  77  77  i
 78  4  78  78  i
 79  2  79  79  i
 81  9  81  81  i
 82  2  82  82  i
 83  6  83  83  i
 84  9  84  84  i
 85  9  85  85  i
 86  8  86  86  i
 87  7  87  87  i
 88  7  88  88  i
 89  15  89  89  i
 90  5  90  90  i
 91  7  91  91  i
 92  15  92  92  i
 93  8  93  93  i
 94  18  94  94  i
 95  4  95  95  i
 96  10  96  96  i
 97  2  97  97  i
 98  8  98  98  i
 99  9  99  99  i
 101  8  101  101  i
 102  4  102  102  i
 105  5  105  105  i
 106  2  106  106  i
 107  2  107  107  i
 108  3  108  108  i
 109  1  109  109  i
 110  2  110  110  i
 111  1  111  111  i
 112  3  112  112  i
 113  1  113  113  i
 116  1  116  116  i
 117  1  117  117  i
 118  3  118  118  i
 121  1  121  121  i
 122  1  122  122  i
 125  1  125  125  i
 132  2  132  132  i
 133  2  133  133  i
 134  1  134  134  i
 142  1  142  142  i
 149  1  149  149  i
 152  2  152  152  i
 153  3  153  153  i
 156  2  156  156  i
 158  2  158  158  i
 159  3  159  159  i
 160  1  160  160  i
 161  3  161  161  i
 163  2  163  163  i
 166  1  166  166  i
 167  1  167  167  i
 168  2  168  168  i
 169  1  169  169  i
 170  3  170  170  i
 174  5  174  174  i
 176  1  176  176  i
 177  3  177  177  i
 179  1  179  179  i
 180  2  180  180  i
 184  1  184  184  i
 190  3  190  190  i
 191  3  191  191  i
 194  1  194  194  i
 195  1  195  195  i
 197  4  197  197  i
 198  1  198  198  i
 201  1  201  201  i
 202  4  202  202  i
 203  4  203  203  i
 204  2  204  204  i
 205  1  205  205  i
 208  2  208  208  i
 209  3  209  209  i
 210  16  210  210  i
 211  9  211  211  i
 212  4  212  212  i
 213  2  213  213  i
 214  3  214  214  i
 215  7  215  215  i
 216  1  216  216  i
 217  3  217  217  i
 218  1  218  218  i
 219  4  219  219  i
 222  4  222  222  i
 223  4  223  223  i
 224  2  224  224  i
 225  2  225  225  i
 226  5  226  226  i
 229  7  229  229  i
 230  1  230  230  i
 231  3  231  231  i
 232  2  232  232  i
 233  8  233  233  i
 235  4  235  235  i
 236  6  236  236  i
 237  9  237  237  i
 238  5  238  238  i
 239  7  239  239  i
 240  7  240  240  i
 241  2  241  241  i
 242  2  242  242  i
 243  5  243  243  i
 244  1  244  244  i
 245  7  245  245  i
 246  10  246  246  i
 247  6  247  247  i
 248  3  248  248  i
 249  1  249  249  i
 250  1  250  250  i
 251  25  251  251  i
 252  11  252  252  i
 253  27  253  253  i
 254  7  254  254  i
 255  15  255  255  i
 256  11  256  256  i
 257  25  257  257  i
 258  38  258  258  i
 259  39  259  259  i
 260  50  260  260  i
 261  44  261  261  i
 262  27  262  262  i
 263  7  263  263  i
 264  33  264  264  i
 265  44  265  265  i
 266  41  266  266  i
 267  48  267  267  i
 268  79  268  268  i
 269  35  269  269  i
 270  4  270  270  i
 271  25  271  271  i
 272  44  272  272  i
 273  62  273  273  i
 274  57  274  274  i
 275  88  275  275  i
 276  29  276  276  i
 277  4  277  277  i
 278  78  278  278  i
 279  81  279  279  i
 280  89  280  280  i
 281  91  281  281  i
 282  188  282  282  i
 283  58  283  283  i
 284  23  284  284  i
 285  89  285  285  i
 286  81  286  286  i
 287  151  287  287  i
 288  212  288  288  i
 289  201  289  289  i
 290  136  290  290  i
 291  63  291  291  i
 292  165  292  292  i
 293  212  293  293  i
 294  341  294  294  i
 295  229  295  295  i
 296  251  296  296  i
 297  135  297  297  i
 298  142  298  298  i
 299  110  299  299  i
 300  376  300  300  i
 301  194  301  301  i
 302  173  302  302  i
 303  232  303  303  i
 304  92  304  304  i
 305  123  305  305  i
 306  148  306  306  i
 307  159  307  307  i
 308  204  308  308  i
 309  167  309  309  i
 310  193  310  310  i
 311  112  311  311  i
 312  99  312  312  i
 313  145  313  313  i
 314  73  314  314  i
 315  210  315  315  i
 316  97  316  316  i
 317  100  317  317  i
 318  38  318  318  i
 319  16  319  319  i
 320  123  320  320  i
 321  59  321  321  i
 322  95  322  322  i
 323  83  323  323  i
 324  87  324  324  i
 325  59  325  325  i
 326  11  326  326  i
 327  75  327  327  i
 328  56  328  328  i
 329  114  329  329  i
 330  49  330  330  i
 331  77  331  331  i
 332  56  332  332  i
 333  3  333  333  i
 334  77  334  334  i
 335  81  335  335  i
 336  69  336  336  i
 337  75  337  337  i
 338  124  338  338  i
 339  47  339  339  i
 340  2  340  340  i
 341  78  341  341  i
 342  78  342  342  i
 343  152  343  343  i
 344  77  344  344  i
 345  149  345  345  i
 346  36  346  346  i
 347  32  347  347  i
 348  103  348  348  i
 349  139  349  349  i
 350  159  350  350  i
 351  122  351  351  i
 352  113  352  352  i
 353  52  353  353  i
 354  52  354  354  i
 355  148  355  355  i
 356  112  356  356  i
 357  294  357  357  i
 358  29  358  358  i
 359  46  359  359  i
 360  25  360  360  i
 361  43  361  361  i
 362  89  362  362  i
 363  304  363  363  i
 364  236  364  364  i
 365  125  365  365  i
 366  22  366  366  i
 367  11  367  367  i
 368  71  368  368  i
 369  218  369  369  i
 370  162  370  370  i
 371  305  371  371  i
 372  195  372  372  i
 373  91  373  373  i
 374  191  374  374  i
 375  39  375  375  i
 376  168  376  376  i
 377  169  377  377  i
 378  142  378  378  i
 379  69  379  379  i
 380  110  380  380  i
 381  32  381  381  i
 382  45  382  382  i
 383  178  383  383  i
 384  114  384  384  i
 385  95  385  385  i
 386  120  386  386  i
 387  84  387  387  i
 388  40  388  388  i
 389  38  389  389  i
 390  110  390  390  i
 391  122  391  391  i
 392  103  392  392  i
 393  98  393  393  i
 394  114  394  394  i
 395  19  395  395  i
 396  32  396  396  i
 397  131  397  397  i
 398  147  398  398  i
 399  95  399  399  i
 400  83  400  400  i
 401  103  401  401  i
 402  17  402  402  i
 403  30  403  403  i
 404  101  404  404  i
 405  111  405  405  i
 406  91  406  406  i
 407  109  407  407  i
 408  108  408  408  i
 409  21  409  409  i
 410  29  410  410  i
 411  157  411  411  i
 412  136  412  412  i
 413  119  413  413  i
 414  127  414  414  i
 415  105  415  415  i
 416  140  416  416  i
 417  10  417  417  i
 418  180  418  418  i
 419  178  419  419  i
 420  151  420  420  i
 421  105  421  421  i
 422  266  422  422  i
 423  55  423  423  i
 424  17  424  424  i
 425  191  425  425  i
 426  225  426  426  i
 427  167  427  427  i
 428  156  428  428  i
 429  162  429  429  i
 430  111  430  430  i
 431  47  431  431  i
 432  144  432  432  i
 433  232  433  433  i
 434  204  434  434  i
 435  162  435  435  i
 436  225  436  436  i
 437  47  437  437  i
 438  44  438  438  i
 439  178  439  439  i
 440  199  440  440  i
 441  176  441  441  i
 442  144  442  442  i
 443  155  443  443  i
 444  22  444  444  i
 445  46  445  445  i
 446  170  446  446  i
 447  168  447  447  i
 448  148  448  448  i
 449  110  449  449  i
 450  100  450  450  i
 451  35  451  451  i
 452  22  452  452  i
 453  218  453  453  i
 454  106  454  454  i
 455  98  455  455  i
 456  123  456  456  i
 457  69  457  457  i
 458  6  458  458  i
 459  26  459  459  i
 460  6  460  460  i
 461  139  461  461  i
 462  108  462  462  i
 463  144  463  463  i
 464  101  464  464  i
 465  13  465  465  i
 466  5  466  466  i
 467  119  467  467  i
 468  105  468  468  i
 469  101  469  469  i
 470  57  470  470  i
 471  83  471  471  i
 472  12  472  472  i
 473  10  473  473  i
 474  115  474  474  i
 475  81  475  475  i
 476  70  476  476  i


