
# Curve 0 of 1, 336 points
# Curve title: "CFR predicted deaths"
# x y xlow xhigh type
-1  1452.66 -1 -1  i
 79  0.00122872  79  79  i
 80  0.00132615  80  80  i
 81  0.00376382  81  81  i
 85  0.0071776  85  85  i
 87  0.00307668  87  87  i
 88  0.00408361  88  88  i
 89  0.00143324  89  89  i
 90  0.00335127  90  90  i
 91  0.00355864  91  91  i
 92  0.00405793  92  92  i
 93  0.0071808  93  93  i
 94  0.00706744  94  94  i
 95  0.00396068  95  95  i
 96  0.00156405  96  96  i
 97  0.0032146  97  97  i
 98  0.00697175  98  98  i
 99  0.00510685  99  99  i
 100  0.00472269  100  100  i
 101  0.00295841  101  101  i
 103  0.0043697  103  103  i
 104  0.00450963  104  104  i
 105  0.00842385  105  105  i
 106  0.00784039  106  106  i
 107  0.00299574  107  107  i
 108  0.000596895  108  108  i
 110  0.00193432  110  110  i
 112  0.000673439  112  112  i
 113  0.00123111  113  113  i
 114  0.000759798  114  114  i
 117  0.00182439  117  117  i
 119  0.00223354  119  119  i
 120  0.00284814  120  120  i
 121  0.00176462  121  121  i
 122  0.000759798  122  122  i
 124  0.000468919  124  124  i
 132  0.000468919  132  132  i
 133  0.000997971  133  133  i
 139  0.000529052  139  139  i
 143  0.000857231  143  143  i
 149  0.000857231  149  149  i
 150  0.000596895  150  150  i
 159  0.000967159  159  159  i
 160  0.00127033  160  160  i
 162  0.000596895  162  162  i
 163  0.00248017  163  163  i
 165  0.00281814  165  165  i
 166  0.00134688  166  166  i
 167  0.00190216  167  167  i
 168  0.00138899  168  168  i
 170  0.000529052  170  170  i
 177  0.000529052  177  177  i
 179  0.000673439  179  179  i
 180  0.000596895  180  180  i
 182  0.000468919  182  182  i
 184  0.0016406  184  184  i
 187  0.000759798  187  187  i
 189  0.000529052  189  189  i
 191  0.00123111  191  191  i
 197  0.00161703  197  197  i
 198  0.00145413  198  198  i
 199  0.00109118  199  199  i
 200  0.00138899  200  200  i
 202  0.00138899  202  202  i
 205  0.00186723  205  205  i
 209  0.000468919  209  209  i
 211  0.00132615  211  211  i
 212  0.00277797  212  212  i
 215  0.000596895  215  215  i
 216  0.00332331  216  216  i
 218  0.00268524  218  218  i
 219  0.000857231  219  219  i
 221  0.000468919  221  221  i
 222  0.0015601  222  222  i
 223  0.00123111  223  223  i
 226  0.000857231  226  226  i
 229  0.00123111  229  229  i
 232  0.00128885  232  232  i
 233  0.000857231  233  233  i
 238  0.00430818  238  238  i
 239  0.000759798  239  239  i
 240  0.00291557  240  240  i
 241  0.000468919  241  241  i
 242  0.000468919  242  242  i
 243  0.00109118  243  243  i
 244  0.00120249  244  244  i
 245  0.000468919  245  245  i
 246  0.00212757  246  246  i
 247  0.00224622  247  247  i
 248  0.00182801  248  248  i
 250  0.00171446  250  250  i
 251  0.00127033  251  251  i
 252  0.00421929  252  252  i
 253  0.00194842  253  253  i
 254  0.00251996  254  254  i
 255  0.000529052  255  255  i
 256  0.00188574  256  256  i
 257  0.00267784  257  257  i
 258  0.0083728  258  258  i
 259  0.00586643  259  259  i
 260  0.0125793  260  260  i
 261  0.00451533  261  261  i
 262  0.0113839  262  262  i
 263  0.00697957  263  263  i
 264  0.0138485  264  264  i
 265  0.00766618  265  265  i
 266  0.0122037  266  266  i
 267  0.0191398  267  267  i
 268  0.0158748  268  268  i
 269  0.00789281  269  269  i
 270  0.000997971  270  270  i
 271  0.0178803  271  271  i
 272  0.00939605  272  272  i
 273  0.0195553  273  273  i
 274  0.0260099  274  274  i
 275  0.0588065  275  275  i
 276  0.0217856  276  276  i
 277  0.00194842  277  277  i
 278  0.0148045  278  278  i
 279  0.0386006  279  279  i
 280  0.0370191  280  280  i
 281  0.041241  281  281  i
 282  0.0639539  282  282  i
 283  0.00973654  283  283  i
 284  0.00143608  284  284  i
 285  0.0406483  285  285  i
 286  0.0537639  286  286  i
 287  0.0539916  287  287  i
 288  0.079982  288  288  i
 289  0.117699  289  289  i
 290  0.0390924  290  290  i
 291  0.0114707  291  291  i
 292  0.0772976  292  292  i
 293  0.0571973  293  293  i
 294  0.150701  294  294  i
 295  0.191504  295  295  i
 296  0.162093  296  296  i
 297  0.115396  297  297  i
 298  0.0338062  298  298  i
 299  0.142113  299  299  i
 300  0.193429  300  300  i
 301  0.262241  301  301  i
 302  0.172933  302  302  i
 303  0.184376  303  303  i
 304  0.118034  304  304  i
 305  0.117029  305  305  i
 306  0.0966792  306  306  i
 307  0.30699  307  307  i
 308  0.164155  308  308  i
 309  0.151885  309  309  i
 310  0.166453  310  310  i
 311  0.106867  311  311  i
 312  0.0918921  312  312  i
 313  0.12073  313  313  i
 314  0.170407  314  314  i
 315  0.171065  315  315  i
 316  0.151408  316  316  i
 317  0.148265  317  317  i
 318  0.0741502  318  318  i
 319  0.055934  319  319  i
 320  0.0958234  320  320  i
 321  0.0577946  321  321  i
 322  0.117997  322  322  i
 323  0.0650722  323  323  i
 324  0.067828  324  324  i
 325  0.0307036  325  325  i
 326  0.00762235  326  326  i
 327  0.077556  327  327  i
 328  0.0230318  328  328  i
 329  0.0638908  329  329  i
 330  0.0632135  330  330  i
 331  0.0588479  331  331  i
 332  0.0273742  332  332  i
 333  0.00973737  333  333  i
 334  0.044541  334  334  i
 335  0.025327  335  335  i
 336  0.0704996  336  336  i
 337  0.035555  337  337  i
 338  0.0516409  338  338  i
 339  0.0361222  339  339  i
 340  0.000937838  340  340  i
 341  0.0488787  341  341  i
 342  0.0680311  342  342  i
 343  0.0472477  343  343  i
 344  0.0412256  344  344  i
 345  0.0401354  345  345  i
 346  0.0235528  346  346  i
 347  0.00344871  347  347  i
 348  0.0616174  348  348  i
 349  0.0752778  349  349  i
 350  0.113628  350  350  i
 351  0.0350555  351  351  i
 352  0.0859816  352  352  i
 353  0.00929821  353  353  i
 354  0.0163303  354  354  i
 355  0.07312  355  355  i
 356  0.0948407  356  356  i
 357  0.0892482  357  357  i
 358  0.107724  358  358  i
 359  0.0725373  359  359  i
 360  0.0305078  360  360  i
 361  0.0355633  361  361  i
 362  0.0865605  362  362  i
 363  0.073641  363  363  i
 364  0.194153  364  364  i
 365  0.0161197  365  365  i
 366  0.0337648  366  366  i
 367  0.0184886  367  367  i
 368  0.0338116  368  368  i
 369  0.0663128  369  369  i
 370  0.243623  370  370  i
 371  0.166786  371  371  i
 372  0.0887031  372  372  i
 373  0.0139145  373  373  i
 374  0.0157881  374  374  i
 375  0.0404022  375  375  i
 376  0.146563  376  376  i
 377  0.0816906  377  377  i
 378  0.234919  378  378  i
 379  0.113762  379  379  i
 380  0.0725236  380  380  i
 381  0.143739  381  381  i
 382  0.032214  382  382  i
 383  0.106775  383  383  i
 384  0.123915  384  384  i
 385  0.110679  385  385  i
 386  0.055499  386  386  i
 387  0.096537  387  387  i
 388  0.0136713  388  388  i
 389  0.02069  389  389  i
 390  0.11675  390  390  i
 391  0.0964406  391  391  i
 392  0.0981474  392  392  i
 393  0.0635444  393  393  i
 394  0.068517  394  394  i
 395  0.0207407  395  395  i
 396  0.0197829  396  396  i
 397  0.0873672  397  397  i
 398  0.0970646  398  398  i
 399  0.088117  399  399  i
 400  0.0705727  400  400  i
 401  0.0618243  401  401  i
 402  0.011751  402  402  i
 403  0.0102142  403  403  i
 404  0.0841428  404  404  i
 405  0.0966533  405  405  i
 406  0.0712714  406  406  i
 407  0.0655451  407  407  i
 408  0.0673072  408  408  i
 409  0.0203184  409  409  i
 410  0.0145763  410  410  i
 411  0.0718764  411  411  i
 412  0.104677  412  412  i
 413  0.0832996  413  413  i
 414  0.0716047  414  414  i
 415  0.0846502  415  415  i
 416  0.0167001  416  416  i
 417  0.023096  417  417  i
 418  0.0992065  418  418  i
 419  0.0921995  419  419  i
 420  0.0822444  420  420  i
 421  0.0809467  421  421  i
 422  0.0513822  422  422  i
 423  0.0660294  423  423  i
 424  0.00564736  424  424  i
 425  0.10733  425  425  i
 426  0.119911  426  426  i
 427  0.100506  427  427  i
 428  0.0691384  428  428  i
 429  0.148459  429  429  i
 430  0.0347655  430  430  i
 431  0.00772459  431  431  i
 432  0.130604  432  432  i
 433  0.118402  433  433  i
 434  0.107209  434  434  i
 435  0.131041  435  435  i
 436  0.101793  436  436  i
 437  0.10034  437  437  i
 438  0.0169682  438  438  i
 439  0.111695  439  439  i
 440  0.133521  440  440  i
 441  0.140096  441  441  i
 442  0.108514  442  442  i
 443  0.140555  443  443  i
 444  0.0298475  444  444  i
 445  0.025575  445  445  i
 446  0.119471  446  446  i
 447  0.125098  447  447  i
 448  0.116575  448  448  i
 449  0.123302  449  449  i
 450  0.118453  450  450  i
 451  0.0244874  451  451  i
 452  0.023641  452  452  i
 453  0.105881  453  453  i
 454  0.115909  454  454  i
 455  0.0931581  455  455  i
 456  0.0695349  456  456  i
 457  0.0572608  457  457  i
 458  0.0307448  458  458  i
 459  0.0104317  459  459  i
 460  0.138934  460  460  i
 461  0.0824176  461  461  i
 462  0.0820081  462  462  i
 463  0.0777205  463  463  i
 464  0.044213  464  464  i
 465  0.00468253  465  465  i
 466  0.0119013  466  466  i
 467  0.00248017  467  467  i
 468  0.088655  468  468  i
 469  0.0640572  469  469  i
 470  0.101897  470  470  i
 471  0.0674093  471  471  i
 472  0.0147139  472  472  i
 473  0.00652703  473  473  i
 474  0.0727906  474  474  i
 475  0.0541202  475  475  i
 476  0.0741654  476  476  i
 477  0.0297499  477  477  i
 478  0.0326232  478  478  i
 479  0.0143538  479  479  i
 480  0.00437787  480  480  i
 481  0.0429374  481  481  i
 482  0.0591776  482  482  i
 483  0.0287103  483  483  i
 484  0.0240579  484  484  i
 485  0.0400139  485  485  i
 486  0.0150596  486  486  i
 487  0.00109118  487  487  i
 488  0.0494815  488  488  i
 489  0.0368845  489  489  i
 490  0.0377015  490  490  i
 491  0.0317101  491  491  i
 492  0.0223184  492  492  i
 493  0.00674334  493  493  i
 494  0.00309077  494  494  i


