
# Curve 0 of 1, 315 points
# Curve title: "daily incidence"
# x y xlow xhigh type
-1  70352 -1 -1  i
 72  2  72  72  i
 73  2  73  73  i
 74  6  74  74  i
 78  8  78  78  i
 80  4  80  80  i
 81  5  81  81  i
 82  2  82  82  i
 83  4  83  83  i
 84  4  84  84  i
 85  5  85  85  i
 86  8  86  86  i
 87  8  87  87  i
 88  4  88  88  i
 89  2  89  89  i
 90  4  90  90  i
 91  7  91  91  i
 92  5  92  92  i
 93  5  93  93  i
 94  4  94  94  i
 96  5  96  96  i
 97  5  97  97  i
 98  10  98  98  i
 99  9  99  99  i
 100  3  100  100  i
 101  1  101  101  i
 103  2  103  103  i
 105  1  105  105  i
 106  1  106  106  i
 107  1  107  107  i
 110  2  110  110  i
 112  3  112  112  i
 113  3  113  113  i
 114  2  114  114  i
 115  1  115  115  i
 117  1  117  117  i
 125  1  125  125  i
 126  2  126  126  i
 132  1  132  132  i
 136  1  136  136  i
 142  1  142  142  i
 143  1  143  143  i
 152  1  152  152  i
 153  2  153  153  i
 155  1  155  155  i
 156  2  156  156  i
 158  3  158  158  i
 159  2  159  159  i
 160  3  160  160  i
 161  1  161  161  i
 163  1  163  163  i
 170  1  170  170  i
 172  1  172  172  i
 173  1  173  173  i
 175  1  175  175  i
 177  2  177  177  i
 180  1  180  180  i
 182  1  182  182  i
 184  1  184  184  i
 190  2  190  190  i
 191  2  191  191  i
 192  1  192  192  i
 193  1  193  193  i
 195  1  195  195  i
 198  3  198  198  i
 202  1  202  202  i
 204  2  204  204  i
 205  2  205  205  i
 208  1  208  208  i
 209  3  209  209  i
 211  3  211  211  i
 212  1  212  212  i
 214  1  214  214  i
 215  2  215  215  i
 216  1  216  216  i
 219  1  219  219  i
 222  1  222  222  i
 225  2  225  225  i
 226  1  226  226  i
 231  4  231  231  i
 232  1  232  232  i
 233  3  233  233  i
 234  1  234  234  i
 235  1  235  235  i
 236  1  236  236  i
 237  2  237  237  i
 238  1  238  238  i
 239  3  239  239  i
 240  2  240  240  i
 241  2  241  241  i
 243  2  243  243  i
 244  2  244  244  i
 245  5  245  245  i
 246  2  246  246  i
 247  3  247  247  i
 248  1  248  248  i
 249  3  249  249  i
 250  3  250  250  i
 251  12  251  251  i
 252  8  252  252  i
 253  15  253  253  i
 254  5  254  254  i
 255  14  255  255  i
 256  9  256  256  i
 257  17  257  257  i
 258  10  258  258  i
 259  16  259  259  i
 260  26  260  260  i
 261  18  261  261  i
 262  11  262  262  i
 263  2  263  263  i
 264  19  264  264  i
 265  12  265  265  i
 266  23  266  266  i
 267  32  267  267  i
 268  70  268  268  i
 269  26  269  269  i
 270  2  270  270  i
 271  17  271  271  i
 272  44  272  272  i
 273  44  273  273  i
 274  53  274  274  i
 275  74  275  275  i
 276  13  276  276  i
 277  2  277  277  i
 278  47  278  278  i
 279  61  279  279  i
 280  63  280  280  i
 281  95  281  281  i
 282  136  282  282  i
 283  46  283  283  i
 284  13  284  284  i
 285  87  285  285  i
 286  63  286  286  i
 287  169  287  287  i
 288  227  288  288  i
 289  186  289  289  i
 290  131  290  290  i
 291  41  291  291  i
 292  158  292  292  i
 293  223  293  293  i
 294  300  294  294  i
 295  208  295  295  i
 296  213  296  296  i
 297  131  297  297  i
 298  140  298  298  i
 299  109  299  299  i
 300  347  300  300  i
 301  182  301  301  i
 302  180  302  302  i
 303  193  303  303  i
 304  120  304  304  i
 305  110  305  305  i
 306  136  306  306  i
 307  194  307  307  i
 308  200  308  308  i
 309  172  309  309  i
 310  165  310  310  i
 311  83  311  311  i
 312  62  312  312  i
 313  112  313  313  i
 314  61  314  314  i
 315  136  315  315  i
 316  74  316  316  i
 317  74  317  317  i
 318  35  318  318  i
 319  10  319  319  i
 320  87  320  320  i
 321  27  321  321  i
 322  70  322  322  i
 323  79  323  323  i
 324  64  324  324  i
 325  35  325  325  i
 326  11  326  326  i
 327  51  327  327  i
 328  29  328  328  i
 329  91  329  329  i
 330  41  330  330  i
 331  65  331  331  i
 332  43  332  332  i
 333  2  333  333  i
 334  58  334  334  i
 335  81  335  335  i
 336  52  336  336  i
 337  48  337  337  i
 338  50  338  338  i
 339  28  339  339  i
 340  4  340  340  i
 341  74  341  341  i
 342  83  342  342  i
 343  128  343  343  i
 344  41  344  344  i
 345  99  345  345  i
 346  12  346  346  i
 347  19  347  347  i
 348  84  348  348  i
 349  103  349  349  i
 350  98  350  350  i
 351  122  351  351  i
 352  92  352  352  i
 353  33  353  353  i
 354  42  354  354  i
 355  102  355  355  i
 356  86  356  356  i
 357  230  357  357  i
 358  17  358  358  i
 359  39  359  359  i
 360  21  360  360  i
 361  35  361  361  i
 362  79  362  362  i
 363  276  363  363  i
 364  192  364  364  i
 365  106  365  365  i
 366  18  366  366  i
 367  17  367  367  i
 368  49  368  368  i
 369  171  369  369  i
 370  97  370  370  i
 371  265  371  371  i
 372  133  372  372  i
 373  85  373  373  i
 374  165  374  374  i
 375  34  375  375  i
 376  124  376  376  i
 377  138  377  377  i
 378  128  378  378  i
 379  60  379  379  i
 380  104  380  380  i
 381  19  381  381  i
 382  23  382  382  i
 383  130  383  383  i
 384  115  384  384  i
 385  108  385  385  i
 386  73  386  386  i
 387  77  387  387  i
 388  23  388  388  i
 389  25  389  389  i
 390  97  390  390  i
 391  116  391  391  i
 392  105  392  392  i
 393  73  393  393  i
 394  75  394  394  i
 395  15  395  395  i
 396  12  396  396  i
 397  102  397  397  i
 398  116  398  398  i
 399  86  399  399  i
 400  75  400  400  i
 401  82  401  401  i
 402  22  402  402  i
 403  19  403  403  i
 404  87  404  404  i
 405  119  405  405  i
 406  93  406  406  i
 407  82  407  407  i
 408  98  408  408  i
 409  19  409  409  i
 410  24  410  410  i
 411  114  411  411  i
 412  107  412  412  i
 413  96  413  413  i
 414  93  414  414  i
 415  56  415  415  i
 416  78  416  416  i
 417  6  417  417  i
 418  126  418  418  i
 419  137  419  419  i
 420  111  420  420  i
 421  80  421  421  i
 422  172  422  422  i
 423  41  423  423  i
 424  9  424  424  i
 425  145  425  425  i
 426  138  426  426  i
 427  129  427  427  i
 428  153  428  428  i
 429  119  429  429  i
 430  115  430  430  i
 431  21  431  431  i
 432  134  432  432  i
 433  154  433  433  i
 434  164  434  434  i
 435  127  435  435  i
 436  160  436  436  i
 437  35  437  437  i
 438  27  438  438  i
 439  133  439  439  i
 440  141  440  440  i
 441  134  441  441  i
 442  143  442  442  i
 443  134  443  443  i
 444  28  444  444  i
 445  30  445  445  i
 446  114  446  446  i
 447  134  447  447  i
 448  101  448  448  i
 449  79  449  449  i
 450  59  450  450  i
 451  34  451  451  i
 452  13  452  452  i
 453  156  453  453  i
 454  95  454  454  i
 455  91  455  455  i
 456  88  456  456  i
 457  46  457  457  i
 458  4  458  458  i
 459  14  459  459  i
 460  2  460  460  i
 461  97  461  461  i
 462  74  462  462  i
 463  112  463  463  i
 464  73  464  464  i
 465  16  465  465  i
 466  6  466  466  i


