
# Curve 0 of 1, 305 points
# Curve title: "CFR predicted deaths B.1.1.7"
# x y xlow xhigh type
-1  1522.2 -1 -1  i
 74  0.00308332  74  74  i
 80  0.00214694  80  80  i
 86  0.00308332  86  86  i
 87  0.0127678  87  87  i
 88  0.0216561  88  88  i
 89  0.00392481  89  89  i
 90  0.00621159  90  90  i
 91  0.00515512  91  91  i
 92  0.0117172  92  92  i
 93  0.0112819  93  93  i
 94  0.00463578  94  94  i
 95  0.00214694  95  95  i
 96  0.00392481  96  96  i
 97  0.00607175  97  97  i
 98  0.012298  98  98  i
 100  0.0265482  100  100  i
 101  0.0162598  101  101  i
 103  0.015325  103  103  i
 104  0.00404985  104  104  i
 105  0.0157035  105  105  i
 106  0.0214503  106  106  i
 107  0.00836949  107  107  i
 108  0.00797466  108  108  i
 112  0.00499596  112  112  i
 113  0.00582773  113  113  i
 114  0.00273287  114  114  i
 117  0.00590097  117  117  i
 119  0.00805887  119  119  i
 125  0.00429387  125  125  i
 132  0.00347872  132  132  i
 133  0.00442812  133  133  i
 150  0.00242225  150  150  i
 163  0.00656204  163  163  i
 164  0.0173857  164  164  i
 165  0.0081145  165  165  i
 166  0.0126634  166  166  i
 167  0.00778356  167  167  i
 168  0.00562565  168  168  i
 169  0.00190291  169  169  i
 170  0.00442812  170  170  i
 174  0.00807928  174  174  i
 176  0.00499596  176  176  i
 184  0.00847468  184  184  i
 189  0.00308332  189  189  i
 196  0.00563662  196  196  i
 202  0.00499596  202  202  i
 204  0.00463578  204  204  i
 210  0.00273287  210  210  i
 211  0.00190291  211  211  i
 212  0.00392481  212  212  i
 215  0.00242225  215  215  i
 216  0.00499596  216  216  i
 217  0.00563662  217  217  i
 218  0.00308332  218  218  i
 219  0.00392481  219  219  i
 223  0.00242225  223  223  i
 224  0.00702674  224  224  i
 225  0.00442812  225  225  i
 226  0.00242225  226  226  i
 229  0.00190291  229  229  i
 231  0.0110183  231  231  i
 233  0.00937968  233  233  i
 236  0.0187965  236  236  i
 238  0.00499596  238  238  i
 240  0.0198173  240  240  i
 241  0.00242225  241  241  i
 242  0.0130402  242  242  i
 243  0.00956143  243  243  i
 244  0.00871994  244  244  i
 245  0.00242225  245  245  i
 246  0.0145574  246  246  i
 248  0.0102443  248  248  i
 249  0.00392481  249  249  i
 250  0.00847796  250  250  i
 252  0.00871994  252  252  i
 253  0.00347872  253  253  i
 254  0.00214694  254  254  i
 255  0.00563662  255  255  i
 258  0.0309772  258  258  i
 259  0.0048445  259  259  i
 260  0.0177376  260  260  i
 261  0.0129028  261  261  i
 262  0.0193749  262  262  i
 263  0.0166398  263  263  i
 264  0.0152518  264  264  i
 265  0.0201235  265  265  i
 266  0.0130548  266  266  i
 267  0.0759766  267  267  i
 268  0.0384555  268  268  i
 269  0.0256789  269  269  i
 270  0.00892965  270  270  i
 271  0.0487068  271  271  i
 272  0.0346503  272  272  i
 273  0.0590073  273  273  i
 274  0.0775281  274  274  i
 275  0.128907  275  275  i
 276  0.0706776  276  276  i
 277  0.00621159  277  277  i
 278  0.0410924  278  278  i
 279  0.120625  279  279  i
 280  0.0652555  280  280  i
 281  0.15697  281  281  i
 282  0.200956  282  282  i
 283  0.0322905  283  283  i
 284  0.00273287  284  284  i
 285  0.14151  285  285  i
 286  0.0995044  286  286  i
 287  0.136381  287  287  i
 288  0.198805  288  288  i
 289  0.402575  289  289  i
 290  0.100055  290  290  i
 291  0.038276  291  291  i
 292  0.209983  292  292  i
 293  0.145385  293  293  i
 294  0.432756  294  294  i
 295  0.575312  295  295  i
 296  0.545152  296  296  i
 297  0.275628  297  297  i
 298  0.133357  298  298  i
 299  0.449134  299  299  i
 300  0.474683  300  300  i
 301  0.806387  301  301  i
 302  0.538765  302  302  i
 303  0.552456  303  303  i
 304  0.319874  304  304  i
 305  0.320489  305  305  i
 306  0.270019  306  306  i
 307  0.997747  307  307  i
 308  0.477187  308  308  i
 309  0.514117  309  309  i
 310  0.536956  310  310  i
 311  0.355346  311  311  i
 312  0.389156  312  312  i
 313  0.468217  313  313  i
 314  0.55504  314  314  i
 315  0.580003  315  315  i
 316  0.577007  316  316  i
 317  0.547334  317  317  i
 318  0.258145  318  318  i
 319  0.16982  319  319  i
 320  0.353013  320  320  i
 321  0.258543  321  321  i
 322  0.528418  322  322  i
 323  0.249359  323  323  i
 324  0.267976  324  324  i
 325  0.134471  325  325  i
 326  0.0169776  326  326  i
 327  0.254093  327  327  i
 328  0.102724  328  328  i
 329  0.213849  329  329  i
 330  0.212762  330  330  i
 331  0.210693  331  331  i
 332  0.11743  332  332  i
 333  0.0384597  333  333  i
 334  0.142499  334  334  i
 335  0.146361  335  335  i
 336  0.196961  336  336  i
 337  0.117088  337  337  i
 338  0.130608  338  338  i
 339  0.0660518  339  339  i
 340  0.00273287  340  340  i
 341  0.19345  341  341  i
 342  0.204033  342  342  i
 343  0.1211  343  343  i
 344  0.110316  344  344  i
 345  0.166344  345  345  i
 346  0.100126  346  346  i
 347  0.0246987  347  347  i
 348  0.19077  348  348  i
 349  0.223364  349  349  i
 350  0.384736  350  350  i
 351  0.145878  351  351  i
 352  0.273608  352  352  i
 353  0.0483616  353  353  i
 354  0.0928545  354  354  i
 355  0.251193  355  355  i
 356  0.270636  356  356  i
 357  0.31867  357  357  i
 358  0.275753  358  358  i
 359  0.196403  359  359  i
 360  0.0773262  360  360  i
 361  0.0819707  361  361  i
 362  0.300376  362  362  i
 363  0.222795  363  363  i
 364  0.617377  364  364  i
 365  0.0659445  365  365  i
 366  0.106108  366  366  i
 367  0.0645284  367  367  i
 368  0.107949  368  368  i
 369  0.262707  369  369  i
 370  0.662149  370  370  i
 371  0.621883  371  371  i
 372  0.281726  372  372  i
 373  0.0334021  373  373  i
 374  0.0473614  374  374  i
 375  0.121192  375  375  i
 376  0.426637  376  376  i
 377  0.286845  377  377  i
 378  0.623603  378  378  i
 379  0.406286  379  379  i
 380  0.18538  380  380  i
 381  0.398608  381  381  i
 382  0.120164  382  382  i
 383  0.312318  383  383  i
 384  0.336038  384  384  i
 385  0.356478  385  385  i
 386  0.156857  386  386  i
 387  0.373411  387  387  i
 388  0.0646086  388  388  i
 389  0.0482454  389  389  i
 390  0.464637  390  390  i
 391  0.38619  391  391  i
 392  0.318556  392  392  i
 393  0.232771  393  393  i
 394  0.274449  394  394  i
 395  0.0711117  395  395  i
 396  0.0366572  396  396  i
 397  0.309405  397  397  i
 398  0.273331  398  398  i
 399  0.291572  399  399  i
 400  0.25649  400  400  i
 401  0.228673  401  401  i
 402  0.0531565  402  402  i
 403  0.0318005  403  403  i
 404  0.305031  404  404  i
 405  0.304587  405  405  i
 406  0.216748  406  406  i
 407  0.151194  407  407  i
 408  0.201781  408  408  i
 409  0.031952  409  409  i
 410  0.0189929  410  410  i
 411  0.200418  411  411  i
 412  0.3212  412  412  i
 413  0.418546  413  413  i
 414  0.392242  414  414  i
 415  0.350928  415  415  i
 416  0.104742  416  416  i
 417  0.0744072  417  417  i
 418  0.669839  418  418  i
 419  0.522489  419  419  i
 420  0.450473  420  420  i
 421  0.546982  421  421  i
 422  0.299453  422  422  i
 423  0.426173  423  423  i
 424  0.0394652  424  424  i
 425  0.607076  425  425  i
 426  0.688054  426  426  i
 427  0.652137  427  427  i
 428  0.438918  428  428  i
 429  0.808453  429  429  i
 430  0.147359  430  430  i
 431  0.0315005  431  431  i
 432  0.730775  432  432  i
 433  0.761417  433  433  i
 434  0.722621  434  434  i
 435  0.70651  435  435  i
 436  0.529331  436  436  i
 437  0.40049  437  437  i
 438  0.143241  438  438  i
 439  0.591562  439  439  i
 440  0.7458  440  440  i
 441  0.7788  441  441  i
 442  0.640257  442  442  i
 443  0.869117  443  443  i
 444  0.134522  444  444  i
 445  0.0817936  445  445  i
 446  0.764388  446  446  i
 447  0.701925  447  447  i
 448  0.765195  448  448  i
 449  0.583564  449  449  i
 450  0.68411  450  450  i
 451  0.0964175  451  451  i
 452  0.11005  452  452  i
 453  0.587628  453  453  i
 454  0.603628  454  454  i
 455  0.539794  455  455  i
 456  0.420357  456  456  i
 457  0.341575  457  457  i
 458  0.147883  458  458  i
 459  0.0725218  459  459  i
 460  0.744944  460  460  i
 461  0.442711  461  461  i
 462  0.487472  462  462  i
 463  0.456507  463  463  i
 464  0.191633  464  464  i
 465  0.0135569  465  465  i
 466  0.069829  466  466  i
 467  0.0136814  467  467  i
 468  0.443329  468  468  i
 469  0.525505  469  469  i
 470  0.473837  470  470  i
 471  0.349259  471  471  i
 472  0.046693  472  472  i
 473  0.00464588  473  473  i
 474  0.353047  474  474  i
 475  0.307226  475  475  i
 476  0.325609  476  476  i
 477  0.159797  477  477  i
 478  0.208986  478  478  i
 479  0.033074  479  479  i
 480  0.0695267  480  480  i
 481  0.300459  481  481  i
 482  0.242826  482  482  i


