
# Curve 0 of 1, 305 points
# Curve title: "daily incidence"
# x y xlow xhigh type
-1  75693 -1 -1  i
 67  1  67  67  i
 73  1  73  73  i
 79  1  79  79  i
 80  5  80  80  i
 81  6  81  81  i
 82  1  82  82  i
 83  2  83  83  i
 84  2  84  84  i
 85  4  85  85  i
 86  4  86  86  i
 87  2  87  87  i
 88  1  88  88  i
 89  1  89  89  i
 90  2  90  90  i
 91  4  91  91  i
 93  7  93  93  i
 94  4  94  94  i
 96  4  96  96  i
 97  2  97  97  i
 98  5  98  98  i
 99  5  99  99  i
 100  2  100  100  i
 101  3  101  101  i
 105  1  105  105  i
 106  2  106  106  i
 107  1  107  107  i
 110  2  110  110  i
 112  2  112  112  i
 118  2  118  118  i
 125  1  125  125  i
 126  1  126  126  i
 143  1  143  143  i
 156  2  156  156  i
 157  5  157  157  i
 158  3  158  158  i
 159  4  159  159  i
 160  2  160  160  i
 161  2  161  161  i
 162  1  162  162  i
 163  1  163  163  i
 167  2  167  167  i
 169  1  169  169  i
 177  2  177  177  i
 182  1  182  182  i
 189  1  189  189  i
 195  1  195  195  i
 197  2  197  197  i
 203  1  203  203  i
 204  1  204  204  i
 205  1  205  205  i
 208  1  208  208  i
 209  1  209  209  i
 210  1  210  210  i
 211  1  211  211  i
 212  1  212  212  i
 216  1  216  216  i
 217  3  217  217  i
 218  1  218  218  i
 219  1  219  219  i
 222  1  222  222  i
 224  3  224  224  i
 226  3  226  226  i
 229  5  229  229  i
 231  1  231  231  i
 233  5  233  233  i
 234  1  234  234  i
 235  3  235  235  i
 236  2  236  236  i
 237  2  237  237  i
 238  1  238  238  i
 239  3  239  239  i
 241  3  241  241  i
 242  1  242  242  i
 243  3  243  243  i
 245  2  245  245  i
 246  1  246  246  i
 247  1  247  247  i
 248  1  248  248  i
 251  10  251  251  i
 252  2  252  252  i
 253  6  253  253  i
 254  3  254  254  i
 255  6  255  255  i
 256  4  256  256  i
 257  4  257  257  i
 258  7  258  258  i
 259  3  259  259  i
 260  20  260  260  i
 261  11  261  261  i
 262  8  262  262  i
 263  4  263  263  i
 264  14  264  264  i
 265  11  265  265  i
 266  17  266  266  i
 267  24  267  267  i
 268  40  268  268  i
 269  22  269  269  i
 270  2  270  270  i
 271  14  271  271  i
 272  36  272  272  i
 273  20  273  273  i
 274  47  274  274  i
 275  57  275  275  i
 276  8  276  276  i
 277  1  277  277  i
 278  43  278  278  i
 279  32  279  279  i
 280  43  280  280  i
 281  62  281  281  i
 282  112  282  282  i
 283  28  283  283  i
 284  12  284  284  i
 285  63  285  285  i
 286  43  286  286  i
 287  130  287  287  i
 288  167  288  288  i
 289  161  289  289  i
 290  82  290  290  i
 291  42  291  291  i
 292  129  292  292  i
 293  144  293  293  i
 294  235  294  294  i
 295  153  295  295  i
 296  168  296  296  i
 297  89  297  297  i
 298  95  298  298  i
 299  76  299  299  i
 300  283  300  300  i
 301  141  301  301  i
 302  153  302  302  i
 303  163  303  303  i
 304  107  304  304  i
 305  106  305  305  i
 306  139  306  306  i
 307  152  307  307  i
 308  164  308  308  i
 309  161  309  309  i
 310  159  310  310  i
 311  75  311  311  i
 312  53  312  312  i
 313  107  313  313  i
 314  73  314  314  i
 315  149  315  315  i
 316  71  316  316  i
 317  74  317  317  i
 318  41  318  318  i
 319  7  319  319  i
 320  71  320  320  i
 321  29  321  321  i
 322  64  322  322  i
 323  61  323  323  i
 324  64  324  324  i
 325  33  325  325  i
 326  10  326  326  i
 327  41  327  327  i
 328  41  328  328  i
 329  63  329  329  i
 330  34  330  330  i
 331  37  331  331  i
 332  20  332  332  i
 333  1  333  333  i
 334  58  334  334  i
 335  58  335  335  i
 336  39  336  336  i
 337  33  337  337  i
 338  44  338  338  i
 339  27  339  339  i
 340  6  340  340  i
 341  60  341  341  i
 342  63  342  342  i
 343  110  343  343  i
 344  44  344  344  i
 345  78  345  345  i
 346  15  346  346  i
 347  25  347  347  i
 348  70  348  348  i
 349  80  349  349  i
 350  91  350  350  i
 351  79  351  351  i
 352  60  352  352  i
 353  22  353  353  i
 354  25  354  354  i
 355  87  355  355  i
 356  64  356  356  i
 357  183  357  357  i
 358  20  358  358  i
 359  33  359  359  i
 360  15  360  360  i
 361  30  361  361  i
 362  76  362  362  i
 363  200  363  363  i
 364  176  364  364  i
 365  77  365  365  i
 366  9  366  366  i
 367  12  367  367  i
 368  37  368  368  i
 369  123  369  369  i
 370  96  370  370  i
 371  190  371  371  i
 372  118  372  372  i
 373  54  373  373  i
 374  117  374  374  i
 375  34  375  375  i
 376  89  376  376  i
 377  100  377  377  i
 378  110  378  378  i
 379  49  379  379  i
 380  104  380  380  i
 381  18  381  381  i
 382  14  382  382  i
 383  138  383  383  i
 384  106  384  384  i
 385  92  385  385  i
 386  64  386  386  i
 387  78  387  387  i
 388  20  388  388  i
 389  12  389  389  i
 390  87  390  390  i
 391  78  391  391  i
 392  83  392  392  i
 393  74  393  393  i
 394  68  394  394  i
 395  15  395  395  i
 396  9  396  396  i
 397  87  397  397  i
 398  83  398  398  i
 399  65  399  399  i
 400  44  400  400  i
 401  58  401  401  i
 402  10  402  402  i
 403  6  403  403  i
 404  62  404  404  i
 405  92  405  405  i
 406  67  406  406  i
 407  65  407  407  i
 408  56  408  408  i
 409  18  409  409  i
 410  12  410  410  i
 411  113  411  411  i
 412  92  412  412  i
 413  71  413  413  i
 414  92  414  414  i
 415  49  415  415  i
 416  70  416  416  i
 417  8  417  417  i
 418  101  418  418  i
 419  121  419  419  i
 420  108  420  420  i
 421  70  421  421  i
 422  139  422  422  i
 423  26  423  423  i
 424  5  424  424  i
 425  126  425  425  i
 426  132  426  426  i
 427  126  427  427  i
 428  113  428  428  i
 429  90  429  429  i
 430  64  430  430  i
 431  23  431  431  i
 432  101  432  432  i
 433  132  433  433  i
 434  130  434  434  i
 435  109  435  435  i
 436  147  436  436  i
 437  25  437  437  i
 438  17  438  438  i
 439  123  439  439  i
 440  116  440  440  i
 441  138  441  441  i
 442  98  442  442  i
 443  111  443  443  i
 444  18  444  444  i
 445  19  445  445  i
 446  103  446  446  i
 447  103  447  447  i
 448  99  448  448  i
 449  72  449  449  i
 450  65  450  450  i
 451  26  451  451  i
 452  14  452  452  i
 453  123  453  453  i
 454  78  454  454  i
 455  81  455  455  i
 456  76  456  456  i
 457  37  457  457  i
 458  3  458  458  i
 459  11  459  459  i
 460  3  460  460  i
 461  76  461  461  i
 462  97  462  462  i
 463  84  463  463  i
 464  58  464  464  i
 465  7  465  465  i
 466  1  466  466  i
 467  59  467  467  i
 468  51  468  468  i
 469  50  469  469  i
 470  28  470  470  i
 471  36  471  471  i
 472  5  472  472  i
 473  12  473  473  i
 474  53  474  474  i
 475  44  475  475  i


