
# Curve 0 of 1, 267 points
# Curve title: "CFR predicted deaths B.1.1.7"
# x y xlow xhigh type
-1  979.825 -1 -1  i
 81  0.0487567  81  81  i
 87  0.070022  87  87  i
 89  0.238156  89  89  i
 90  0.175521  90  90  i
 91  0.0550091  91  91  i
 92  0.0891322  92  92  i
 93  0.246786  93  93  i
 94  0.214444  94  94  i
 95  0.0620633  95  95  i
 97  0.100562  97  97  i
 98  0.284608  98  98  i
 100  0.103766  100  100  i
 102  0.0620633  102  102  i
 103  0.19778  103  103  i
 104  0.25788  104  104  i
 105  0.296636  105  105  i
 106  0.860963  106  106  i
 107  0.100562  107  107  i
 108  0.158775  108  108  i
 115  0.070022  115  115  i
 116  0.113458  116  116  i
 117  0.27243  117  117  i
 118  0.128007  118  118  i
 119  0.0550091  119  119  i
 139  0.0891322  139  139  i
 141  0.0487567  141  141  i
 142  0.0790014  142  142  i
 150  0.144422  150  150  i
 160  0.0790014  160  160  i
 164  0.0487567  164  164  i
 165  0.259042  165  165  i
 166  0.431584  166  166  i
 167  0.256015  167  167  i
 168  0.124127  168  168  i
 188  0.103766  188  188  i
 189  0.0790014  189  189  i
 216  0.175521  216  216  i
 222  0.217139  222  222  i
 223  0.132085  223  223  i
 231  0.128007  231  231  i
 232  0.144422  232  232  i
 233  0.113458  233  233  i
 234  0.070022  234  234  i
 236  0.113458  236  236  i
 238  0.0620633  238  238  i
 244  0.627265  244  244  i
 246  0.182767  246  246  i
 249  0.0790014  249  249  i
 252  0.141065  252  252  i
 255  0.18619  255  255  i
 257  0.113458  257  257  i
 258  0.356078  258  258  i
 259  0.070022  259  259  i
 260  0.455236  260  260  i
 261  0.206205  261  261  i
 262  0.179564  262  262  i
 263  0.20259  263  263  i
 264  0.0891322  264  264  i
 267  0.254961  267  267  i
 268  0.556472  268  268  i
 270  0.100562  270  270  i
 271  0.149023  271  271  i
 272  0.190071  272  272  i
 273  0.642741  273  273  i
 274  0.392822  274  274  i
 275  1.67054  275  275  i
 276  0.630816  276  276  i
 277  0.198029  277  277  i
 278  0.5208  278  278  i
 279  0.847164  279  279  i
 280  0.566448  280  280  i
 281  1.55427  281  281  i
 282  0.853978  282  282  i
 283  0.199432  283  283  i
 284  0.125031  284  284  i
 285  1.27513  285  285  i
 286  1.2474  286  286  i
 287  1.48963  287  287  i
 288  1.93251  288  288  i
 289  3.65845  289  289  i
 290  1.20698  290  290  i
 291  0.505305  291  291  i
 292  1.2288  292  292  i
 293  1.9255  293  293  i
 294  3.06135  294  294  i
 295  3.37287  295  295  i
 296  4.67509  296  296  i
 297  4.05577  297  297  i
 298  0.933539  298  298  i
 299  3.37357  299  299  i
 300  5.03324  300  300  i
 301  6.70266  301  301  i
 302  4.29542  302  302  i
 303  4.41796  303  303  i
 304  4.75402  304  304  i
 305  1.75209  305  305  i
 306  2.94625  306  306  i
 307  7.2367  307  307  i
 308  2.99247  308  308  i
 309  5.15476  309  309  i
 310  6.09529  310  310  i
 311  3.16537  311  311  i
 312  2.68183  312  312  i
 313  4.29905  313  313  i
 314  3.94923  314  314  i
 315  5.37046  315  315  i
 316  4.74607  316  316  i
 317  5.10742  317  317  i
 318  2.5335  318  318  i
 319  2.44549  319  319  i
 320  4.07635  320  320  i
 321  3.0472  321  321  i
 322  5.99681  322  322  i
 323  2.74535  323  323  i
 324  3.78397  324  324  i
 325  1.29256  325  325  i
 326  1.03498  326  326  i
 327  3.30296  327  327  i
 328  1.19015  328  328  i
 329  3.18674  329  329  i
 330  2.09102  330  330  i
 331  1.92052  331  331  i
 332  1.19744  332  332  i
 333  0.070022  333  333  i
 334  2.07475  334  334  i
 335  1.69094  335  335  i
 336  2.77246  336  336  i
 337  1.7599  337  337  i
 338  1.69089  338  338  i
 339  1.2687  339  339  i
 340  0.113458  340  340  i
 341  2.62932  341  341  i
 342  2.58959  342  342  i
 343  1.37664  343  343  i
 344  0.986462  344  344  i
 345  1.6119  345  345  i
 346  0.820606  346  346  i
 347  0.45663  347  347  i
 348  1.49342  348  348  i
 349  2.45466  349  349  i
 350  1.67266  350  350  i
 351  1.30845  351  351  i
 352  1.86828  352  352  i
 353  0.546398  353  353  i
 354  1.26363  354  354  i
 355  2.94346  355  355  i
 356  1.9222  356  356  i
 357  3.67413  357  357  i
 358  2.91298  358  358  i
 359  3.0367  359  359  i
 360  1.45394  360  360  i
 361  1.88641  361  361  i
 362  2.98535  362  362  i
 363  2.45174  363  363  i
 364  6.80599  364  364  i
 365  0.620699  365  365  i
 366  1.21709  366  366  i
 367  0.811956  367  367  i
 368  1.6614  368  368  i
 369  3.52223  369  369  i
 370  6.31818  370  370  i
 371  6.03938  371  371  i
 372  4.42395  372  372  i
 373  1.57094  373  373  i
 374  1.27908  374  374  i
 375  1.45756  375  375  i
 376  5.18186  376  376  i
 377  3.99379  377  377  i
 378  8.72486  378  378  i
 379  5.64967  379  379  i
 380  3.63477  380  380  i
 381  4.83191  381  381  i
 382  1.65429  382  382  i
 383  5.01752  383  383  i
 384  4.81806  384  384  i
 385  5.04684  385  385  i
 386  2.36201  386  386  i
 387  3.29588  387  387  i
 388  1.332  388  388  i
 389  0.577794  389  389  i
 390  4.8603  390  390  i
 391  2.35829  391  391  i
 392  3.12327  392  392  i
 393  2.49771  393  393  i
 394  4.33258  394  394  i
 395  1.25323  395  395  i
 396  0.549151  396  396  i
 397  2.7249  397  397  i
 398  2.55127  398  398  i
 399  2.39547  399  399  i
 400  2.14652  400  400  i
 401  2.24793  401  401  i
 402  0.430646  402  402  i
 403  0.2943  403  403  i
 404  3.16814  404  404  i
 405  2.72844  405  405  i
 406  2.06059  406  406  i
 407  1.99952  407  407  i
 408  2.4123  408  408  i
 409  0.887674  409  409  i
 410  0.412096  410  410  i
 411  1.66374  411  411  i
 412  2.60817  412  412  i
 413  4.54275  413  413  i
 414  3.2019  414  414  i
 415  2.72589  415  415  i
 416  0.51539  416  416  i
 417  0.452495  417  417  i
 418  2.67069  418  418  i
 419  3.57363  419  419  i
 420  2.97347  420  420  i
 421  3.31541  421  421  i
 422  4.40921  422  422  i
 423  2.98542  423  423  i
 424  0.799196  424  424  i
 425  4.79069  425  425  i
 426  4.5102  426  426  i
 427  4.951  427  427  i
 428  3.60987  428  428  i
 429  5.63237  429  429  i
 430  0.90422  430  430  i
 431  0.409632  431  431  i
 432  5.52317  432  432  i
 433  3.41958  433  433  i
 434  5.48217  434  434  i
 435  4.37191  435  435  i
 436  3.52697  436  436  i
 437  3.6756  437  437  i
 438  2.2139  438  438  i
 439  3.71906  439  439  i
 440  4.39536  440  440  i
 441  6.16931  441  441  i
 442  6.1343  442  442  i
 443  5.9552  443  443  i
 444  1.65392  444  444  i
 445  1.94972  445  445  i
 446  4.89989  446  446  i
 447  6.82946  447  447  i
 448  6.70272  448  448  i
 449  5.75  449  449  i
 450  6.4395  450  450  i
 451  1.05755  451  451  i
 452  0.852255  452  452  i
 453  4.57208  453  453  i
 454  5.43472  454  454  i
 455  5.40432  455  455  i
 456  1.94042  456  456  i
 457  3.5571  457  457  i
 458  1.73457  458  458  i
 459  0.779246  459  459  i
 460  4.33898  460  460  i
 461  2.94209  461  461  i
 462  4.08729  462  462  i
 463  3.76175  463  463  i
 464  1.54573  464  464  i
 465  0.202243  465  465  i
 466  0.792437  466  466  i
 467  0.487073  467  467  i
 468  3.35  468  468  i
 469  2.82617  469  469  i
 470  3.21075  470  470  i
 471  3.41259  471  471  i
 472  0.431328  472  472  i
 473  0.627305  473  473  i
 474  3.18677  474  474  i


