
# Curve 0 of 1, 238 points
# Curve title: "daily incidence"
# x y xlow xhigh type
-1  87082 -1 -1  i
 73  1  73  73  i
 75  2  75  75  i
 77  2  77  77  i
 85  1  85  85  i
 86  2  86  86  i
 90  1  90  90  i
 91  1  91  91  i
 93  1  93  93  i
 96  1  96  96  i
 97  1  97  97  i
 99  6  99  99  i
 100  2  100  100  i
 101  1  101  101  i
 106  2  106  106  i
 108  1  108  108  i
 111  7  111  111  i
 112  1  112  112  i
 158  1  158  158  i
 161  1  161  161  i
 162  1  162  162  i
 167  1  167  167  i
 169  3  169  169  i
 175  4  175  175  i
 177  1  177  177  i
 179  1  179  179  i
 180  1  180  180  i
 189  1  189  189  i
 204  1  204  204  i
 227  1  227  227  i
 237  4  237  237  i
 244  1  244  244  i
 259  2  259  259  i
 262  1  262  262  i
 264  2  264  264  i
 266  1  266  266  i
 267  1  267  267  i
 268  1  268  268  i
 269  2  269  269  i
 270  1  270  270  i
 272  3  272  272  i
 273  2  273  273  i
 274  9  274  274  i
 275  3  275  275  i
 276  3  276  276  i
 277  1  277  277  i
 278  8  278  278  i
 279  4  279  279  i
 280  12  280  280  i
 281  5  281  281  i
 282  11  282  282  i
 283  1  283  283  i
 284  5  284  284  i
 285  15  285  285  i
 286  13  286  286  i
 287  26  287  287  i
 288  20  288  288  i
 289  15  289  289  i
 290  25  290  290  i
 291  9  291  291  i
 292  22  292  292  i
 293  25  293  293  i
 294  38  294  294  i
 295  26  295  295  i
 296  27  296  296  i
 297  24  297  297  i
 298  6  298  298  i
 299  24  299  299  i
 300  42  300  300  i
 301  20  301  301  i
 302  14  302  302  i
 303  53  303  303  i
 304  20  304  304  i
 305  19  305  305  i
 306  24  306  306  i
 307  24  307  307  i
 308  44  308  308  i
 309  24  309  309  i
 310  20  310  310  i
 311  16  311  311  i
 312  19  312  312  i
 313  16  313  313  i
 314  12  314  314  i
 315  47  315  315  i
 316  27  316  316  i
 317  20  317  317  i
 318  17  318  318  i
 319  1  319  319  i
 320  25  320  320  i
 321  5  321  321  i
 322  23  322  322  i
 323  25  323  323  i
 324  26  324  324  i
 325  8  325  325  i
 327  16  327  327  i
 328  10  328  328  i
 329  18  329  329  i
 330  9  330  330  i
 331  9  331  331  i
 332  8  332  332  i
 333  1  333  333  i
 334  18  334  334  i
 335  16  335  335  i
 336  13  336  336  i
 337  8  337  337  i
 338  16  338  338  i
 339  4  339  339  i
 340  1  340  340  i
 341  12  341  341  i
 342  6  342  342  i
 343  16  343  343  i
 344  6  344  344  i
 345  12  345  345  i
 346  3  346  346  i
 347  16  347  347  i
 348  11  348  348  i
 349  8  349  349  i
 350  9  350  350  i
 351  19  351  351  i
 352  9  352  352  i
 353  9  353  353  i
 354  8  354  354  i
 355  24  355  355  i
 356  12  356  356  i
 357  31  357  357  i
 358  3  358  358  i
 359  5  359  359  i
 360  8  360  360  i
 361  11  361  361  i
 362  17  362  362  i
 363  36  363  363  i
 364  43  364  364  i
 365  35  365  365  i
 366  10  366  366  i
 367  12  367  367  i
 368  6  368  368  i
 369  35  369  369  i
 370  22  370  370  i
 371  59  371  371  i
 372  43  372  372  i
 373  23  373  373  i
 374  27  374  374  i
 375  6  375  375  i
 376  20  376  376  i
 377  24  377  377  i
 378  30  378  378  i
 379  5  379  379  i
 380  13  380  380  i
 381  3  381  381  i
 382  10  382  382  i
 383  32  383  383  i
 384  16  384  384  i
 385  18  385  385  i
 386  14  386  386  i
 387  16  387  387  i
 388  4  388  388  i
 389  3  389  389  i
 390  18  390  390  i
 391  18  391  391  i
 392  8  392  392  i
 393  12  393  393  i
 394  11  394  394  i
 395  3  395  395  i
 396  2  396  396  i
 397  11  397  397  i
 398  14  398  398  i
 399  11  399  399  i
 400  16  400  400  i
 401  18  401  401  i
 402  1  402  402  i
 403  2  403  403  i
 404  17  404  404  i
 405  14  405  405  i
 406  13  406  406  i
 407  12  407  407  i
 408  15  408  408  i
 409  2  409  409  i
 411  13  411  411  i
 412  6  412  412  i
 413  7  413  413  i
 414  4  414  414  i
 415  9  415  415  i
 416  9  416  416  i
 417  4  417  417  i
 418  20  418  418  i
 419  15  419  419  i
 420  14  420  420  i
 421  6  421  421  i
 422  27  422  422  i
 423  4  423  423  i
 424  2  424  424  i
 425  16  425  425  i
 426  14  426  426  i
 427  23  427  427  i
 428  13  428  428  i
 429  13  429  429  i
 430  14  430  430  i
 431  9  431  431  i
 432  16  432  432  i
 433  15  433  433  i
 434  15  434  434  i
 435  16  435  435  i
 436  22  436  436  i
 437  6  437  437  i
 438  6  438  438  i
 439  17  439  439  i
 440  9  440  440  i
 441  15  441  441  i
 442  16  442  442  i
 443  17  443  443  i
 444  5  444  444  i
 445  7  445  445  i
 446  10  446  446  i
 447  12  447  447  i
 448  9  448  448  i
 449  3  449  449  i
 450  9  450  450  i
 451  2  451  451  i
 452  1  452  452  i
 453  16  453  453  i
 454  7  454  454  i
 455  14  455  455  i
 456  8  456  456  i
 457  4  457  457  i
 458  1  458  458  i
 459  3  459  459  i
 460  2  460  460  i
 461  9  461  461  i
 462  4  462  462  i
 463  4  463  463  i
 464  21  464  464  i
 465  1  465  465  i
 466  5  466  466  i
 467  9  467  467  i
 468  4  468  468  i
 469  3  469  469  i
 470  4  470  470  i


