
# Curve 0 of 1, 429 points
# Curve title: "daily incidence"
# x y xlow xhigh type
 67  1  67  67  i
 69  3  69  69  i
 70  1  70  70  i
 72  2  72  72  i
 73  14  73  73  i
 74  11  74  74  i
 75  6  75  75  i
 77  8  77  77  i
 78  14  78  78  i
 79  5  79  79  i
 80  10  80  80  i
 81  22  81  81  i
 82  14  82  82  i
 83  19  83  83  i
 84  25  84  84  i
 85  25  85  85  i
 86  36  86  86  i
 87  28  87  87  i
 88  20  88  88  i
 89  19  89  89  i
 90  19  90  90  i
 91  31  91  91  i
 92  24  92  92  i
 93  28  93  93  i
 94  32  94  94  i
 95  6  95  95  i
 96  28  96  96  i
 97  14  97  97  i
 98  33  98  98  i
 99  57  99  99  i
 100  9  100  100  i
 101  20  101  101  i
 102  5  102  102  i
 103  2  103  103  i
 104  1  104  104  i
 105  9  105  105  i
 106  8  106  106  i
 107  6  107  107  i
 108  7  108  108  i
 109  2  109  109  i
 110  13  110  110  i
 111  16  111  111  i
 112  11  112  112  i
 113  4  113  113  i
 114  3  114  114  i
 115  1  115  115  i
 116  1  116  116  i
 117  2  117  117  i
 118  6  118  118  i
 120  1  120  120  i
 121  1  121  121  i
 122  1  122  122  i
 125  5  125  125  i
 126  9  126  126  i
 127  1  127  127  i
 128  2  128  128  i
 132  8  132  132  i
 133  3  133  133  i
 134  6  134  134  i
 135  2  135  135  i
 136  2  136  136  i
 142  2  142  142  i
 143  3  143  143  i
 146  1  146  146  i
 149  1  149  149  i
 150  3  150  150  i
 152  4  152  152  i
 153  6  153  153  i
 155  2  155  155  i
 156  7  156  156  i
 157  11  157  157  i
 158  15  158  158  i
 159  18  159  159  i
 160  9  160  160  i
 161  15  161  161  i
 162  3  162  162  i
 163  6  163  163  i
 166  2  166  166  i
 167  5  167  167  i
 168  2  168  168  i
 169  5  169  169  i
 170  6  170  170  i
 172  2  172  172  i
 173  1  173  173  i
 174  9  174  174  i
 175  11  175  175  i
 176  1  176  176  i
 177  11  177  177  i
 178  3  178  178  i
 179  2  179  179  i
 180  5  180  180  i
 181  2  181  181  i
 182  4  182  182  i
 183  2  183  183  i
 184  2  184  184  i
 189  2  189  189  i
 190  6  190  190  i
 191  5  191  191  i
 192  1  192  192  i
 193  1  193  193  i
 194  5  194  194  i
 195  5  195  195  i
 196  1  196  196  i
 197  7  197  197  i
 198  4  198  198  i
 200  1  200  200  i
 201  1  201  201  i
 202  8  202  202  i
 203  7  203  203  i
 204  7  204  204  i
 205  5  205  205  i
 208  6  208  208  i
 209  10  209  209  i
 210  19  210  210  i
 211  16  211  211  i
 212  6  212  212  i
 213  5  213  213  i
 214  5  214  214  i
 215  18  215  215  i
 216  7  216  216  i
 217  7  217  217  i
 218  3  218  218  i
 219  7  219  219  i
 220  2  220  220  i
 222  8  222  222  i
 223  4  223  223  i
 224  7  224  224  i
 225  7  225  225  i
 226  10  226  226  i
 227  2  227  227  i
 229  14  229  229  i
 230  4  230  230  i
 231  11  231  231  i
 232  4  232  232  i
 233  17  233  233  i
 234  2  234  234  i
 235  11  235  235  i
 236  13  236  236  i
 237  32  237  237  i
 238  10  238  238  i
 239  19  239  239  i
 240  14  240  240  i
 241  11  241  241  i
 242  5  242  242  i
 243  13  243  243  i
 244  7  244  244  i
 245  21  245  245  i
 246  18  246  246  i
 247  15  247  247  i
 248  10  248  248  i
 249  4  249  249  i
 250  5  250  250  i
 251  69  251  251  i
 252  25  252  252  i
 253  67  253  253  i
 254  23  254  254  i
 255  49  255  255  i
 256  33  256  256  i
 257  62  257  257  i
 258  64  258  258  i
 259  78  259  259  i
 260  128  260  260  i
 261  105  261  261  i
 262  59  262  262  i
 263  22  263  263  i
 264  97  264  264  i
 265  94  265  265  i
 266  114  266  266  i
 267  163  267  267  i
 268  267  268  268  i
 269  122  269  269  i
 270  17  270  270  i
 271  81  271  271  i
 272  185  272  272  i
 273  181  273  273  i
 274  241  274  274  i
 275  305  275  275  i
 276  75  276  276  i
 277  18  277  277  i
 278  282  278  278  i
 279  258  279  279  i
 280  312  280  280  i
 281  374  281  281  i
 282  696  282  282  i
 283  194  283  283  i
 284  86  284  284  i
 285  390  285  285  i
 286  318  286  286  i
 287  648  287  287  i
 288  890  288  288  i
 289  839  289  289  i
 290  572  290  290  i
 291  231  291  291  i
 292  684  292  292  i
 293  899  293  293  i
 294  1323  294  294  i
 295  906  295  295  i
 296  959  296  296  i
 297  569  297  297  i
 298  530  298  298  i
 299  487  299  299  i
 300  1539  300  300  i
 301  803  301  301  i
 302  784  302  302  i
 303  965  303  303  i
 304  511  304  304  i
 305  507  305  305  i
 306  690  306  306  i
 307  851  307  307  i
 308  909  308  308  i
 309  777  309  309  i
 310  829  310  310  i
 311  409  311  311  i
 312  345  312  312  i
 313  560  313  313  i
 314  336  314  314  i
 315  828  315  315  i
 316  422  316  316  i
 317  418  317  317  i
 318  212  318  318  i
 319  60  319  319  i
 320  476  320  320  i
 321  172  321  321  i
 322  362  322  322  i
 323  360  323  323  i
 324  360  324  324  i
 325  202  325  325  i
 326  44  326  326  i
 327  268  327  327  i
 328  220  328  328  i
 329  416  329  329  i
 330  194  330  330  i
 331  278  331  331  i
 332  195  332  332  i
 333  14  333  333  i
 334  326  334  334  i
 335  369  335  335  i
 336  259  336  336  i
 337  243  337  337  i
 338  344  338  338  i
 339  153  339  339  i
 340  26  340  340  i
 341  328  341  341  i
 342  343  342  342  i
 343  567  343  343  i
 344  253  344  344  i
 345  495  345  345  i
 346  92  346  346  i
 347  138  347  347  i
 348  396  348  348  i
 349  489  349  349  i
 350  538  350  350  i
 351  500  351  351  i
 352  430  352  352  i
 353  182  353  353  i
 354  198  354  354  i
 355  544  355  355  i
 356  412  356  356  i
 357  1148  357  357  i
 358  102  358  358  i
 359  172  359  359  i
 360  114  360  360  i
 361  195  361  361  i
 362  399  362  362  i
 363  1267  363  363  i
 364  980  364  364  i
 365  559  365  365  i
 366  104  366  366  i
 367  89  367  367  i
 368  251  368  368  i
 369  855  369  369  i
 370  630  370  370  i
 371  1291  371  371  i
 372  798  372  372  i
 373  393  373  373  i
 374  752  374  374  i
 375  167  375  375  i
 376  632  376  376  i
 377  689  377  377  i
 378  671  378  378  i
 379  290  379  379  i
 380  522  380  380  i
 381  118  381  381  i
 382  140  382  382  i
 383  726  383  383  i
 384  521  384  384  i
 385  494  385  385  i
 386  400  386  386  i
 387  430  387  387  i
 388  133  388  388  i
 389  130  389  389  i
 390  468  390  390  i
 391  529  391  391  i
 392  465  392  392  i
 393  380  393  393  i
 394  424  394  394  i
 395  84  395  395  i
 396  82  396  396  i
 397  496  397  397  i
 398  522  398  398  i
 399  409  399  399  i
 400  338  400  400  i
 401  393  401  401  i
 402  88  402  402  i
 403  85  403  403  i
 404  390  404  404  i
 405  498  405  405  i
 406  425  406  406  i
 407  382  407  407  i
 408  413  408  408  i
 409  98  409  409  i
 410  101  410  410  i
 411  561  411  411  i
 412  507  412  412  i
 413  444  413  413  i
 414  453  414  414  i
 415  338  415  415  i
 416  444  416  416  i
 417  38  417  417  i
 418  645  418  418  i
 419  672  419  419  i
 420  605  420  420  i
 421  401  421  421  i
 422  900  422  422  i
 423  194  423  423  i
 424  52  424  424  i
 425  730  425  425  i
 426  781  426  426  i
 427  684  427  427  i
 428  668  428  428  i
 429  560  429  429  i
 430  458  430  430  i
 431  163  431  431  i
 432  622  432  432  i
 433  779  433  433  i
 434  766  434  434  i
 435  670  435  435  i
 436  847  436  436  i
 437  195  437  437  i
 438  153  438  438  i
 439  685  439  439  i
 440  690  440  440  i
 441  720  441  441  i
 442  622  442  442  i
 443  661  443  443  i
 444  125  444  444  i
 445  146  445  445  i
 446  578  446  446  i
 447  629  447  447  i
 448  564  448  448  i
 449  366  449  449  i
 450  342  450  450  i
 451  146  451  451  i
 452  73  452  452  i
 453  738  453  453  i
 454  435  454  454  i
 455  458  455  455  i
 456  440  456  456  i
 457  227  457  457  i
 458  23  458  458  i
 459  79  459  459  i
 460  27  460  460  i
 461  465  461  461  i
 462  418  462  462  i
 463  493  463  463  i
 464  385  464  464  i
 465  62  465  465  i
 466  31  466  466  i
 467  406  467  467  i
 468  326  468  468  i
 469  343  469  469  i
 470  191  470  470  i
 471  260  471  471  i
 472  51  472  472  i
 473  46  473  473  i
 474  318  474  474  i
 475  282  475  475  i
 476  218  476  476  i
 477  164  477  477  i
 478  253  478  478  i
 479  50  479  479  i
 480  25  480  480  i
 481  240  481  481  i
 482  225  482  482  i
 483  198  483  483  i
 484  143  484  484  i
 485  128  485  485  i
 486  34  486  486  i
 487  40  487  487  i
 488  181  488  488  i
 489  109  489  489  i
 490  116  490  490  i
 491  76  491  491  i
 492  74  492  492  i
 493  7  493  493  i
 494  29  494  494  i
 495  139  495  495  i
 496  101  496  496  i
 497  89  497  497  i
 498  64  498  498  i
 499  61  499  499  i
 500  21  500  500  i
 501  21  501  501  i
 502  103  502  502  i
 503  88  503  503  i
 504  83  504  504  i
 505  55  505  505  i
 506  47  506  506  i
 507  13  507  507  i
 508  28  508  508  i
 509  61  509  509  i
 510  60  510  510  i
 511  62  511  511  i
 512  37  512  512  i
 513  22  513  513  i
 514  21  514  514  i
 515  14  515  515  i
 516  40  516  516  i
 517  24  517  517  i
 518  19  518  518  i
 519  19  519  519  i
 520  12  520  520  i
 521  10  521  521  i
 522  6  522  522  i
 523  16  523  523  i
 524  21  524  524  i
 525  14  525  525  i
 526  6  526  526  i


