
# Curve 0 of 1, 390 points
# Curve title: "CFR predicted deaths"
# x y xlow xhigh type
 74  0.00308332  74  74  i
 76  0.0243079  76  76  i
 77  0.0193963  77  77  i
 79  0.00122872  79  79  i
 80  0.276129  80  80  i
 81  0.100039  81  81  i
 82  0.348132  82  82  i
 84  0.461023  84  84  i
 85  0.0390688  85  85  i
 86  0.00387429  86  86  i
 87  0.0858665  87  87  i
 88  0.0621436  88  88  i
 89  0.331096  89  89  i
 90  0.218211  90  90  i
 91  0.177489  91  91  i
 92  0.258531  92  92  i
 93  0.590204  93  93  i
 94  0.330616  94  94  i
 95  0.184605  95  95  i
 96  0.00660242  96  96  i
 97  0.281707  97  97  i
 98  0.681594  98  98  i
 99  0.0456165  99  99  i
 100  0.411445  100  100  i
 101  0.296572  101  101  i
 102  0.0626687  102  102  i
 103  0.474641  103  103  i
 104  0.39669  104  104  i
 105  0.501129  105  105  i
 106  2.39416  106  106  i
 107  0.444682  107  107  i
 108  0.491563  108  108  i
 109  0.0123549  109  109  i
 110  0.00193432  110  110  i
 111  0.000287872  111  111  i
 112  0.0566593  112  112  i
 113  0.411269  113  113  i
 114  0.406729  114  114  i
 115  0.256772  115  115  i
 116  0.11357  116  116  i
 117  0.342418  117  117  i
 118  2.8834  118  118  i
 119  0.305489  119  119  i
 120  0.0028551  120  120  i
 121  0.0137353  121  121  i
 122  0.000759798  122  122  i
 123  4.25295e-05  123  123  i
 124  0.000483277  124  124  i
 125  0.00477542  125  125  i
 127  0.000324788  127  127  i
 128  0.000111658  128  128  i
 129  3.3411e-05  129  129  i
 132  0.00469227  132  132  i
 133  0.0209449  133  133  i
 134  0.0171917  134  134  i
 135  0.0280822  135  135  i
 139  0.116042  139  139  i
 140  0.000605554  140  140  i
 141  0.0895403  141  141  i
 142  0.0792275  142  142  i
 143  0.00132368  143  143  i
 149  0.000899761  149  149  i
 150  0.147442  150  150  i
 153  0.00052626  153  153  i
 156  0.000111658  156  156  i
 157  0.0251165  157  157  i
 159  0.00161915  159  159  i
 160  0.0804778  160  160  i
 162  0.0125676  162  162  i
 163  0.0226419  163  163  i
 164  0.0812223  164  164  i
 165  0.552345  165  165  i
 166  0.812204  166  166  i
 167  0.290468  167  167  i
 168  0.770006  168  168  i
 169  0.360456  169  169  i
 170  0.0448022  170  170  i
 173  0.000552507  173  173  i
 174  0.170099  174  174  i
 175  0.00020321  175  175  i
 176  0.457208  176  176  i
 177  0.0493238  177  177  i
 179  0.000873886  179  179  i
 180  0.000596895  180  180  i
 181  0.0204202  181  181  i
 182  1.11183  182  182  i
 183  1.43579e-05  183  183  i
 184  0.148277  184  184  i
 185  0.0160706  185  185  i
 186  0.243184  186  186  i
 187  0.170301  187  187  i
 188  0.103766  188  188  i
 189  0.104497  189  189  i
 190  0.00055094  190  190  i
 191  0.00126881  191  191  i
 196  0.196582  196  196  i
 197  0.00240176  197  197  i
 198  0.00164281  198  198  i
 199  0.00109118  199  199  i
 200  0.00138899  200  200  i
 201  0.0016901  201  201  i
 202  0.0263863  202  202  i
 203  0.000413428  203  203  i
 204  0.00517171  204  204  i
 205  0.00187995  205  205  i
 207  0.000466445  207  207  i
 208  0.000142131  208  208  i
 209  0.0170412  209  209  i
 210  0.00344941  210  210  i
 211  0.108266  211  211  i
 212  0.17056  212  212  i
 215  0.0168971  215  215  i
 216  0.184255  216  216  i
 217  0.00759904  217  217  i
 218  0.024126  218  218  i
 219  0.00502827  219  219  i
 220  0.00114404  220  220  i
 221  0.000967111  221  221  i
 222  0.256174  222  222  i
 223  0.136581  223  223  i
 224  0.00752988  224  224  i
 225  0.0323383  225  225  i
 226  0.00384941  226  226  i
 227  0.000592589  227  227  i
 229  0.00407055  229  229  i
 230  0.000133397  230  230  i
 231  0.161042  231  231  i
 232  0.146619  232  232  i
 233  0.12414  233  233  i
 234  0.239265  234  234  i
 236  0.146255  236  236  i
 237  0.00077555  237  237  i
 238  0.0720076  238  238  i
 239  0.00114016  239  239  i
 240  0.0236548  240  240  i
 241  0.00289117  241  241  i
 242  0.0149405  242  242  i
 243  0.0337895  243  243  i
 244  1.71084  244  244  i
 245  0.0259335  245  245  i
 246  0.201026  246  246  i
 247  0.0658015  247  247  i
 248  0.0702662  248  248  i
 249  0.110996  249  249  i
 250  0.0115346  250  250  i
 251  0.336027  251  251  i
 252  0.180924  252  252  i
 253  0.0676755  253  253  i
 254  0.0186483  254  254  i
 255  0.193032  255  255  i
 256  0.00197346  256  256  i
 257  0.116178  257  257  i
 258  0.502603  258  258  i
 259  0.10129  259  259  i
 260  0.527875  260  260  i
 261  0.278483  261  261  i
 262  0.252295  262  262  i
 263  0.229603  263  263  i
 264  0.197437  264  264  i
 265  0.0338871  265  265  i
 266  0.605614  266  266  i
 267  0.687542  267  267  i
 268  0.826737  268  268  i
 269  0.289351  269  269  i
 270  0.164611  270  270  i
 271  0.845099  271  271  i
 272  0.371559  272  272  i
 273  1.07156  273  273  i
 274  1.24197  274  274  i
 275  2.46587  275  275  i
 276  1.46334  276  276  i
 277  0.399591  277  277  i
 278  0.758448  278  278  i
 279  1.71782  279  279  i
 280  1.31346  280  280  i
 281  4.08031  281  281  i
 282  1.96914  282  282  i
 283  0.986403  283  283  i
 284  0.338155  284  284  i
 285  4.59418  285  285  i
 286  2.3689  286  286  i
 287  4.85839  287  287  i
 288  4.58063  288  288  i
 289  8.83504  289  289  i
 290  1.7936  290  290  i
 291  2.05119  291  291  i
 292  5.84363  292  292  i
 293  5.08892  293  293  i
 294  10.9712  294  294  i
 295  9.66955  295  295  i
 296  10.6053  296  296  i
 297  14.1272  297  297  i
 298  3.42236  298  298  i
 299  10.2489  299  299  i
 300  12.0446  300  300  i
 301  19.9594  301  301  i
 302  12.5027  302  302  i
 303  13.2487  303  303  i
 304  11.2313  304  304  i
 305  4.23825  305  305  i
 306  9.76791  306  306  i
 307  24.1553  307  307  i
 308  9.68643  308  308  i
 309  10.1829  309  309  i
 310  23.0903  310  310  i
 311  8.18847  311  311  i
 312  7.90383  312  312  i
 313  11.5913  313  313  i
 314  12.765  314  314  i
 315  16.6276  315  315  i
 316  12.2684  316  316  i
 317  11.5727  317  317  i
 318  7.4599  318  318  i
 319  7.37299  319  319  i
 320  8.47979  320  320  i
 321  6.69683  321  321  i
 322  19.1995  322  322  i
 323  9.95143  323  323  i
 324  9.4743  324  324  i
 325  6.05164  325  325  i
 326  1.7177  326  326  i
 327  11.708  327  327  i
 328  3.42897  328  328  i
 329  8.98729  329  329  i
 330  9.10336  330  330  i
 331  8.27961  331  331  i
 332  3.18383  332  332  i
 333  0.511928  333  333  i
 334  6.11246  334  334  i
 335  5.48747  335  335  i
 336  6.89971  336  336  i
 337  3.4988  337  337  i
 338  5.2603  338  338  i
 339  4.15347  339  339  i
 340  0.334342  340  340  i
 341  7.54493  341  341  i
 342  7.9354  342  342  i
 343  4.76941  343  343  i
 344  3.28709  344  344  i
 345  6.26525  345  345  i
 346  2.82276  346  346  i
 347  0.713843  347  347  i
 348  5.29125  348  348  i
 349  4.69631  349  349  i
 350  6.81386  350  350  i
 351  3.46217  351  351  i
 352  5.33511  352  352  i
 353  1.50745  353  353  i
 354  7.07506  354  354  i
 355  6.63617  355  355  i
 356  5.52898  356  356  i
 357  7.57002  357  357  i
 358  8.82526  358  358  i
 359  6.01043  359  359  i
 360  3.74897  360  360  i
 361  4.02279  361  361  i
 362  10.0178  362  362  i
 363  6.93857  363  363  i
 364  19.849  364  364  i
 365  2.17957  365  365  i
 366  2.67258  366  366  i
 367  2.60827  367  367  i
 368  4.42651  368  368  i
 369  8.80978  369  369  i
 370  19.3294  370  370  i
 371  18.164  371  371  i
 372  13.7277  372  372  i
 373  4.27875  373  373  i
 374  4.0142  374  374  i
 375  3.94719  375  375  i
 376  14.3218  376  376  i
 377  11.5145  377  377  i
 378  26.3794  378  378  i
 379  18.0346  379  379  i
 380  9.36222  380  380  i
 381  13.5258  381  381  i
 382  3.62553  382  382  i
 383  10.8866  383  383  i
 384  12.7065  384  384  i
 385  12.2278  385  385  i
 386  4.18415  386  386  i
 387  8.10541  387  387  i
 388  2.40297  388  388  i
 389  3.25033  389  389  i
 390  13.1927  390  390  i
 391  6.57685  391  391  i
 392  8.94142  392  392  i
 393  6.28139  393  393  i
 394  9.82368  394  394  i
 395  2.59648  395  395  i
 396  1.7143  396  396  i
 397  8.53825  397  397  i
 398  8.00978  398  398  i
 399  6.47775  399  399  i
 400  6.91286  400  400  i
 401  6.72531  401  401  i
 402  1.52302  402  402  i
 403  0.960607  403  403  i
 404  6.58789  404  404  i
 405  7.26299  405  405  i
 406  6.42444  406  406  i
 407  6.60083  407  407  i
 408  7.39696  408  408  i
 409  1.66606  409  409  i
 410  0.966543  410  410  i
 411  6.16026  411  411  i
 412  6.99414  412  412  i
 413  7.64256  413  413  i
 414  6.39535  414  414  i
 415  6.63452  415  415  i
 416  1.48847  416  416  i
 417  0.702442  417  417  i
 418  6.25783  418  418  i
 419  5.52173  419  419  i
 420  5.16303  420  420  i
 421  4.66658  421  421  i
 422  6.60539  422  422  i
 423  5.81553  423  423  i
 424  1.27897  424  424  i
 425  9.76295  425  425  i
 426  8.31528  426  426  i
 427  8.11262  427  427  i
 428  5.26084  428  428  i
 429  11.8216  429  429  i
 430  1.89683  430  430  i
 431  0.734075  431  431  i
 432  10.0816  432  432  i
 433  8.70636  433  433  i
 434  11.2766  434  434  i
 435  9.08563  435  435  i
 436  6.20757  436  436  i
 437  6.82247  437  437  i
 438  3.87252  438  438  i
 439  8.64684  439  439  i
 440  8.77186  440  440  i
 441  9.39781  441  441  i
 442  10.317  442  442  i
 443  11.5025  443  443  i
 444  3.44054  444  444  i
 445  2.8853  445  445  i
 446  10.5765  446  446  i
 447  9.3917  447  447  i
 448  9.72938  448  448  i
 449  10.8264  449  449  i
 450  9.8075  450  450  i
 451  2.23678  451  451  i
 452  2.532  452  452  i
 453  7.93604  453  453  i
 454  8.5199  454  454  i
 455  8.87993  455  455  i
 456  3.65657  456  456  i
 457  5.48404  457  457  i
 458  2.1218  458  458  i
 459  1.05865  459  459  i
 460  9.65327  460  460  i
 461  5.56677  461  461  i
 462  7.51387  462  462  i
 463  6.12971  463  463  i
 464  2.22167  464  464  i
 465  0.42343  465  465  i
 466  1.49454  466  466  i
 467  0.996896  467  467  i
 468  6.04844  468  468  i
 469  4.81631  469  469  i
 470  4.69648  470  470  i
 471  8.04655  471  471  i
 472  0.651175  472  472  i
 473  1.43765  473  473  i
 474  5.06229  474  474  i
 475  2.93734  475  475  i
 476  3.16106  476  476  i
 477  2.83697  477  477  i
 478  4.12961  478  478  i
 479  0.675041  479  479  i
 480  0.945758  480  480  i
 481  2.84881  481  481  i
 482  3.31355  482  482  i
 483  2.67318  483  483  i
 484  2.3308  484  484  i
 485  3.58844  485  485  i
 486  0.252836  486  486  i
 487  0.269086  487  487  i
 488  2.53936  488  488  i
 489  3.08486  489  489  i
 490  2.60349  490  490  i
 491  2.18093  491  491  i
 492  1.49726  492  492  i
 493  0.941308  493  493  i
 494  0.674317  494  494  i


