
# Curve 0 of 1, 160 points
# Curve title: "2nd dose"
# x y xlow xhigh type
-1  76104 -1 -1  i
 365  0  365  365  i
 366  0  366  366  i
 368  0  368  368  i
 369  0  369  369  i
 370  0  370  370  i
 371  0  371  371  i
 372  0  372  372  i
 373  0  373  373  i
 374  0  374  374  i
 375  0  375  375  i
 376  0  376  376  i
 377  0  377  377  i
 378  0  378  378  i
 379  0  379  379  i
 380  0  380  380  i
 382  0  382  382  i
 383  0  383  383  i
 384  0  384  384  i
 385  0  385  385  i
 386  3  386  386  i
 387  5  387  387  i
 388  1  388  388  i
 389  0  389  389  i
 390  9  390  390  i
 391  9  391  391  i
 392  4  392  392  i
 393  13  393  393  i
 394  25  394  394  i
 395  1  395  395  i
 396  6  396  396  i
 397  50  397  397  i
 398  44  398  398  i
 399  65  399  399  i
 400  75  400  400  i
 401  54  401  401  i
 402  5  402  402  i
 404  40  404  404  i
 405  8  405  405  i
 406  10  406  406  i
 407  11  407  407  i
 408  2  408  408  i
 410  0  410  410  i
 411  41  411  411  i
 412  49  412  412  i
 413  19  413  413  i
 414  7  414  414  i
 415  41  415  415  i
 416  5  416  416  i
 417  2  417  417  i
 418  8  418  418  i
 419  32  419  419  i
 420  60  420  420  i
 421  6  421  421  i
 422  10  422  422  i
 423  0  423  423  i
 424  0  424  424  i
 425  5  425  425  i
 426  2  426  426  i
 427  7  427  427  i
 428  16  428  428  i
 429  15  429  429  i
 430  0  430  430  i
 431  0  431  431  i
 432  26  432  432  i
 433  15  433  433  i
 434  28  434  434  i
 435  7  435  435  i
 436  13  436  436  i
 437  0  437  437  i
 438  0  438  438  i
 439  40  439  439  i
 440  23  440  440  i
 441  14  441  441  i
 442  22  442  442  i
 443  19  443  443  i
 444  2  444  444  i
 445  0  445  445  i
 446  60  446  446  i
 447  234  447  447  i
 448  167  448  448  i
 449  285  449  449  i
 450  281  450  450  i
 451  114  451  451  i
 452  148  452  452  i
 453  573  453  453  i
 454  879  454  454  i
 455  950  455  455  i
 456  866  456  456  i
 457  359  457  457  i
 458  292  458  458  i
 459  297  459  459  i
 460  50  460  460  i
 461  1105  461  461  i
 462  1036  462  462  i
 463  940  463  463  i
 464  919  464  464  i
 465  280  465  465  i
 466  240  466  466  i
 467  1102  467  467  i
 468  542  468  468  i
 469  577  469  469  i
 470  683  470  470  i
 471  618  471  471  i
 472  65  472  472  i
 473  14  473  473  i
 474  623  474  474  i
 475  539  475  475  i
 476  398  476  476  i
 477  344  477  477  i
 478  46  478  478  i
 479  65  479  479  i
 480  22  480  480  i
 481  56  481  481  i
 482  193  482  482  i
 483  318  483  483  i
 484  668  484  484  i
 485  355  485  485  i
 486  96  486  486  i
 487  5  487  487  i
 488  111  488  488  i
 489  374  489  489  i
 490  546  490  490  i
 491  587  491  491  i
 492  490  492  492  i
 493  15  493  493  i
 494  5  494  494  i
 495  258  495  495  i
 496  330  496  496  i
 497  257  497  497  i
 498  262  498  498  i
 499  140  499  499  i
 500  3  500  500  i
 501  6  501  501  i
 502  110  502  502  i
 503  364  503  503  i
 504  478  504  504  i
 505  689  505  505  i
 506  594  506  506  i
 507  104  507  507  i
 508  53  508  508  i
 509  667  509  509  i
 510  1215  510  510  i
 511  1605  511  511  i
 512  1334  512  512  i
 513  1056  513  513  i
 514  82  514  514  i
 515  59  515  515  i
 516  683  516  516  i
 517  925  517  517  i
 518  977  518  518  i
 519  867  519  519  i
 520  731  520  520  i
 521  139  521  521  i
 522  53  522  522  i
 523  576  523  523  i
 524  607  524  524  i
 525  549  525  525  i
 526  455  526  526  i


