
# Curve 0 of 1, 163 points
# Curve title: "1st dose"
# x y xlow xhigh type
 365  211  365  365  i
 366  79  366  366  i
 367  78  367  367  i
 368  61  368  368  i
 369  254  369  369  i
 370  296  370  370  i
 371  197  371  371  i
 372  356  372  372  i
 373  548  373  373  i
 374  145  374  374  i
 375  132  375  375  i
 376  834  376  376  i
 377  770  377  377  i
 378  792  378  378  i
 379  862  379  379  i
 380  660  380  380  i
 381  174  381  381  i
 382  296  382  382  i
 383  1136  383  383  i
 384  937  384  384  i
 385  858  385  385  i
 386  626  386  386  i
 387  1045  387  387  i
 388  277  388  388  i
 389  160  389  389  i
 390  947  390  390  i
 391  870  391  391  i
 392  875  392  392  i
 393  205  393  393  i
 394  239  394  394  i
 395  17  395  395  i
 396  33  396  396  i
 397  128  397  397  i
 398  92  398  398  i
 399  174  399  399  i
 400  305  400  400  i
 401  229  401  401  i
 402  105  402  402  i
 403  128  403  403  i
 404  352  404  404  i
 405  383  405  405  i
 406  247  406  406  i
 407  468  407  407  i
 408  580  408  408  i
 409  154  409  409  i
 410  200  410  410  i
 411  609  411  411  i
 412  692  412  412  i
 413  738  413  413  i
 414  537  414  414  i
 415  329  415  415  i
 416  55  416  416  i
 417  73  417  417  i
 418  172  418  418  i
 419  362  419  419  i
 420  458  420  420  i
 421  758  421  421  i
 422  767  422  422  i
 423  121  423  423  i
 424  35  424  424  i
 425  979  425  425  i
 426  1386  426  426  i
 427  1463  427  427  i
 428  1800  428  428  i
 429  1662  429  429  i
 430  360  430  430  i
 431  311  431  431  i
 432  1473  432  432  i
 433  2081  433  433  i
 434  2542  434  434  i
 435  2767  435  435  i
 436  2214  436  436  i
 437  754  437  437  i
 438  414  438  438  i
 439  1480  439  439  i
 440  2016  440  440  i
 441  2428  441  441  i
 442  1949  442  442  i
 443  1854  443  443  i
 444  496  444  444  i
 445  418  445  445  i
 446  1491  446  446  i
 447  1325  447  447  i
 448  1432  448  448  i
 449  1286  449  449  i
 450  1610  450  450  i
 451  262  451  451  i
 452  109  452  452  i
 453  1354  453  453  i
 454  1392  454  454  i
 455  1701  455  455  i
 456  2130  456  456  i
 457  611  457  457  i
 458  310  458  458  i
 459  56  459  459  i
 460  94  460  460  i
 461  1477  461  461  i
 462  2397  462  462  i
 463  3039  463  463  i
 464  2829  464  464  i
 465  625  465  465  i
 466  222  466  466  i
 467  2417  467  467  i
 468  3191  468  468  i
 469  3011  469  469  i
 470  2987  470  470  i
 471  2629  471  471  i
 472  459  472  472  i
 473  442  473  473  i
 474  2578  474  474  i
 475  2985  475  475  i
 476  2646  476  476  i
 477  3070  477  477  i
 478  3127  478  478  i
 479  560  479  479  i
 480  486  480  480  i
 481  3352  481  481  i
 482  3348  482  482  i
 483  3292  483  483  i
 484  3541  484  484  i
 485  3317  485  485  i
 486  0  486  486  i
 487  408  487  487  i
 488  3707  488  488  i
 489  3869  489  489  i
 490  3898  490  490  i
 491  4039  491  491  i
 492  3791  492  492  i
 493  1327  493  493  i
 494  413  494  494  i
 495  4094  495  495  i
 496  4293  496  496  i
 497  4586  497  497  i
 498  5199  498  498  i
 499  4595  499  499  i
 500  1404  500  500  i
 501  776  501  501  i
 502  4318  502  502  i
 503  4173  503  503  i
 504  4080  504  504  i
 505  3493  505  505  i
 506  3479  506  506  i
 507  2114  507  507  i
 508  1208  508  508  i
 509  2236  509  509  i
 510  1590  510  510  i
 511  2876  511  511  i
 512  2952  512  512  i
 513  3053  513  513  i
 514  1693  514  514  i
 515  1373  515  515  i
 516  3107  516  516  i
 517  3084  517  517  i
 518  3218  518  518  i
 519  3188  519  519  i
 520  2653  520  520  i
 521  2887  521  521  i
 522  2042  522  522  i
 523  2713  523  523  i
 524  2714  524  524  i
 525  2610  525  525  i
 526  2056  526  526  i


