
# Curve 0 of 1, 363 points
# Curve title: "CFR predicted deaths"
# x y xlow xhigh type
-1  2611.8 -1 -1  i
 80  0.000165795  80  80  i
 81  0.000142131  81  81  i
 82  0.000251993  82  82  i
 83  0.000175266  83  83  i
 84  0.000180152  84  84  i
 85  0.00017396  85  85  i
 86  0.000327482  86  86  i
 87  0.000489646  87  87  i
 88  0.000345856  88  88  i
 89  0.000210625  89  89  i
 90  5.3809e-05  90  90  i
 91  0.000241192  91  91  i
 92  0.000285652  92  92  i
 93  0.000179827  93  93  i
 94  0.000590391  94  94  i
 95  0.000332334  95  95  i
 96  0.000250154  96  96  i
 97  0.000210625  97  97  i
 98  0.000490902  98  98  i
 99  0.000117332  99  99  i
 100  0.000355826  100  100  i
 101  0.000354112  101  101  i
 103  0.00021267  103  103  i
 104  0.00014695  104  104  i
 105  0.000111658  105  105  i
 106  3.68191e-05  106  106  i
 108  0.000111658  108  108  i
 112  3.49779e-05  112  112  i
 113  0.00032584  113  113  i
 115  4.79833e-05  115  115  i
 116  8.73264e-05  116  116  i
 117  0.000149985  117  117  i
 118  9.89669e-05  118  118  i
 120  0.000159388  120  120  i
 121  3.68191e-05  121  121  i
 122  4.4524e-05  122  122  i
 125  0.000106022  125  125  i
 127  0.000120396  127  127  i
 128  3.76955e-05  128  128  i
 130  0.000199376  130  130  i
 131  0.00032391  131  131  i
 133  2.62476e-05  133  133  i
 134  0.000422168  134  134  i
 135  0.000142131  135  135  i
 136  4.29625e-06  136  136  i
 137  0.000292874  137  137  i
 138  1.61991e-05  138  138  i
 139  4.25295e-05  139  139  i
 141  0.000176153  141  141  i
 142  4.25295e-05  142  142  i
 145  4.84719e-06  145  145  i
 147  4.86995e-05  147  147  i
 149  5.38946e-05  149  149  i
 150  6.96129e-06  150  150  i
 152  0.000116895  152  152  i
 154  1.31314e-05  154  154  i
 155  0.000111658  155  155  i
 156  0.000260751  156  156  i
 157  0.00022985  157  157  i
 159  0.000125977  159  159  i
 160  4.17638e-05  160  160  i
 162  0.000111658  162  162  i
 165  8.9749e-05  165  165  i
 168  9.99747e-06  168  168  i
 170  0.000125977  170  170  i
 171  1.82764e-05  171  171  i
 174  6.96129e-06  174  174  i
 175  0.00020321  175  175  i
 176  0.000211043  176  176  i
 177  0.000210625  177  177  i
 179  6.10787e-05  179  179  i
 181  0.000180569  181  181  i
 182  0.000309381  182  182  i
 183  9.89669e-05  183  183  i
 190  3.26342e-05  190  190  i
 192  0.00022985  192  192  i
 195  7.77481e-05  195  195  i
 196  0.000142131  196  196  i
 201  7.77481e-05  201  201  i
 202  0.000659892  202  202  i
 203  0.000153103  203  203  i
 204  0.000338523  204  204  i
 205  0.000491126  205  205  i
 206  0.000172737  206  206  i
 208  0.000368804  208  208  i
 209  0.000182909  209  209  i
 210  0.000116895  210  210  i
 211  0.00070931  211  211  i
 212  0.000180591  212  212  i
 213  0.000106607  213  213  i
 214  0.000293855  214  214  i
 215  0.000185619  215  215  i
 216  0.000911448  216  216  i
 217  0.00053858  217  217  i
 218  0.00126839  218  218  i
 219  0.000697723  219  219  i
 220  0.000256224  220  220  i
 221  0.000395931  221  221  i
 222  0.000314868  222  222  i
 223  0.000627282  223  223  i
 224  0.00040593  224  224  i
 225  0.00092234  225  225  i
 226  0.000900641  226  226  i
 227  0.000420429  227  227  i
 228  0.000362983  228  228  i
 229  0.000690098  229  229  i
 230  0.00135294  230  230  i
 231  0.0003545  231  231  i
 232  0.000731724  232  232  i
 233  0.000801301  233  233  i
 234  0.000755489  234  234  i
 236  0.000596371  236  236  i
 237  0.000309795  237  237  i
 238  0.000476981  238  238  i
 239  0.0013138  239  239  i
 240  0.00108657  240  240  i
 241  0.00089887  241  241  i
 242  0.000253789  242  242  i
 243  0.000257846  243  243  i
 244  0.00112886  244  244  i
 245  0.000889865  245  245  i
 246  0.000984919  246  246  i
 247  0.000853389  247  247  i
 248  0.00102925  248  248  i
 249  0.000238296  249  249  i
 250  0.000659471  250  250  i
 251  0.00121238  251  251  i
 252  0.00203474  252  252  i
 253  0.00135148  253  253  i
 254  0.00218526  254  254  i
 255  0.00142154  255  255  i
 256  0.000658043  256  256  i
 257  0.000971481  257  257  i
 258  0.00328477  258  258  i
 259  0.00293107  259  259  i
 260  0.00275406  260  260  i
 261  0.00514211  261  261  i
 262  0.00240957  262  262  i
 263  0.00103224  263  263  i
 264  0.00178888  264  264  i
 265  0.00468174  265  265  i
 266  0.00219268  266  266  i
 267  0.0053264  267  267  i
 268  0.0039526  268  268  i
 269  0.00876398  269  269  i
 270  0.00248059  270  270  i
 271  0.00180547  271  271  i
 272  0.00653124  272  272  i
 273  0.00379023  273  273  i
 274  0.00733646  274  274  i
 275  0.00596806  275  275  i
 276  0.00295855  276  276  i
 277  0.00225823  277  277  i
 278  0.00178599  278  278  i
 279  0.00358307  279  279  i
 280  0.00756401  280  280  i
 281  0.00616345  281  281  i
 282  0.00874778  282  282  i
 283  0.00461756  283  283  i
 284  0.00336663  284  284  i
 285  0.00348638  285  285  i
 286  0.00905456  286  286  i
 287  0.00902436  287  287  i
 288  0.00800174  288  288  i
 289  0.016941  289  289  i
 290  0.00870807  290  290  i
 291  0.00436414  291  291  i
 292  0.00442822  292  292  i
 293  0.018079  293  293  i
 294  0.0143365  294  294  i
 295  0.0164699  295  295  i
 296  0.0200857  296  296  i
 297  0.0138571  297  297  i
 298  0.00360947  298  298  i
 299  0.00841134  299  299  i
 300  0.0191662  300  300  i
 301  0.0239349  301  301  i
 302  0.0178474  302  302  i
 303  0.0327289  303  303  i
 304  0.0167682  304  304  i
 305  0.00510888  305  305  i
 306  0.00942043  306  306  i
 307  0.0247426  307  307  i
 308  0.0194855  308  308  i
 309  0.0178184  309  309  i
 310  0.0161285  310  310  i
 311  0.0112696  311  311  i
 312  0.00626504  312  312  i
 313  0.00713765  313  313  i
 314  0.0176286  314  314  i
 315  0.0395763  315  315  i
 316  0.0214058  316  316  i
 317  0.0175119  317  317  i
 318  0.0121802  318  318  i
 319  0.00340251  319  319  i
 320  0.00680336  320  320  i
 321  0.015708  321  321  i
 322  0.0107078  322  322  i
 323  0.00743773  323  323  i
 324  0.0110119  324  324  i
 325  0.00508075  325  325  i
 326  0.00272003  326  326  i
 327  0.00631367  327  327  i
 328  0.00561987  328  328  i
 329  0.00464176  329  329  i
 330  0.00835178  330  330  i
 331  0.00935422  331  331  i
 332  0.00551668  332  332  i
 333  0.00163746  333  333  i
 334  0.00529382  334  334  i
 335  0.00998607  335  335  i
 336  0.00689111  336  336  i
 337  0.00488387  337  337  i
 338  0.00867137  338  338  i
 339  0.00412366  339  339  i
 340  0.00146699  340  340  i
 341  0.00509175  341  341  i
 342  0.0100169  342  342  i
 343  0.00582174  343  343  i
 344  0.00750752  344  344  i
 345  0.00617211  345  345  i
 346  0.00454367  346  346  i
 347  0.00192539  347  347  i
 348  0.00845957  348  348  i
 349  0.00626753  349  349  i
 350  0.0118025  350  350  i
 351  0.00794034  351  351  i
 352  0.0106299  352  352  i
 353  0.00541676  353  353  i
 354  0.00318912  354  354  i
 355  0.00559898  355  355  i
 356  0.01078  356  356  i
 357  0.0109864  357  357  i
 358  0.00642431  358  358  i
 359  0.0191819  359  359  i
 360  0.00609929  360  360  i
 361  0.00630661  361  361  i
 362  0.00909122  362  362  i
 363  0.013093  363  363  i
 364  0.0312905  364  364  i
 365  0.00275236  365  365  i
 366  0.00355207  366  366  i
 367  0.00195535  367  367  i
 368  0.00298189  368  368  i
 369  0.00901529  369  369  i
 370  0.0189715  370  370  i
 371  0.0239046  371  371  i
 372  0.0146857  372  372  i
 373  0.00517122  373  373  i
 374  0.00485145  374  374  i
 375  0.00466526  375  375  i
 376  0.0151705  376  376  i
 377  0.0252001  377  377  i
 378  0.0302645  378  378  i
 379  0.0218486  379  379  i
 380  0.0208221  380  380  i
 381  0.0120388  381  381  i
 382  0.00494657  382  382  i
 383  0.00807538  383  383  i
 384  0.0160609  384  384  i
 385  0.0127404  385  385  i
 386  0.0116141  386  386  i
 387  0.0129864  387  387  i
 388  0.00784957  388  388  i
 389  0.00355332  389  389  i
 390  0.00600134  390  390  i
 391  0.00884604  391  391  i
 392  0.0111039  392  392  i
 393  0.00786641  393  393  i
 394  0.012868  394  394  i
 395  0.00430507  395  395  i
 396  0.00250326  396  396  i
 397  0.00783659  397  397  i
 398  0.0116602  398  398  i
 399  0.0109673  399  399  i
 400  0.00741828  400  400  i
 401  0.00989014  401  401  i
 402  0.00352957  402  402  i
 403  0.00182462  403  403  i
 404  0.00849096  404  404  i
 405  0.00952403  405  405  i
 406  0.0109662  406  406  i
 407  0.00783059  407  407  i
 408  0.00956257  408  408  i
 409  0.00579252  409  409  i
 410  0.00310631  410  410  i
 411  0.00849985  411  411  i
 412  0.0114429  412  412  i
 413  0.0116531  413  413  i
 414  0.0103999  414  414  i
 415  0.0117327  415  415  i
 416  0.00202998  416  416  i
 417  0.00465383  417  417  i
 418  0.00838403  418  418  i
 419  0.0152116  419  419  i
 420  0.00987051  420  420  i
 421  0.0102261  421  421  i
 422  0.0124086  422  422  i
 423  0.00354301  423  423  i
 424  0.00694309  424  424  i
 425  0.0145755  425  425  i
 426  0.0185822  426  426  i
 427  0.0164264  427  427  i
 428  0.0206556  428  428  i
 429  0.015064  429  429  i
 430  0.0112876  430  430  i
 431  0.00613523  431  431  i
 432  0.0152047  432  432  i
 433  0.0197971  433  433  i
 434  0.0197808  434  434  i
 435  0.0169217  435  435  i
 436  0.0186396  436  436  i
 437  0.0118699  437  437  i
 438  0.00621477  438  438  i
 439  0.0120844  439  439  i
 440  0.0215915  440  440  i
 441  0.0178652  441  441  i
 442  0.0126152  442  442  i
 443  0.0214793  443  443  i
 444  0.0126334  444  444  i
 445  0.00330512  445  445  i
 446  0.0129134  446  446  i
 447  0.0222117  447  447  i
 448  0.0164411  448  448  i
 449  0.0164856  449  449  i
 450  0.0147232  450  450  i
 451  0.00470464  451  451  i
 452  0.00383026  452  452  i
 453  0.0119807  453  453  i
 454  0.0172856  454  454  i
 455  0.0114944  455  455  i
 456  0.0138941  456  456  i
 457  0.00834921  457  457  i
 458  0.00749519  458  458  i
 459  0.00220599  459  459  i
 460  0.00959712  460  460  i
 461  0.0138675  461  461  i
 462  0.0119001  462  462  i
 463  0.0111617  463  463  i
 464  0.00766711  464  464  i
 465  0.00299551  465  465  i
 466  0.00200672  466  466  i
 467  0.00106007  467  467  i
 468  0.00761843  468  468  i
 469  0.0101232  469  469  i
 470  0.00636463  470  470  i
 471  0.00860537  471  471  i
 472  0.00330113  472  472  i
 473  0.00101853  473  473  i
 474  0.00396484  474  474  i
 475  0.0077441  475  475  i
 476  0.00459797  476  476  i
 477  0.00636786  477  477  i
 478  0.00395065  478  478  i
 479  0.00243424  479  479  i
 480  0.000850495  480  480  i
 481  0.00569198  481  481  i
 482  0.0068795  482  482  i
 483  0.0034507  483  483  i
 484  0.00539884  484  484  i
 485  0.00340975  485  485  i


