
# Curve 0 of 1, 360 points
# Curve title: "daily incidence"
# x y xlow xhigh type
-1  130938 -1 -1  i
 70  1  70  70  i
 72  1  72  72  i
 73  2  73  73  i
 74  3  74  74  i
 75  1  75  75  i
 76  4  76  76  i
 77  1  77  77  i
 78  2  78  78  i
 79  3  79  79  i
 80  5  80  80  i
 83  2  83  83  i
 84  3  84  84  i
 85  1  85  85  i
 86  6  86  86  i
 88  4  88  88  i
 90  1  90  90  i
 91  1  91  91  i
 92  4  92  92  i
 94  2  94  94  i
 95  4  95  95  i
 96  3  96  96  i
 97  1  97  97  i
 98  1  98  98  i
 100  2  100  100  i
 102  1  102  102  i
 107  2  107  107  i
 108  1  108  108  i
 110  1  110  110  i
 112  1  112  112  i
 114  1  114  114  i
 115  1  115  115  i
 119  1  119  119  i
 123  1  123  123  i
 124  2  124  124  i
 127  1  127  127  i
 131  1  131  131  i
 132  1  132  132  i
 138  1  138  138  i
 145  1  145  145  i
 147  2  147  147  i
 149  3  149  149  i
 151  1  151  151  i
 152  2  152  152  i
 153  2  153  153  i
 156  2  156  156  i
 157  1  157  157  i
 158  2  158  158  i
 162  1  162  162  i
 163  1  163  163  i
 166  1  166  166  i
 168  1  168  168  i
 170  1  170  170  i
 173  1  173  173  i
 174  1  174  174  i
 175  3  175  175  i
 178  1  178  178  i
 183  2  183  183  i
 188  1  188  188  i
 189  1  189  189  i
 190  1  190  190  i
 191  2  191  191  i
 192  1  192  192  i
 195  2  195  195  i
 196  1  196  196  i
 197  3  197  197  i
 198  7  198  198  i
 201  2  201  201  i
 202  3  202  202  i
 203  2  203  203  i
 204  5  204  204  i
 205  6  205  205  i
 206  1  206  206  i
 208  4  208  208  i
 209  5  209  209  i
 210  12  210  210  i
 211  10  211  211  i
 212  4  212  212  i
 213  3  213  213  i
 214  6  214  214  i
 216  7  216  216  i
 217  5  217  217  i
 218  3  218  218  i
 219  3  219  219  i
 220  3  220  220  i
 222  3  222  222  i
 223  2  223  223  i
 225  7  225  225  i
 226  2  226  226  i
 227  5  227  227  i
 229  4  229  229  i
 230  5  230  230  i
 231  4  231  231  i
 232  7  232  232  i
 233  12  233  233  i
 234  4  234  234  i
 235  1  235  235  i
 236  1  236  236  i
 237  8  237  237  i
 238  6  238  238  i
 239  6  239  239  i
 240  12  240  240  i
 241  11  241  241  i
 242  4  242  242  i
 243  3  243  243  i
 244  11  244  244  i
 245  10  245  245  i
 246  15  246  246  i
 247  16  247  247  i
 248  6  248  248  i
 249  9  249  249  i
 250  9  250  250  i
 251  21  251  251  i
 252  20  252  252  i
 253  16  253  253  i
 254  43  254  254  i
 255  17  255  255  i
 256  16  256  256  i
 257  18  257  257  i
 258  35  258  258  i
 259  18  259  259  i
 260  36  260  260  i
 261  34  261  261  i
 262  57  262  262  i
 263  23  263  263  i
 264  15  264  264  i
 265  63  265  265  i
 266  33  266  266  i
 267  70  267  267  i
 268  42  268  268  i
 269  37  269  269  i
 270  17  270  270  i
 271  13  271  271  i
 272  23  272  272  i
 273  59  273  273  i
 274  66  274  274  i
 275  87  275  275  i
 276  28  276  276  i
 277  19  277  277  i
 278  31  278  278  i
 279  99  279  279  i
 280  113  280  280  i
 281  91  281  281  i
 282  172  282  282  i
 283  90  283  283  i
 284  43  284  284  i
 285  38  285  285  i
 286  210  286  286  i
 287  164  287  287  i
 288  184  288  288  i
 289  245  289  289  i
 290  148  290  290  i
 291  34  291  291  i
 292  104  292  292  i
 293  267  293  293  i
 294  239  294  294  i
 295  174  295  295  i
 296  378  296  296  i
 297  197  297  297  i
 298  64  298  298  i
 299  104  299  299  i
 300  337  300  300  i
 301  236  301  301  i
 302  180  302  302  i
 303  212  303  303  i
 304  98  304  304  i
 305  60  305  305  i
 306  88  306  306  i
 307  165  307  307  i
 308  382  308  308  i
 309  195  309  309  i
 310  171  310  310  i
 311  100  311  311  i
 312  34  312  312  i
 313  84  313  313  i
 314  149  314  314  i
 315  106  315  315  i
 316  122  316  316  i
 317  116  317  317  i
 318  49  318  318  i
 319  26  319  319  i
 320  87  320  320  i
 321  75  321  321  i
 322  69  322  322  i
 323  100  323  323  i
 324  74  324  324  i
 325  51  325  325  i
 326  23  326  326  i
 327  59  327  327  i
 328  87  328  328  i
 329  87  329  329  i
 330  46  330  330  i
 331  76  331  331  i
 332  35  332  332  i
 333  14  333  333  i
 334  41  334  334  i
 335  100  335  335  i
 336  81  336  336  i
 337  78  337  337  i
 338  67  338  338  i
 339  34  339  339  i
 340  9  340  340  i
 341  87  341  341  i
 342  61  342  342  i
 343  144  343  343  i
 344  79  344  344  i
 345  130  345  345  i
 346  53  346  346  i
 347  34  347  347  i
 348  67  348  348  i
 349  95  349  349  i
 350  122  350  350  i
 351  74  351  351  i
 352  225  352  352  i
 353  56  353  353  i
 354  69  354  354  i
 355  114  355  355  i
 356  157  356  356  i
 357  361  357  357  i
 358  34  358  358  i
 359  42  359  359  i
 360  27  360  360  i
 361  39  361  361  i
 362  114  362  362  i
 363  263  363  363  i
 364  306  364  364  i
 365  208  365  365  i
 366  62  366  366  i
 367  72  367  367  i
 368  62  368  368  i
 369  162  369  369  i
 370  292  370  370  i
 371  312  371  371  i
 372  245  372  372  i
 373  247  373  373  i
 374  111  374  374  i
 375  66  375  375  i
 376  118  376  376  i
 377  159  377  377  i
 378  159  378  378  i
 379  117  379  379  i
 380  138  380  380  i
 381  99  381  381  i
 382  48  382  382  i
 383  79  383  383  i
 384  114  384  384  i
 385  133  385  385  i
 386  124  386  386  i
 387  135  387  387  i
 388  61  388  388  i
 389  38  389  389  i
 390  87  390  390  i
 391  137  391  391  i
 392  141  392  392  i
 393  88  393  393  i
 394  110  394  394  i
 395  40  395  395  i
 396  21  396  396  i
 397  111  397  397  i
 398  128  398  398  i
 399  136  399  399  i
 400  98  400  400  i
 401  117  401  401  i
 402  65  402  402  i
 403  33  403  403  i
 404  111  404  404  i
 405  152  405  405  i
 406  117  406  406  i
 407  119  407  407  i
 408  137  408  408  i
 409  25  409  409  i
 410  54  410  410  i
 411  127  411  411  i
 412  200  412  412  i
 413  118  413  413  i
 414  131  414  414  i
 415  165  415  415  i
 416  45  416  416  i
 417  62  417  417  i
 418  182  418  418  i
 419  227  419  419  i
 420  186  420  420  i
 421  224  421  421  i
 422  198  422  422  i
 423  122  423  423  i
 424  44  424  424  i
 425  186  425  425  i
 426  286  426  426  i
 427  263  427  427  i
 428  205  428  428  i
 429  257  429  429  i
 430  103  430  430  i
 431  49  431  431  i
 432  150  432  432  i
 433  270  433  433  i
 434  174  434  434  i
 435  122  435  435  i
 436  239  436  436  i
 437  104  437  437  i
 438  42  438  438  i
 439  153  439  439  i
 440  212  440  440  i
 441  185  441  441  i
 442  147  442  442  i
 443  171  443  443  i
 444  64  444  444  i
 445  32  445  445  i
 446  120  446  446  i
 447  176  447  447  i
 448  119  448  448  i
 449  142  449  449  i
 450  118  450  450  i
 451  73  451  451  i
 452  27  452  452  i
 453  111  453  453  i
 454  120  454  454  i
 455  124  455  455  i
 456  113  456  456  i
 457  65  457  457  i
 458  28  458  458  i
 459  27  459  459  i
 460  18  460  460  i
 461  91  461  461  i
 462  141  462  462  i
 463  76  463  463  i
 464  78  464  464  i
 465  39  465  465  i
 466  11  466  466  i
 467  56  467  467  i
 468  86  468  468  i
 469  57  469  469  i
 470  61  470  470  i
 471  59  471  471  i
 472  35  472  472  i
 473  12  473  473  i
 474  70  474  474  i
 475  72  475  475  i
 476  53  476  476  i
 477  58  477  477  i
 478  32  478  478  i
 479  24  479  479  i
 480  28  480  480  i
 481  43  481  481  i
 482  78  482  482  i
 483  46  483  483  i
 484  39  484  484  i
 485  42  485  485  i
 486  11  486  486  i
 487  12  487  487  i
 488  22  488  488  i
 489  46  489  489  i
 490  28  490  490  i
 491  28  491  491  i
 492  28  492  492  i
 493  13  493  493  i
 494  10  494  494  i
 495  27  495  495  i
 496  36  496  496  i
 497  37  497  497  i


