
# Curve 0 of 1, 340 points
# Curve title: "daily incidence"
# x y xlow xhigh type
-1  121446 -1 -1  i
 74  1  74  74  i
 75  1  75  75  i
 76  1  76  76  i
 77  1  77  77  i
 78  5  78  78  i
 80  2  80  80  i
 81  1  81  81  i
 82  1  82  82  i
 83  4  83  83  i
 84  1  84  84  i
 85  1  85  85  i
 86  5  86  86  i
 88  3  88  88  i
 89  3  89  89  i
 90  1  90  90  i
 91  7  91  91  i
 92  5  92  92  i
 93  4  93  93  i
 94  6  94  94  i
 95  1  95  95  i
 97  4  97  97  i
 98  2  98  98  i
 99  2  99  99  i
 100  3  100  100  i
 102  1  102  102  i
 104  1  104  104  i
 105  3  105  105  i
 106  2  106  106  i
 107  1  107  107  i
 108  1  108  108  i
 111  2  111  111  i
 112  4  112  112  i
 113  2  113  113  i
 114  3  114  114  i
 115  1  115  115  i
 117  1  117  117  i
 119  1  119  119  i
 126  2  126  126  i
 127  1  127  127  i
 128  1  128  128  i
 131  2  131  131  i
 132  1  132  132  i
 134  1  134  134  i
 137  1  137  137  i
 147  1  147  147  i
 148  2  148  148  i
 150  1  150  150  i
 151  1  151  151  i
 156  1  156  156  i
 157  1  157  157  i
 158  1  158  158  i
 162  1  162  162  i
 164  1  164  164  i
 167  1  167  167  i
 168  1  168  168  i
 170  1  170  170  i
 171  1  171  171  i
 175  6  175  175  i
 177  1  177  177  i
 178  1  178  178  i
 183  2  183  183  i
 185  2  185  185  i
 186  1  186  186  i
 188  1  188  188  i
 189  2  189  189  i
 190  1  190  190  i
 192  2  192  192  i
 197  4  197  197  i
 198  5  198  198  i
 199  2  199  199  i
 201  5  201  201  i
 202  6  202  202  i
 204  2  204  204  i
 208  4  208  208  i
 209  5  209  209  i
 210  5  210  210  i
 211  3  211  211  i
 213  1  213  213  i
 216  8  216  216  i
 217  1  217  217  i
 218  3  218  218  i
 219  3  219  219  i
 221  1  221  221  i
 222  3  222  222  i
 223  3  223  223  i
 224  2  224  224  i
 225  2  225  225  i
 226  7  226  226  i
 227  6  227  227  i
 228  1  228  228  i
 229  2  229  229  i
 230  4  230  230  i
 231  6  231  231  i
 232  3  232  232  i
 233  9  233  233  i
 236  2  236  236  i
 237  9  237  237  i
 238  4  238  238  i
 239  7  239  239  i
 240  9  240  240  i
 241  9  241  241  i
 242  6  242  242  i
 243  4  243  243  i
 244  14  244  244  i
 245  16  245  245  i
 246  18  246  246  i
 247  30  247  247  i
 248  10  248  248  i
 249  5  249  249  i
 250  5  250  250  i
 251  16  251  251  i
 252  23  252  252  i
 253  21  253  253  i
 254  47  254  254  i
 255  16  255  255  i
 256  10  256  256  i
 257  18  257  257  i
 258  43  258  258  i
 259  26  259  259  i
 260  58  260  260  i
 261  33  261  261  i
 262  64  262  262  i
 263  24  263  263  i
 264  21  264  264  i
 265  46  265  265  i
 266  40  266  266  i
 267  78  267  267  i
 268  59  268  268  i
 269  32  269  269  i
 270  18  270  270  i
 271  15  271  271  i
 272  47  272  272  i
 273  77  273  273  i
 274  90  274  274  i
 275  91  275  275  i
 276  41  276  276  i
 277  35  277  277  i
 278  41  278  278  i
 279  139  279  279  i
 280  116  280  280  i
 281  121  281  281  i
 282  234  282  282  i
 283  91  283  283  i
 284  65  284  284  i
 285  61  285  285  i
 286  292  286  286  i
 287  223  287  287  i
 288  247  288  288  i
 289  248  289  289  i
 290  207  290  290  i
 291  45  291  291  i
 292  127  292  292  i
 293  323  293  293  i
 294  346  294  294  i
 295  252  295  295  i
 296  481  296  296  i
 297  264  297  297  i
 298  72  298  298  i
 299  164  299  299  i
 300  421  300  300  i
 301  305  301  301  i
 302  284  302  302  i
 303  297  303  303  i
 304  156  304  304  i
 305  70  305  305  i
 306  128  306  306  i
 307  290  307  307  i
 308  532  308  308  i
 309  295  309  309  i
 310  218  310  310  i
 311  147  311  311  i
 312  35  312  312  i
 313  100  313  313  i
 314  224  314  314  i
 315  180  315  315  i
 316  146  316  316  i
 317  157  317  317  i
 318  53  318  318  i
 319  40  319  319  i
 320  77  320  320  i
 321  108  321  321  i
 322  81  322  322  i
 323  125  323  323  i
 324  118  324  324  i
 325  57  325  325  i
 326  18  326  326  i
 327  78  327  327  i
 328  134  328  328  i
 329  86  329  329  i
 330  67  330  330  i
 331  92  331  331  i
 332  45  332  332  i
 333  21  333  333  i
 334  68  334  334  i
 335  124  335  335  i
 336  79  336  336  i
 337  94  337  337  i
 338  87  338  338  i
 339  42  339  339  i
 340  12  340  340  i
 341  89  341  341  i
 342  84  342  342  i
 343  159  343  343  i
 344  128  344  344  i
 345  121  345  345  i
 346  60  346  346  i
 347  22  347  347  i
 348  84  348  348  i
 349  126  349  349  i
 350  158  350  350  i
 351  95  351  351  i
 352  221  352  352  i
 353  60  353  353  i
 354  61  354  354  i
 355  143  355  355  i
 356  208  356  356  i
 357  417  357  357  i
 358  33  358  358  i
 359  45  359  359  i
 360  38  360  360  i
 361  44  361  361  i
 362  183  362  362  i
 363  330  363  363  i
 364  375  364  364  i
 365  248  365  365  i
 366  84  366  366  i
 367  81  367  367  i
 368  72  368  368  i
 369  233  369  369  i
 370  397  370  370  i
 371  407  371  371  i
 372  302  372  372  i
 373  330  373  373  i
 374  111  374  374  i
 375  43  375  375  i
 376  132  376  376  i
 377  237  377  377  i
 378  203  378  378  i
 379  175  379  379  i
 380  181  380  380  i
 381  117  381  381  i
 382  41  382  382  i
 383  148  383  383  i
 384  137  384  384  i
 385  160  385  385  i
 386  127  386  386  i
 387  163  387  387  i
 388  64  388  388  i
 389  48  389  389  i
 390  113  390  390  i
 391  139  391  391  i
 392  165  392  392  i
 393  139  393  393  i
 394  154  394  394  i
 395  48  395  395  i
 396  41  396  396  i
 397  123  397  397  i
 398  150  398  398  i
 399  218  399  399  i
 400  104  400  400  i
 401  162  401  401  i
 402  79  402  402  i
 403  43  403  403  i
 404  150  404  404  i
 405  212  405  405  i
 406  155  406  406  i
 407  128  407  407  i
 408  165  408  408  i
 409  35  409  409  i
 410  73  410  410  i
 411  130  411  411  i
 412  227  412  412  i
 413  166  413  413  i
 414  185  414  414  i
 415  207  415  415  i
 416  45  416  416  i
 417  74  417  417  i
 418  223  418  418  i
 419  258  419  419  i
 420  213  420  420  i
 421  234  421  421  i
 422  219  422  422  i
 423  132  423  423  i
 424  64  424  424  i
 425  226  425  425  i
 426  307  426  426  i
 427  301  427  427  i
 428  258  428  428  i
 429  271  429  429  i
 430  138  430  430  i
 431  58  431  431  i
 432  219  432  432  i
 433  300  433  433  i
 434  233  434  434  i
 435  190  435  435  i
 436  296  436  436  i
 437  152  437  437  i
 438  51  438  438  i
 439  208  439  439  i
 440  297  440  440  i
 441  220  441  441  i
 442  204  442  442  i
 443  190  443  443  i
 444  87  444  444  i
 445  41  445  445  i
 446  158  446  446  i
 447  211  447  447  i
 448  158  448  448  i
 449  183  449  449  i
 450  125  450  450  i
 451  79  451  451  i
 452  21  452  452  i
 453  143  453  453  i
 454  187  454  454  i
 455  168  455  455  i
 456  137  456  456  i
 457  68  457  457  i
 458  26  458  458  i
 459  31  459  459  i
 460  13  460  460  i
 461  93  461  461  i
 462  173  462  462  i
 463  93  463  463  i
 464  102  464  464  i
 465  48  465  465  i
 466  19  466  466  i
 467  77  467  467  i
 468  107  468  468  i
 469  68  469  469  i
 470  72  470  470  i
 471  50  471  471  i
 472  39  472  472  i
 473  11  473  473  i
 474  81  474  474  i
 475  86  475  475  i
 476  55  476  476  i
 477  63  477  477  i
 478  51  478  478  i


