
# Curve 0 of 1, 137 points
# Curve title: "2nd dose"
# x y xlow xhigh type
 361  0  361  361  i
 362  0  362  362  i
 363  0  363  363  i
 364  0  364  364  i
 365  0  365  365  i
 366  0  366  366  i
 367  0  367  367  i
 368  0  368  368  i
 369  0  369  369  i
 370  0  370  370  i
 371  0  371  371  i
 372  0  372  372  i
 373  0  373  373  i
 374  0  374  374  i
 375  0  375  375  i
 376  0  376  376  i
 377  0  377  377  i
 378  0  378  378  i
 379  0  379  379  i
 380  0  380  380  i
 381  0  381  381  i
 382  5  382  382  i
 383  617  383  383  i
 384  1218  384  384  i
 385  1394  385  385  i
 386  1000  386  386  i
 387  448  387  387  i
 388  7  388  388  i
 389  2  389  389  i
 390  52  390  390  i
 391  117  391  391  i
 392  203  392  392  i
 393  681  393  393  i
 394  654  394  394  i
 395  69  395  395  i
 396  43  396  396  i
 397  1194  397  397  i
 398  2069  398  398  i
 399  1822  399  399  i
 400  2166  400  400  i
 401  1635  401  401  i
 402  51  402  402  i
 403  48  403  403  i
 404  1167  404  404  i
 405  979  405  405  i
 406  1479  406  406  i
 407  1396  407  407  i
 408  1125  408  408  i
 409  54  409  409  i
 410  1  410  410  i
 411  1129  411  411  i
 412  1135  412  412  i
 413  1234  413  413  i
 414  1501  414  414  i
 415  859  415  415  i
 417  0  417  417  i
 418  452  418  418  i
 419  424  419  419  i
 420  386  420  420  i
 421  375  421  421  i
 422  421  422  422  i
 423  0  423  423  i
 424  0  424  424  i
 425  279  425  425  i
 426  229  426  426  i
 427  314  427  427  i
 428  621  428  428  i
 429  525  429  429  i
 430  142  430  430  i
 431  97  431  431  i
 432  397  432  432  i
 433  1000  433  433  i
 434  705  434  434  i
 435  881  435  435  i
 436  372  436  436  i
 437  2  437  437  i
 438  17  438  438  i
 439  1590  439  439  i
 440  1814  440  440  i
 441  1785  441  441  i
 442  1908  442  442  i
 443  1358  443  443  i
 444  7  444  444  i
 445  5  445  445  i
 446  2094  446  446  i
 447  2621  447  447  i
 448  2908  448  448  i
 449  2933  449  449  i
 450  2308  450  450  i
 451  26  451  451  i
 452  2  452  452  i
 453  2999  453  453  i
 454  3060  454  454  i
 455  2748  455  455  i
 456  4241  456  456  i
 457  4  457  457  i
 458  175  458  458  i
 459  63  459  459  i
 460  1  460  460  i
 461  3088  461  461  i
 462  3146  462  462  i
 463  2825  463  463  i
 464  3922  464  464  i
 465  2079  465  465  i
 466  1676  466  466  i
 467  3721  467  467  i
 468  3031  468  468  i
 469  3664  469  469  i
 470  3877  470  470  i
 471  3897  471  471  i
 472  272  472  472  i
 473  196  473  473  i
 474  1534  474  474  i
 475  1528  475  475  i
 476  1362  476  476  i
 477  1292  477  477  i
 478  456  478  478  i
 479  149  479  479  i
 480  154  480  480  i
 481  500  481  481  i
 482  470  482  482  i
 483  373  483  483  i
 484  586  484  484  i
 485  389  485  485  i
 486  75  486  486  i
 487  5  487  487  i
 488  328  488  488  i
 489  321  489  489  i
 490  581  490  490  i
 491  687  491  491  i
 492  879  492  492  i
 493  89  493  493  i
 494  3  494  494  i
 495  899  495  495  i
 496  1315  496  496  i
 497  1146  497  497  i


