
# Curve 0 of 1, 166 points
# Curve title: "1st dose"
# x y xlow xhigh type
 361  72  361  361  i
 362  973  362  362  i
 363  1790  363  363  i
 364  1553  364  364  i
 365  640  365  365  i
 366  30  366  366  i
 367  138  367  367  i
 368  86  368  368  i
 369  61  369  369  i
 370  77  370  370  i
 371  132  371  371  i
 372  691  372  372  i
 373  779  373  373  i
 374  55  374  374  i
 375  68  375  375  i
 376  1359  376  376  i
 377  2457  377  377  i
 378  2114  378  378  i
 379  2244  379  379  i
 380  1909  380  380  i
 381  50  381  381  i
 382  62  382  382  i
 383  1271  383  383  i
 384  1235  384  384  i
 385  1433  385  385  i
 386  1330  386  386  i
 387  1047  387  387  i
 388  5  388  388  i
 389  124  389  389  i
 390  977  390  390  i
 391  1019  391  391  i
 392  1151  392  392  i
 393  1192  393  393  i
 394  756  394  394  i
 395  5  395  395  i
 396  7  396  396  i
 397  320  397  397  i
 398  372  398  398  i
 399  394  399  399  i
 400  627  400  400  i
 401  560  401  401  i
 402  0  402  402  i
 403  4  403  403  i
 404  302  404  404  i
 405  433  405  405  i
 406  378  406  406  i
 407  532  407  407  i
 408  429  408  408  i
 409  145  409  409  i
 410  95  410  410  i
 411  670  411  411  i
 412  1195  412  412  i
 413  852  413  413  i
 414  911  414  414  i
 415  347  415  415  i
 417  47  417  417  i
 418  1413  418  418  i
 419  1786  419  419  i
 420  2065  420  420  i
 421  2244  421  421  i
 422  1617  422  422  i
 423  50  423  423  i
 424  191  424  424  i
 425  2466  425  425  i
 426  3143  426  426  i
 427  3526  427  427  i
 428  3843  428  428  i
 429  2875  429  429  i
 430  314  430  430  i
 431  282  431  431  i
 432  3700  432  432  i
 433  4077  433  433  i
 434  4666  434  434  i
 435  5617  435  435  i
 436  3322  436  436  i
 437  1725  437  437  i
 438  1549  438  438  i
 439  3512  439  439  i
 440  5469  440  440  i
 441  5802  441  441  i
 442  6487  442  442  i
 443  6578  443  443  i
 444  1100  444  444  i
 445  511  445  445  i
 446  2688  446  446  i
 447  2463  447  447  i
 448  2583  448  448  i
 449  2575  449  449  i
 450  2306  450  450  i
 451  255  451  451  i
 452  200  452  452  i
 453  2142  453  453  i
 454  3364  454  454  i
 455  2997  455  455  i
 456  2615  456  456  i
 457  214  457  457  i
 458  154  458  458  i
 459  162  459  459  i
 460  137  460  460  i
 461  1925  461  461  i
 462  2682  462  462  i
 463  4430  463  463  i
 464  2614  464  464  i
 465  221  465  465  i
 466  303  466  466  i
 467  3349  467  467  i
 468  4579  468  468  i
 469  5496  469  469  i
 470  5249  470  470  i
 471  3848  471  471  i
 472  1111  472  472  i
 473  1025  473  473  i
 474  6058  474  474  i
 475  5983  475  475  i
 476  5912  476  476  i
 477  6534  477  477  i
 478  5627  478  478  i
 479  1163  479  479  i
 480  1141  480  480  i
 481  6665  481  481  i
 482  6746  482  482  i
 483  7298  483  483  i
 484  7721  484  484  i
 485  6809  485  485  i
 486  1285  486  486  i
 487  1264  487  487  i
 488  9002  488  488  i
 489  9300  489  489  i
 490  9099  490  490  i
 491  10375  491  491  i
 492  8483  492  492  i
 493  1294  493  493  i
 494  1386  494  494  i
 495  8900  495  495  i
 496  8427  496  496  i
 497  8721  497  497  i
 498  9314  498  498  i
 499  8069  499  499  i
 500  1369  500  500  i
 501  1281  501  501  i
 502  9411  502  502  i
 503  8461  503  503  i
 504  8250  504  504  i
 505  8999  505  505  i
 506  10068  506  506  i
 507  1847  507  507  i
 508  1757  508  508  i
 509  5277  509  509  i
 510  5289  510  510  i
 511  9612  511  511  i
 512  9596  512  512  i
 513  9874  513  513  i
 514  937  514  514  i
 515  874  515  515  i
 516  7934  516  516  i
 517  7754  517  517  i
 518  7636  518  518  i
 519  7381  519  519  i
 520  7200  520  520  i
 521  846  521  521  i
 522  707  522  522  i
 523  8288  523  523  i
 524  7223  524  524  i
 525  5641  525  525  i
 526  3893  526  526  i


